0.0000	0.0000	0.0000	0.181163500
10.0000	0.0000	0.0000	0.404627170
20.0000	0.0000	0.0000	1.487886900
30.0000	0.0000	0.0000	1.022754200
40.0000	0.0000	0.0000	0.571638170
50.0000	0.0000	0.0000	0.807136830
60.0000	0.0000	0.0000	1.336159500
70.0000	0.0000	0.0000	1.384633500
80.0000	0.0000	0.0000	0.240489800
90.0000	0.0000	0.0000	0.183693000
100.0000	0.0000	0.0000	0.466596250
110.0000	0.0000	0.0000	1.773398300
120.0000	0.0000	0.0000	2.954254600
130.0000	0.0000	0.0000	3.227575500
140.0000	0.0000	0.0000	3.655815100
150.0000	0.0000	0.0000	3.421908100
160.0000	0.0000	0.0000	1.531161800
170.0000	0.0000	0.0000	0.331846740
180.0000	0.0000	0.0000	0.183195520
190.0000	0.0000	0.0000	0.411445620
200.0000	0.0000	0.0000	1.849976900
210.0000	0.0000	0.0000	0.877806400
220.0000	0.0000	0.0000	0.521858600
230.0000	0.0000	0.0000	0.605844200
240.0000	0.0000	0.0000	0.941541430
250.0000	0.0000	0.0000	0.968560640
260.0000	0.0000	0.0000	0.199818550
270.0000	0.0000	0.0000	0.162143620
280.0000	0.0000	0.0000	0.412565620
290.0000	0.0000	0.0000	1.511857900
300.0000	0.0000	0.0000	2.148843300
310.0000	0.0000	0.0000	2.094203700
320.0000	0.0000	0.0000	2.560752000
330.0000	0.0000	0.0000	2.801052600
340.0000	0.0000	0.0000	1.152964400
350.0000	0.0000	0.0000	0.287996440
360.0000	0.0000	0.0000	1.000000000
0.0000	10.0000	0.0000	0.227129120
10.0000	10.0000	0.0000	1.220015000
20.0000	10.0000	0.0000	4.478925000
30.0000	10.0000	0.0000	0.500879940
40.0000	10.0000	0.0000	1.413160200
50.0000	10.0000	0.0000	3.547716000
60.0000	10.0000	0.0000	1.310849700
70.0000	10.0000	0.0000	1.775098400
80.0000	10.0000	0.0000	0.175552820
90.0000	10.0000	0.0000	0.195889760
100.0000	10.0000	0.0000	1.005251800
110.0000	10.0000	0.0000	2.937587000
120.0000	10.0000	0.0000	2.278595400
130.0000	10.0000	0.0000	2.602140700
140.0000	10.0000	0.0000	3.998514700
150.0000	10.0000	0.0000	4.454324000
160.0000	10.0000	0.0000	1.827624600
170.0000	10.0000	0.0000	0.499719020
180.0000	10.0000	0.0000	0.246521790
190.0000	10.0000	0.0000	1.795485600
200.0000	10.0000	0.0000	1.306075500
210.0000	10.0000	0.0000	0.385954830
220.0000	10.0000	0.0000	0.512012240
230.0000	10.0000	0.0000	1.551461300
240.0000	10.0000	0.0000	0.964242600
250.0000	10.0000	0.0000	1.102239100
260.0000	10.0000	0.0000	0.422485700
270.0000	10.0000	0.0000	0.321048050
280.0000	10.0000	0.0000	1.117359400
290.0000	10.0000	0.0000	2.814343700
300.0000	10.0000	0.0000	3.109325200
310.0000	10.0000	0.0000	4.119939000
320.0000	10.0000	0.0000	3.408855200
330.0000	10.0000	0.0000	2.505467000
340.0000	10.0000	0.0000	1.438584300
350.0000	10.0000	0.0000	0.616721450
360.0000	10.0000	0.0000	1.000000000
0.0000	20.0000	0.0000	0.326042860
10.0000	20.0000	0.0000	0.777703760
20.0000	20.0000	0.0000	2.447321700
30.0000	20.0000	0.0000	1.470479400
40.0000	20.0000	0.0000	1.567674500
50.0000	20.0000	0.0000	1.239459600
60.0000	20.0000	0.0000	0.176874940
70.0000	20.0000	0.0000	0.196377580
80.0000	20.0000	0.0000	0.081530950
90.0000	20.0000	0.0000	0.125751700
100.0000	20.0000	0.0000	0.669884740
110.0000	20.0000	0.0000	0.783136800
120.0000	20.0000	0.0000	0.776263060
130.0000	20.0000	0.0000	0.999465600
140.0000	20.0000	0.0000	0.640658440
150.0000	20.0000	0.0000	0.986085060
160.0000	20.0000	0.0000	1.324734200
170.0000	20.0000	0.0000	0.544620450
180.0000	20.0000	0.0000	0.368935020
190.0000	20.0000	0.0000	0.710413000
200.0000	20.0000	0.0000	1.074849100
210.0000	20.0000	0.0000	0.774749340
220.0000	20.0000	0.0000	0.295425100
230.0000	20.0000	0.0000	0.376130700
240.0000	20.0000	0.0000	0.202401410
250.0000	20.0000	0.0000	0.164618640
260.0000	20.0000	0.0000	0.110302050
270.0000	20.0000	0.0000	0.229852140
280.0000	20.0000	0.0000	0.770515200
290.0000	20.0000	0.0000	0.779347700
300.0000	20.0000	0.0000	1.937976100
310.0000	20.0000	0.0000	5.232159600
320.0000	20.0000	0.0000	1.083599800
330.0000	20.0000	0.0000	0.724234400
340.0000	20.0000	0.0000	0.824102000
350.0000	20.0000	0.0000	0.458717470
360.0000	20.0000	0.0000	1.000000000
0.0000	30.0000	0.0000	0.801611960
10.0000	30.0000	0.0000	1.458116500
20.0000	30.0000	0.0000	2.225223800
30.0000	30.0000	0.0000	1.481874600
40.0000	30.0000	0.0000	0.598354900
50.0000	30.0000	0.0000	0.220053840
60.0000	30.0000	0.0000	0.111126950
70.0000	30.0000	0.0000	0.160524740
80.0000	30.0000	0.0000	0.088577910
90.0000	30.0000	0.0000	0.142582330
100.0000	30.0000	0.0000	0.585761670
110.0000	30.0000	0.0000	0.259497520
120.0000	30.0000	0.0000	0.235506710
130.0000	30.0000	0.0000	0.623330500
140.0000	30.0000	0.0000	1.440788400
150.0000	30.0000	0.0000	2.917378400
160.0000	30.0000	0.0000	5.723994000
170.0000	30.0000	0.0000	2.284262400
180.0000	30.0000	0.0000	1.748424900
190.0000	30.0000	0.0000	2.059301900
200.0000	30.0000	0.0000	1.628049000
210.0000	30.0000	0.0000	0.722238500
220.0000	30.0000	0.0000	0.214472280
230.0000	30.0000	0.0000	0.103998600
240.0000	30.0000	0.0000	0.172603950
250.0000	30.0000	0.0000	0.197779300
260.0000	30.0000	0.0000	0.067156860
270.0000	30.0000	0.0000	0.128047360
280.0000	30.0000	0.0000	0.407989400
290.0000	30.0000	0.0000	0.287362960
300.0000	30.0000	0.0000	0.476378700
310.0000	30.0000	0.0000	0.943037030
320.0000	30.0000	0.0000	0.729251150
330.0000	30.0000	0.0000	1.091024000
340.0000	30.0000	0.0000	2.223897000
350.0000	30.0000	0.0000	0.849572400
360.0000	30.0000	0.0000	1.000000000
0.0000	40.0000	0.0000	3.354963800
10.0000	40.0000	0.0000	5.203212700
20.0000	40.0000	0.0000	4.664031000
30.0000	40.0000	0.0000	3.193794000
40.0000	40.0000	0.0000	3.063743600
50.0000	40.0000	0.0000	0.610570200
60.0000	40.0000	0.0000	1.102286600
70.0000	40.0000	0.0000	3.905511400
80.0000	40.0000	0.0000	0.746819850
90.0000	40.0000	0.0000	0.510277100
100.0000	40.0000	0.0000	1.029461500
110.0000	40.0000	0.0000	0.619547550
120.0000	40.0000	0.0000	0.369733750
130.0000	40.0000	0.0000	0.856478900
140.0000	40.0000	0.0000	2.469740900
150.0000	40.0000	0.0000	3.302587500
160.0000	40.0000	0.0000	6.254246000
170.0000	40.0000	0.0000	4.196932000
180.0000	40.0000	0.0000	4.166962600
190.0000	40.0000	0.0000	5.008833400
200.0000	40.0000	0.0000	2.005375400
210.0000	40.0000	0.0000	1.129991200
220.0000	40.0000	0.0000	1.099142000
230.0000	40.0000	0.0000	0.434179480
240.0000	40.0000	0.0000	0.772322060
250.0000	40.0000	0.0000	2.051489400
260.0000	40.0000	0.0000	0.449869960
270.0000	40.0000	0.0000	0.362264540
280.0000	40.0000	0.0000	0.904231000
290.0000	40.0000	0.0000	1.494545500
300.0000	40.0000	0.0000	0.879910100
310.0000	40.0000	0.0000	1.252296800
320.0000	40.0000	0.0000	2.466887000
330.0000	40.0000	0.0000	3.009004000
340.0000	40.0000	0.0000	5.120703000
350.0000	40.0000	0.0000	3.173474000
360.0000	40.0000	0.0000	1.000000000
0.0000	50.0000	0.0000	8.404236000
10.0000	50.0000	0.0000	9.456404000
20.0000	50.0000	0.0000	4.653705000
30.0000	50.0000	0.0000	3.138966000
40.0000	50.0000	0.0000	1.617489500
50.0000	50.0000	0.0000	0.381286830
60.0000	50.0000	0.0000	0.529487430
70.0000	50.0000	0.0000	1.524257300
80.0000	50.0000	0.0000	0.502292800
90.0000	50.0000	0.0000	0.516867700
100.0000	50.0000	0.0000	1.165500000
110.0000	50.0000	0.0000	1.031687900
120.0000	50.0000	0.0000	0.441526530
130.0000	50.0000	0.0000	0.549636700
140.0000	50.0000	0.0000	1.754875200
150.0000	50.0000	0.0000	2.011226200
160.0000	50.0000	0.0000	2.471089800
170.0000	50.0000	0.0000	1.543157200
180.0000	50.0000	0.0000	1.841083900
190.0000	50.0000	0.0000	2.987978000
200.0000	50.0000	0.0000	2.512769200
210.0000	50.0000	0.0000	2.806105600
220.0000	50.0000	0.0000	2.872989000
230.0000	50.0000	0.0000	0.743802900
240.0000	50.0000	0.0000	0.525321500
250.0000	50.0000	0.0000	0.645711100
260.0000	50.0000	0.0000	0.351730760
270.0000	50.0000	0.0000	0.544642700
280.0000	50.0000	0.0000	2.025578700
290.0000	50.0000	0.0000	2.243152900
300.0000	50.0000	0.0000	0.612334700
310.0000	50.0000	0.0000	0.778526200
320.0000	50.0000	0.0000	3.316717900
330.0000	50.0000	0.0000	3.271693000
340.0000	50.0000	0.0000	5.876823000
350.0000	50.0000	0.0000	6.677302400
360.0000	50.0000	0.0000	1.000000000
0.0000	60.0000	0.0000	3.617239200
10.0000	60.0000	0.0000	3.332156200
20.0000	60.0000	0.0000	2.069022700
30.0000	60.0000	0.0000	1.250957700
40.0000	60.0000	0.0000	0.550246000
50.0000	60.0000	0.0000	0.194424450
60.0000	60.0000	0.0000	0.163845800
70.0000	60.0000	0.0000	0.445786000
80.0000	60.0000	0.0000	0.225466580
90.0000	60.0000	0.0000	0.177501080
100.0000	60.0000	0.0000	0.322455820
110.0000	60.0000	0.0000	0.258527200
120.0000	60.0000	0.0000	0.410225900
130.0000	60.0000	0.0000	0.471713200
140.0000	60.0000	0.0000	0.925427300
150.0000	60.0000	0.0000	1.824708000
160.0000	60.0000	0.0000	1.126144500
170.0000	60.0000	0.0000	0.459098800
180.0000	60.0000	0.0000	0.426971470
190.0000	60.0000	0.0000	1.200463500
200.0000	60.0000	0.0000	2.430172000
210.0000	60.0000	0.0000	2.031770200
220.0000	60.0000	0.0000	2.647877000
230.0000	60.0000	0.0000	1.032617900
240.0000	60.0000	0.0000	0.233457030
250.0000	60.0000	0.0000	0.254880640
260.0000	60.0000	0.0000	0.201458170
270.0000	60.0000	0.0000	0.216993850
280.0000	60.0000	0.0000	0.518867400
290.0000	60.0000	0.0000	0.358973200
300.0000	60.0000	0.0000	0.230183020
310.0000	60.0000	0.0000	0.091937290
320.0000	60.0000	0.0000	0.271714270
330.0000	60.0000	0.0000	1.524351800
340.0000	60.0000	0.0000	3.391168800
350.0000	60.0000	0.0000	4.282349000
360.0000	60.0000	0.0000	1.000000000
0.0000	70.0000	0.0000	0.463646500
10.0000	70.0000	0.0000	0.554549460
20.0000	70.0000	0.0000	1.091331000
30.0000	70.0000	0.0000	1.010587800
40.0000	70.0000	0.0000	0.550579000
50.0000	70.0000	0.0000	0.562929870
60.0000	70.0000	0.0000	0.406067160
70.0000	70.0000	0.0000	0.428921370
80.0000	70.0000	0.0000	0.177778880
90.0000	70.0000	0.0000	0.138317810
100.0000	70.0000	0.0000	0.243616540
110.0000	70.0000	0.0000	0.259760380
120.0000	70.0000	0.0000	0.934531870
130.0000	70.0000	0.0000	1.022975600
140.0000	70.0000	0.0000	1.041538500
150.0000	70.0000	0.0000	1.600444600
160.0000	70.0000	0.0000	1.419029800
170.0000	70.0000	0.0000	0.372787060
180.0000	70.0000	0.0000	0.253762450
190.0000	70.0000	0.0000	0.757603500
200.0000	70.0000	0.0000	1.676772600
210.0000	70.0000	0.0000	1.239491500
220.0000	70.0000	0.0000	3.269994000
230.0000	70.0000	0.0000	2.889654200
240.0000	70.0000	0.0000	0.350764500
250.0000	70.0000	0.0000	0.327726240
260.0000	70.0000	0.0000	0.203956590
270.0000	70.0000	0.0000	0.153205450
280.0000	70.0000	0.0000	0.216876910
290.0000	70.0000	0.0000	0.279144140
300.0000	70.0000	0.0000	0.659486400
310.0000	70.0000	0.0000	0.351205650
320.0000	70.0000	0.0000	0.404871580
330.0000	70.0000	0.0000	1.568215600
340.0000	70.0000	0.0000	2.211648700
350.0000	70.0000	0.0000	1.320294000
360.0000	70.0000	0.0000	1.000000000
0.0000	80.0000	0.0000	0.157640600
10.0000	80.0000	0.0000	0.242173900
20.0000	80.0000	0.0000	1.454976800
30.0000	80.0000	0.0000	1.976493200
40.0000	80.0000	0.0000	1.370228400
50.0000	80.0000	0.0000	1.364917500
60.0000	80.0000	0.0000	1.108632300
70.0000	80.0000	0.0000	0.603301050
80.0000	80.0000	0.0000	0.150862000
90.0000	80.0000	0.0000	0.130459130
100.0000	80.0000	0.0000	0.329046160
110.0000	80.0000	0.0000	0.876889170
120.0000	80.0000	0.0000	1.545573100
130.0000	80.0000	0.0000	2.012905400
140.0000	80.0000	0.0000	2.290244300
150.0000	80.0000	0.0000	2.106116800
160.0000	80.0000	0.0000	2.228054800
170.0000	80.0000	0.0000	0.467856800
180.0000	80.0000	0.0000	0.225460540
190.0000	80.0000	0.0000	0.580642900
200.0000	80.0000	0.0000	1.657193500
210.0000	80.0000	0.0000	2.453885000
220.0000	80.0000	0.0000	3.686818000
230.0000	80.0000	0.0000	2.979650700
240.0000	80.0000	0.0000	1.021785900
250.0000	80.0000	0.0000	0.608356900
260.0000	80.0000	0.0000	0.162714380
270.0000	80.0000	0.0000	0.136379870
280.0000	80.0000	0.0000	0.284139360
290.0000	80.0000	0.0000	0.757486400
300.0000	80.0000	0.0000	1.337655900
310.0000	80.0000	0.0000	0.794253350
320.0000	80.0000	0.0000	0.763528300
330.0000	80.0000	0.0000	1.379387700
340.0000	80.0000	0.0000	1.588956800
350.0000	80.0000	0.0000	0.594148500
360.0000	80.0000	0.0000	1.000000000
0.0000	90.0000	0.0000	0.123756304
10.0000	90.0000	0.0000	0.172008750
20.0000	90.0000	0.0000	1.768899700
30.0000	90.0000	0.0000	2.608070400
40.0000	90.0000	0.0000	2.523618000
50.0000	90.0000	0.0000	3.070378800
60.0000	90.0000	0.0000	2.938577200
70.0000	90.0000	0.0000	1.419625300
80.0000	90.0000	0.0000	0.272771980
90.0000	90.0000	0.0000	0.175406800
100.0000	90.0000	0.0000	0.454313520
110.0000	90.0000	0.0000	2.392334200
120.0000	90.0000	0.0000	1.753529100
130.0000	90.0000	0.0000	2.130535400
140.0000	90.0000	0.0000	3.188738000
150.0000	90.0000	0.0000	2.982114000
160.0000	90.0000	0.0000	2.695643700
170.0000	90.0000	0.0000	0.277733100
180.0000	90.0000	0.0000	0.172033880
190.0000	90.0000	0.0000	0.480149500
200.0000	90.0000	0.0000	2.233381300
210.0000	90.0000	0.0000	3.777540200
220.0000	90.0000	0.0000	3.947590400
230.0000	90.0000	0.0000	4.161119000
240.0000	90.0000	0.0000	3.199318400
250.0000	90.0000	0.0000	1.804946500
260.0000	90.0000	0.0000	0.284890680
270.0000	90.0000	0.0000	0.167642700
280.0000	90.0000	0.0000	0.464338800
290.0000	90.0000	0.0000	2.348425100
300.0000	90.0000	0.0000	1.304049100
310.0000	90.0000	0.0000	0.773973460
320.0000	90.0000	0.0000	0.913814070
330.0000	90.0000	0.0000	1.426602200
340.0000	90.0000	0.0000	1.168942800
350.0000	90.0000	0.0000	0.411375900
360.0000	90.0000	0.0000	1.000000000
0.0000	0.0000	10.0000	1.000000000
10.0000	0.0000	10.0000	1.000000000
20.0000	0.0000	10.0000	1.000000000
30.0000	0.0000	10.0000	1.000000000
40.0000	0.0000	10.0000	1.000000000
50.0000	0.0000	10.0000	1.000000000
60.0000	0.0000	10.0000	1.000000000
70.0000	0.0000	10.0000	1.000000000
80.0000	0.0000	10.0000	1.000000000
90.0000	0.0000	10.0000	1.000000000
100.0000	0.0000	10.0000	1.000000000
110.0000	0.0000	10.0000	1.000000000
120.0000	0.0000	10.0000	1.000000000
130.0000	0.0000	10.0000	1.000000000
140.0000	0.0000	10.0000	1.000000000
150.0000	0.0000	10.0000	1.000000000
160.0000	0.0000	10.0000	1.000000000
170.0000	0.0000	10.0000	1.000000000
180.0000	0.0000	10.0000	1.000000000
190.0000	0.0000	10.0000	1.000000000
200.0000	0.0000	10.0000	1.000000000
210.0000	0.0000	10.0000	1.000000000
220.0000	0.0000	10.0000	1.000000000
230.0000	0.0000	10.0000	1.000000000
240.0000	0.0000	10.0000	1.000000000
250.0000	0.0000	10.0000	1.000000000
260.0000	0.0000	10.0000	1.000000000
270.0000	0.0000	10.0000	1.000000000
280.0000	0.0000	10.0000	1.000000000
290.0000	0.0000	10.0000	1.000000000
300.0000	0.0000	10.0000	1.000000000
310.0000	0.0000	10.0000	1.000000000
320.0000	0.0000	10.0000	1.000000000
330.0000	0.0000	10.0000	1.000000000
340.0000	0.0000	10.0000	1.000000000
350.0000	0.0000	10.0000	1.000000000
360.0000	0.0000	10.0000	1.000000000
0.0000	10.0000	10.0000	0.589756500
10.0000	10.0000	10.0000	3.035796200
20.0000	10.0000	10.0000	4.982054700
30.0000	10.0000	10.0000	1.266809900
40.0000	10.0000	10.0000	1.697347800
50.0000	10.0000	10.0000	1.750698300
60.0000	10.0000	10.0000	0.398502900
70.0000	10.0000	10.0000	0.493716100
80.0000	10.0000	10.0000	0.186607800
90.0000	10.0000	10.0000	0.270685140
100.0000	10.0000	10.0000	1.588227400
110.0000	10.0000	10.0000	1.708692300
120.0000	10.0000	10.0000	1.564995800
130.0000	10.0000	10.0000	2.404781300
140.0000	10.0000	10.0000	3.190734600
150.0000	10.0000	10.0000	2.087498000
160.0000	10.0000	10.0000	0.874319900
170.0000	10.0000	10.0000	0.574920300
180.0000	10.0000	10.0000	0.806227500
190.0000	10.0000	10.0000	2.577473200
200.0000	10.0000	10.0000	1.302040300
210.0000	10.0000	10.0000	0.478379070
220.0000	10.0000	10.0000	0.709000700
230.0000	10.0000	10.0000	1.265568400
240.0000	10.0000	10.0000	0.330870960
250.0000	10.0000	10.0000	0.347030580
260.0000	10.0000	10.0000	0.542870760
270.0000	10.0000	10.0000	0.713655530
280.0000	10.0000	10.0000	2.193307900
290.0000	10.0000	10.0000	1.855749800
300.0000	10.0000	10.0000	2.432186600
310.0000	10.0000	10.0000	4.245616000
320.0000	10.0000	10.0000	2.879032000
330.0000	10.0000	10.0000	1.283188800
340.0000	10.0000	10.0000	0.926218900
350.0000	10.0000	10.0000	0.633065340
360.0000	10.0000	10.0000	1.000000000
0.0000	20.0000	10.0000	0.699476000
10.0000	20.0000	10.0000	2.306923000
20.0000	20.0000	10.0000	2.887207500
30.0000	20.0000	10.0000	1.483376500
40.0000	20.0000	10.0000	1.620996600
50.0000	20.0000	10.0000	1.424163600
60.0000	20.0000	10.0000	0.203589600
70.0000	20.0000	10.0000	0.174340620
80.0000	20.0000	10.0000	0.185741350
90.0000	20.0000	10.0000	0.169614790
100.0000	20.0000	10.0000	0.957546500
110.0000	20.0000	10.0000	0.641935800
120.0000	20.0000	10.0000	0.514645000
130.0000	20.0000	10.0000	0.981603800
140.0000	20.0000	10.0000	1.063889100
150.0000	20.0000	10.0000	1.236893900
160.0000	20.0000	10.0000	0.674148600
170.0000	20.0000	10.0000	0.544591200
180.0000	20.0000	10.0000	0.750098760
190.0000	20.0000	10.0000	1.344796000
200.0000	20.0000	10.0000	0.975277300
210.0000	20.0000	10.0000	0.433353130
220.0000	20.0000	10.0000	0.431092600
230.0000	20.0000	10.0000	0.706046000
240.0000	20.0000	10.0000	0.188647210
250.0000	20.0000	10.0000	0.167274310
260.0000	20.0000	10.0000	0.501155500
270.0000	20.0000	10.0000	0.558043800
280.0000	20.0000	10.0000	1.441297000
290.0000	20.0000	10.0000	1.634595000
300.0000	20.0000	10.0000	2.848955600
310.0000	20.0000	10.0000	2.179137700
320.0000	20.0000	10.0000	1.316041500
330.0000	20.0000	10.0000	1.245459400
340.0000	20.0000	10.0000	0.578030700
350.0000	20.0000	10.0000	0.374882040
360.0000	20.0000	10.0000	1.000000000
0.0000	30.0000	10.0000	1.050775300
10.0000	30.0000	10.0000	1.775378100
20.0000	30.0000	10.0000	1.173506300
30.0000	30.0000	10.0000	0.733651900
40.0000	30.0000	10.0000	0.549481900
50.0000	30.0000	10.0000	0.345862900
60.0000	30.0000	10.0000	0.238756850
70.0000	30.0000	10.0000	0.238941450
80.0000	30.0000	10.0000	0.292290930
90.0000	30.0000	10.0000	0.436298640
100.0000	30.0000	10.0000	1.228850000
110.0000	30.0000	10.0000	0.432868000
120.0000	30.0000	10.0000	0.345698600
130.0000	30.0000	10.0000	0.807946860
140.0000	30.0000	10.0000	1.254841300
150.0000	30.0000	10.0000	2.187066800
160.0000	30.0000	10.0000	1.829892800
170.0000	30.0000	10.0000	1.564305700
180.0000	30.0000	10.0000	1.893626900
190.0000	30.0000	10.0000	1.897528000
200.0000	30.0000	10.0000	0.718103000
210.0000	30.0000	10.0000	0.358832900
220.0000	30.0000	10.0000	0.316506180
230.0000	30.0000	10.0000	0.314364500
240.0000	30.0000	10.0000	0.298332100
250.0000	30.0000	10.0000	0.226596530
260.0000	30.0000	10.0000	0.233866450
270.0000	30.0000	10.0000	0.311794000
280.0000	30.0000	10.0000	0.508602140
290.0000	30.0000	10.0000	0.463660400
300.0000	30.0000	10.0000	0.620295900
310.0000	30.0000	10.0000	0.949996300
320.0000	30.0000	10.0000	1.257582100
330.0000	30.0000	10.0000	1.508392900
340.0000	30.0000	10.0000	0.567454400
350.0000	30.0000	10.0000	0.280031560
360.0000	30.0000	10.0000	1.000000000
0.0000	40.0000	10.0000	2.739572300
10.0000	40.0000	10.0000	3.046770800
20.0000	40.0000	10.0000	1.700254700
30.0000	40.0000	10.0000	0.970254060
40.0000	40.0000	10.0000	0.524473900
50.0000	40.0000	10.0000	0.473217370
60.0000	40.0000	10.0000	1.020186500
70.0000	40.0000	10.0000	1.370946600
80.0000	40.0000	10.0000	1.213750400
90.0000	40.0000	10.0000	2.140939200
100.0000	40.0000	10.0000	2.322306900
110.0000	40.0000	10.0000	0.473972020
120.0000	40.0000	10.0000	0.334834870
130.0000	40.0000	10.0000	0.854600370
140.0000	40.0000	10.0000	1.496216500
150.0000	40.0000	10.0000	2.363835600
160.0000	40.0000	10.0000	3.511722600
170.0000	40.0000	10.0000	3.334572300
180.0000	40.0000	10.0000	3.306209800
190.0000	40.0000	10.0000	2.680534100
200.0000	40.0000	10.0000	0.979097400
210.0000	40.0000	10.0000	0.551091130
220.0000	40.0000	10.0000	0.544076500
230.0000	40.0000	10.0000	0.444904600
240.0000	40.0000	10.0000	0.574440700
250.0000	40.0000	10.0000	0.498762600
260.0000	40.0000	10.0000	0.622862800
270.0000	40.0000	10.0000	1.406463600
280.0000	40.0000	10.0000	1.530201800
290.0000	40.0000	10.0000	0.815929830
300.0000	40.0000	10.0000	0.735052940
310.0000	40.0000	10.0000	1.567694300
320.0000	40.0000	10.0000	2.249565800
330.0000	40.0000	10.0000	2.186051400
340.0000	40.0000	10.0000	1.579714900
350.0000	40.0000	10.0000	1.150531900
360.0000	40.0000	10.0000	1.000000000
0.0000	50.0000	10.0000	5.595385600
10.0000	50.0000	10.0000	4.677438700
20.0000	50.0000	10.0000	2.232958600
30.0000	50.0000	10.0000	2.314054300
40.0000	50.0000	10.0000	0.877371670
50.0000	50.0000	10.0000	0.435373430
60.0000	50.0000	10.0000	0.960649400
70.0000	50.0000	10.0000	1.358813800
80.0000	50.0000	10.0000	0.985568340
90.0000	50.0000	10.0000	1.410194200
100.0000	50.0000	10.0000	1.157056000
110.0000	50.0000	10.0000	0.377221900
120.0000	50.0000	10.0000	0.252354030
130.0000	50.0000	10.0000	0.424524780
140.0000	50.0000	10.0000	1.166145800
150.0000	50.0000	10.0000	1.521641400
160.0000	50.0000	10.0000	1.815324400
170.0000	50.0000	10.0000	1.471867200
180.0000	50.0000	10.0000	1.465208800
190.0000	50.0000	10.0000	1.632011000
200.0000	50.0000	10.0000	1.117790000
210.0000	50.0000	10.0000	1.131103900
220.0000	50.0000	10.0000	1.152258200
230.0000	50.0000	10.0000	0.877654400
240.0000	50.0000	10.0000	0.877170860
250.0000	50.0000	10.0000	0.650998700
260.0000	50.0000	10.0000	0.593136800
270.0000	50.0000	10.0000	1.726838700
280.0000	50.0000	10.0000	2.564520100
290.0000	50.0000	10.0000	1.102723100
300.0000	50.0000	10.0000	0.444250850
310.0000	50.0000	10.0000	0.523678700
320.0000	50.0000	10.0000	1.456882600
330.0000	50.0000	10.0000	1.814361800
340.0000	50.0000	10.0000	2.986693900
350.0000	50.0000	10.0000	4.391508600
360.0000	50.0000	10.0000	1.000000000
0.0000	60.0000	10.0000	2.503919600
10.0000	60.0000	10.0000	2.260018300
20.0000	60.0000	10.0000	1.432104200
30.0000	60.0000	10.0000	1.200624700
40.0000	60.0000	10.0000	0.536140800
50.0000	60.0000	10.0000	0.227579270
60.0000	60.0000	10.0000	0.217331930
70.0000	60.0000	10.0000	0.487200050
80.0000	60.0000	10.0000	0.419567560
90.0000	60.0000	10.0000	0.394656120
100.0000	60.0000	10.0000	0.324220150
110.0000	60.0000	10.0000	0.268417900
120.0000	60.0000	10.0000	0.483872300
130.0000	60.0000	10.0000	0.456491530
140.0000	60.0000	10.0000	0.909802730
150.0000	60.0000	10.0000	1.411851900
160.0000	60.0000	10.0000	0.875897000
170.0000	60.0000	10.0000	0.329478680
180.0000	60.0000	10.0000	0.275875840
190.0000	60.0000	10.0000	0.733993700
200.0000	60.0000	10.0000	1.107331800
210.0000	60.0000	10.0000	1.214758800
220.0000	60.0000	10.0000	1.983353600
230.0000	60.0000	10.0000	0.947223100
240.0000	60.0000	10.0000	0.288628700
250.0000	60.0000	10.0000	0.394611000
260.0000	60.0000	10.0000	0.285838540
270.0000	60.0000	10.0000	0.460354630
280.0000	60.0000	10.0000	0.784917950
290.0000	60.0000	10.0000	0.539788900
300.0000	60.0000	10.0000	0.448204730
310.0000	60.0000	10.0000	0.244550210
320.0000	60.0000	10.0000	0.588446140
330.0000	60.0000	10.0000	1.977449000
340.0000	60.0000	10.0000	2.867282200
350.0000	60.0000	10.0000	3.160447000
360.0000	60.0000	10.0000	1.000000000
0.0000	70.0000	10.0000	0.364377830
10.0000	70.0000	10.0000	0.498992920
20.0000	70.0000	10.0000	0.711995840
30.0000	70.0000	10.0000	0.705891200
40.0000	70.0000	10.0000	0.730106400
50.0000	70.0000	10.0000	0.538228400
60.0000	70.0000	10.0000	0.282331760
70.0000	70.0000	10.0000	0.393242840
80.0000	70.0000	10.0000	0.338631420
90.0000	70.0000	10.0000	0.224538220
100.0000	70.0000	10.0000	0.202534450
110.0000	70.0000	10.0000	0.336053820
120.0000	70.0000	10.0000	0.889898960
130.0000	70.0000	10.0000	0.833216100
140.0000	70.0000	10.0000	1.007696700
150.0000	70.0000	10.0000	1.538161300
160.0000	70.0000	10.0000	0.831837800
170.0000	70.0000	10.0000	0.201457590
180.0000	70.0000	10.0000	0.158707070
190.0000	70.0000	10.0000	0.445048540
200.0000	70.0000	10.0000	0.739840600
210.0000	70.0000	10.0000	1.013097900
220.0000	70.0000	10.0000	3.172829900
230.0000	70.0000	10.0000	1.414729000
240.0000	70.0000	10.0000	0.214484800
250.0000	70.0000	10.0000	0.315267740
260.0000	70.0000	10.0000	0.228117440
270.0000	70.0000	10.0000	0.175842170
280.0000	70.0000	10.0000	0.247727230
290.0000	70.0000	10.0000	0.563648340
300.0000	70.0000	10.0000	1.141060400
310.0000	70.0000	10.0000	0.420775100
320.0000	70.0000	10.0000	0.565836000
330.0000	70.0000	10.0000	1.890931600
340.0000	70.0000	10.0000	1.367332600
350.0000	70.0000	10.0000	0.623581400
360.0000	70.0000	10.0000	1.000000000
0.0000	80.0000	10.0000	0.128030630
10.0000	80.0000	10.0000	0.182101430
20.0000	80.0000	10.0000	0.587886870
30.0000	80.0000	10.0000	0.927952470
40.0000	80.0000	10.0000	1.796629400
50.0000	80.0000	10.0000	2.038062000
60.0000	80.0000	10.0000	0.992313400
70.0000	80.0000	10.0000	0.555961970
80.0000	80.0000	10.0000	0.290086870
90.0000	80.0000	10.0000	0.184632850
100.0000	80.0000	10.0000	0.317714200
110.0000	80.0000	10.0000	1.084578300
120.0000	80.0000	10.0000	1.354903600
130.0000	80.0000	10.0000	1.300101400
140.0000	80.0000	10.0000	1.835519200
150.0000	80.0000	10.0000	1.921529800
160.0000	80.0000	10.0000	0.920286100
170.0000	80.0000	10.0000	0.261804600
180.0000	80.0000	10.0000	0.165498780
190.0000	80.0000	10.0000	0.261186840
200.0000	80.0000	10.0000	0.584059500
210.0000	80.0000	10.0000	1.274043400
220.0000	80.0000	10.0000	2.601077800
230.0000	80.0000	10.0000	2.231691100
240.0000	80.0000	10.0000	0.869504030
250.0000	80.0000	10.0000	0.541528600
260.0000	80.0000	10.0000	0.176101580
270.0000	80.0000	10.0000	0.142738400
280.0000	80.0000	10.0000	0.333178580
290.0000	80.0000	10.0000	0.923605140
300.0000	80.0000	10.0000	1.191877600
310.0000	80.0000	10.0000	0.489662530
320.0000	80.0000	10.0000	0.584799000
330.0000	80.0000	10.0000	1.491903100
340.0000	80.0000	10.0000	0.819283500
350.0000	80.0000	10.0000	0.261168450
360.0000	80.0000	10.0000	1.000000000
0.0000	90.0000	10.0000	0.093338180
10.0000	90.0000	10.0000	0.105050944
20.0000	90.0000	10.0000	0.620680330
30.0000	90.0000	10.0000	1.031865200
40.0000	90.0000	10.0000	2.343306800
50.0000	90.0000	10.0000	3.233500700
60.0000	90.0000	10.0000	2.616980600
70.0000	90.0000	10.0000	1.000173800
80.0000	90.0000	10.0000	0.385269730
90.0000	90.0000	10.0000	0.245691450
100.0000	90.0000	10.0000	0.596859160
110.0000	90.0000	10.0000	3.315866000
120.0000	90.0000	10.0000	2.063197600
130.0000	90.0000	10.0000	2.022671700
140.0000	90.0000	10.0000	2.999400900
150.0000	90.0000	10.0000	2.450851700
160.0000	90.0000	10.0000	0.904010240
170.0000	90.0000	10.0000	0.185200600
180.0000	90.0000	10.0000	0.126272720
190.0000	90.0000	10.0000	0.214900080
200.0000	90.0000	10.0000	0.634666440
210.0000	90.0000	10.0000	1.420634400
220.0000	90.0000	10.0000	2.085909000
230.0000	90.0000	10.0000	2.193244700
240.0000	90.0000	10.0000	2.222928500
250.0000	90.0000	10.0000	1.375908700
260.0000	90.0000	10.0000	0.257964130
270.0000	90.0000	10.0000	0.181978360
280.0000	90.0000	10.0000	0.697873400
290.0000	90.0000	10.0000	1.895348100
300.0000	90.0000	10.0000	1.177379500
310.0000	90.0000	10.0000	0.499899540
320.0000	90.0000	10.0000	0.621071600
330.0000	90.0000	10.0000	1.633987900
340.0000	90.0000	10.0000	0.695368700
350.0000	90.0000	10.0000	0.241486760
360.0000	90.0000	10.0000	1.000000000
0.0000	0.0000	20.0000	1.000000000
10.0000	0.0000	20.0000	1.000000000
20.0000	0.0000	20.0000	1.000000000
30.0000	0.0000	20.0000	1.000000000
40.0000	0.0000	20.0000	1.000000000
50.0000	0.0000	20.0000	1.000000000
60.0000	0.0000	20.0000	1.000000000
70.0000	0.0000	20.0000	1.000000000
80.0000	0.0000	20.0000	1.000000000
90.0000	0.0000	20.0000	1.000000000
100.0000	0.0000	20.0000	1.000000000
110.0000	0.0000	20.0000	1.000000000
120.0000	0.0000	20.0000	1.000000000
130.0000	0.0000	20.0000	1.000000000
140.0000	0.0000	20.0000	1.000000000
150.0000	0.0000	20.0000	1.000000000
160.0000	0.0000	20.0000	1.000000000
170.0000	0.0000	20.0000	1.000000000
180.0000	0.0000	20.0000	1.000000000
190.0000	0.0000	20.0000	1.000000000
200.0000	0.0000	20.0000	1.000000000
210.0000	0.0000	20.0000	1.000000000
220.0000	0.0000	20.0000	1.000000000
230.0000	0.0000	20.0000	1.000000000
240.0000	0.0000	20.0000	1.000000000
250.0000	0.0000	20.0000	1.000000000
260.0000	0.0000	20.0000	1.000000000
270.0000	0.0000	20.0000	1.000000000
280.0000	0.0000	20.0000	1.000000000
290.0000	0.0000	20.0000	1.000000000
300.0000	0.0000	20.0000	1.000000000
310.0000	0.0000	20.0000	1.000000000
320.0000	0.0000	20.0000	1.000000000
330.0000	0.0000	20.0000	1.000000000
340.0000	0.0000	20.0000	1.000000000
350.0000	0.0000	20.0000	1.000000000
360.0000	0.0000	20.0000	1.000000000
0.0000	10.0000	20.0000	1.694319400
10.0000	10.0000	20.0000	5.369740500
20.0000	10.0000	20.0000	4.093725000
30.0000	10.0000	20.0000	1.971410400
40.0000	10.0000	20.0000	1.181120300
50.0000	10.0000	20.0000	0.245273660
60.0000	10.0000	20.0000	0.071397830
70.0000	10.0000	20.0000	0.068341870
80.0000	10.0000	20.0000	0.043303914
90.0000	10.0000	20.0000	0.112710975
100.0000	10.0000	20.0000	0.891747400
110.0000	10.0000	20.0000	1.104258900
120.0000	10.0000	20.0000	0.817441050
130.0000	10.0000	20.0000	1.014842900
140.0000	10.0000	20.0000	0.575886370
150.0000	10.0000	20.0000	0.134654900
160.0000	10.0000	20.0000	0.343537180
170.0000	10.0000	20.0000	1.064090700
180.0000	10.0000	20.0000	2.364954700
190.0000	10.0000	20.0000	1.290604700
200.0000	10.0000	20.0000	0.674649540
210.0000	10.0000	20.0000	0.469576900
220.0000	10.0000	20.0000	0.994494500
230.0000	10.0000	20.0000	0.305136470
240.0000	10.0000	20.0000	0.061503306
250.0000	10.0000	20.0000	0.065195136
260.0000	10.0000	20.0000	0.049896825
270.0000	10.0000	20.0000	0.111825990
280.0000	10.0000	20.0000	0.506804170
290.0000	10.0000	20.0000	0.851984300
300.0000	10.0000	20.0000	1.430858700
310.0000	10.0000	20.0000	1.949987500
320.0000	10.0000	20.0000	0.469278960
330.0000	10.0000	20.0000	0.187489570
340.0000	10.0000	20.0000	0.471865920
350.0000	10.0000	20.0000	0.959326000
360.0000	10.0000	20.0000	1.000000000
0.0000	20.0000	20.0000	1.397306900
10.0000	20.0000	20.0000	3.596590500
20.0000	20.0000	20.0000	2.103598400
30.0000	20.0000	20.0000	1.355350700
40.0000	20.0000	20.0000	1.009083000
50.0000	20.0000	20.0000	0.488484400
60.0000	20.0000	20.0000	0.215486910
70.0000	20.0000	20.0000	0.149491190
80.0000	20.0000	20.0000	0.119392180
90.0000	20.0000	20.0000	0.164770050
100.0000	20.0000	20.0000	0.396634160
110.0000	20.0000	20.0000	0.465822820
120.0000	20.0000	20.0000	0.531189400
130.0000	20.0000	20.0000	0.674993160
140.0000	20.0000	20.0000	0.591451050
150.0000	20.0000	20.0000	0.293701020
160.0000	20.0000	20.0000	0.266844700
170.0000	20.0000	20.0000	0.641432460
180.0000	20.0000	20.0000	1.301681500
190.0000	20.0000	20.0000	1.133004300
200.0000	20.0000	20.0000	0.521108700
210.0000	20.0000	20.0000	0.355585750
220.0000	20.0000	20.0000	0.629983540
230.0000	20.0000	20.0000	0.488136800
240.0000	20.0000	20.0000	0.106989730
250.0000	20.0000	20.0000	0.152717280
260.0000	20.0000	20.0000	0.185541750
270.0000	20.0000	20.0000	0.099214720
280.0000	20.0000	20.0000	0.367880550
290.0000	20.0000	20.0000	2.727690200
300.0000	20.0000	20.0000	2.195485000
310.0000	20.0000	20.0000	0.794109900
320.0000	20.0000	20.0000	0.753273700
330.0000	20.0000	20.0000	0.341078820
340.0000	20.0000	20.0000	0.222044410
350.0000	20.0000	20.0000	0.294105740
360.0000	20.0000	20.0000	1.000000000
0.0000	30.0000	20.0000	1.428438900
10.0000	30.0000	20.0000	1.714610600
20.0000	30.0000	20.0000	0.639684740
30.0000	30.0000	20.0000	0.632323200
40.0000	30.0000	20.0000	0.508531200
50.0000	30.0000	20.0000	0.369104200
60.0000	30.0000	20.0000	0.500433100
70.0000	30.0000	20.0000	0.257266900
80.0000	30.0000	20.0000	0.224732800
90.0000	30.0000	20.0000	0.316295030
100.0000	30.0000	20.0000	0.401285530
110.0000	30.0000	20.0000	0.540016000
120.0000	30.0000	20.0000	0.763678130
130.0000	30.0000	20.0000	0.567801240
140.0000	30.0000	20.0000	0.701514360
150.0000	30.0000	20.0000	1.022729900
160.0000	30.0000	20.0000	0.788891700
170.0000	30.0000	20.0000	1.173388000
180.0000	30.0000	20.0000	2.076626300
190.0000	30.0000	20.0000	1.280590500
200.0000	30.0000	20.0000	0.376983500
210.0000	30.0000	20.0000	0.410742160
220.0000	30.0000	20.0000	0.559057100
230.0000	30.0000	20.0000	0.500858400
240.0000	30.0000	20.0000	0.408061270
250.0000	30.0000	20.0000	0.152694990
260.0000	30.0000	20.0000	0.224435460
270.0000	30.0000	20.0000	0.210609720
280.0000	30.0000	20.0000	0.638942540
290.0000	30.0000	20.0000	1.986073400
300.0000	30.0000	20.0000	1.356314800
310.0000	30.0000	20.0000	1.092326200
320.0000	30.0000	20.0000	1.381236300
330.0000	30.0000	20.0000	0.434363660
340.0000	30.0000	20.0000	0.088584430
350.0000	30.0000	20.0000	0.092269540
360.0000	30.0000	20.0000	1.000000000
0.0000	40.0000	20.0000	1.730742000
10.0000	40.0000	20.0000	1.087760900
20.0000	40.0000	20.0000	0.307266000
30.0000	40.0000	20.0000	0.304269460
40.0000	40.0000	20.0000	0.216984300
50.0000	40.0000	20.0000	0.391127530
60.0000	40.0000	20.0000	1.489708900
70.0000	40.0000	20.0000	0.980390800
80.0000	40.0000	20.0000	0.790045400
90.0000	40.0000	20.0000	1.334883600
100.0000	40.0000	20.0000	0.930578350
110.0000	40.0000	20.0000	0.413348440
120.0000	40.0000	20.0000	0.320117440
130.0000	40.0000	20.0000	0.498449600
140.0000	40.0000	20.0000	0.953490200
150.0000	40.0000	20.0000	1.597550000
160.0000	40.0000	20.0000	1.979903300
170.0000	40.0000	20.0000	1.907821500
180.0000	40.0000	20.0000	1.946388500
190.0000	40.0000	20.0000	1.014741000
200.0000	40.0000	20.0000	0.326168360
210.0000	40.0000	20.0000	0.338060050
220.0000	40.0000	20.0000	0.515502040
230.0000	40.0000	20.0000	0.669320000
240.0000	40.0000	20.0000	0.792520300
250.0000	40.0000	20.0000	0.351416350
260.0000	40.0000	20.0000	0.447973430
270.0000	40.0000	20.0000	1.620940600
280.0000	40.0000	20.0000	1.892493500
290.0000	40.0000	20.0000	1.048609700
300.0000	40.0000	20.0000	0.722204300
310.0000	40.0000	20.0000	1.134102500
320.0000	40.0000	20.0000	1.125066900
330.0000	40.0000	20.0000	0.590587140
340.0000	40.0000	20.0000	0.349167880
350.0000	40.0000	20.0000	0.412236600
360.0000	40.0000	20.0000	1.000000000
0.0000	50.0000	20.0000	1.915169700
10.0000	50.0000	20.0000	1.009001100
20.0000	50.0000	20.0000	0.279106940
30.0000	50.0000	20.0000	0.283108200
40.0000	50.0000	20.0000	0.351180800
50.0000	50.0000	20.0000	0.630631450
60.0000	50.0000	20.0000	1.279970800
70.0000	50.0000	20.0000	0.886589470
80.0000	50.0000	20.0000	0.795512500
90.0000	50.0000	20.0000	1.126578600
100.0000	50.0000	20.0000	0.712315860
110.0000	50.0000	20.0000	0.174750690
120.0000	50.0000	20.0000	0.144452040
130.0000	50.0000	20.0000	0.385411740
140.0000	50.0000	20.0000	1.201990800
150.0000	50.0000	20.0000	1.281369400
160.0000	50.0000	20.0000	1.015424000
170.0000	50.0000	20.0000	0.781363500
180.0000	50.0000	20.0000	0.983426600
190.0000	50.0000	20.0000	0.792034100
200.0000	50.0000	20.0000	0.339603330
210.0000	50.0000	20.0000	0.354172000
220.0000	50.0000	20.0000	0.824069860
230.0000	50.0000	20.0000	1.271669500
240.0000	50.0000	20.0000	1.103982800
250.0000	50.0000	20.0000	0.493932340
260.0000	50.0000	20.0000	0.470556170
270.0000	50.0000	20.0000	1.665431900
280.0000	50.0000	20.0000	2.642484700
290.0000	50.0000	20.0000	0.807905000
300.0000	50.0000	20.0000	0.282181440
310.0000	50.0000	20.0000	0.375242770
320.0000	50.0000	20.0000	0.956151500
330.0000	50.0000	20.0000	1.201904300
340.0000	50.0000	20.0000	1.791577500
350.0000	50.0000	20.0000	2.381658600
360.0000	50.0000	20.0000	1.000000000
0.0000	60.0000	20.0000	1.126013000
10.0000	60.0000	20.0000	0.907597100
20.0000	60.0000	20.0000	0.452970680
30.0000	60.0000	20.0000	0.411096070
40.0000	60.0000	20.0000	0.465471000
50.0000	60.0000	20.0000	0.488663140
60.0000	60.0000	20.0000	0.387994260
70.0000	60.0000	20.0000	0.376259450
80.0000	60.0000	20.0000	0.270813020
90.0000	60.0000	20.0000	0.404365120
100.0000	60.0000	20.0000	0.285191770
110.0000	60.0000	20.0000	0.347801900
120.0000	60.0000	20.0000	0.481928170
130.0000	60.0000	20.0000	0.541900930
140.0000	60.0000	20.0000	1.193944300
150.0000	60.0000	20.0000	1.251401400
160.0000	60.0000	20.0000	0.489418540
170.0000	60.0000	20.0000	0.202374600
180.0000	60.0000	20.0000	0.225048560
190.0000	60.0000	20.0000	0.499940200
200.0000	60.0000	20.0000	0.431756530
210.0000	60.0000	20.0000	0.497743200
220.0000	60.0000	20.0000	1.085135600
230.0000	60.0000	20.0000	1.166340600
240.0000	60.0000	20.0000	0.556983770
250.0000	60.0000	20.0000	0.391873840
260.0000	60.0000	20.0000	0.218143180
270.0000	60.0000	20.0000	0.433757660
280.0000	60.0000	20.0000	1.017584900
290.0000	60.0000	20.0000	1.079833300
300.0000	60.0000	20.0000	0.772967500
310.0000	60.0000	20.0000	0.692581700
320.0000	60.0000	20.0000	1.470450600
330.0000	60.0000	20.0000	1.831183600
340.0000	60.0000	20.0000	2.033675200
350.0000	60.0000	20.0000	2.021261200
360.0000	60.0000	20.0000	1.000000000
0.0000	70.0000	20.0000	0.378316340
10.0000	70.0000	20.0000	0.521285800
20.0000	70.0000	20.0000	0.423073560
30.0000	70.0000	20.0000	0.351091120
40.0000	70.0000	20.0000	0.817841900
50.0000	70.0000	20.0000	0.564035800
60.0000	70.0000	20.0000	0.369289800
70.0000	70.0000	20.0000	0.544926400
80.0000	70.0000	20.0000	0.219120790
90.0000	70.0000	20.0000	0.143018250
100.0000	70.0000	20.0000	0.178950180
110.0000	70.0000	20.0000	0.520926600
120.0000	70.0000	20.0000	0.894590700
130.0000	70.0000	20.0000	0.647344770
140.0000	70.0000	20.0000	1.089934600
150.0000	70.0000	20.0000	1.562293500
160.0000	70.0000	20.0000	0.364616870
170.0000	70.0000	20.0000	0.107013810
180.0000	70.0000	20.0000	0.131514850
190.0000	70.0000	20.0000	0.317611160
200.0000	70.0000	20.0000	0.311553420
210.0000	70.0000	20.0000	0.390721170
220.0000	70.0000	20.0000	1.131790500
230.0000	70.0000	20.0000	0.794658200
240.0000	70.0000	20.0000	0.245975940
250.0000	70.0000	20.0000	0.321682660
260.0000	70.0000	20.0000	0.173195230
270.0000	70.0000	20.0000	0.206712930
280.0000	70.0000	20.0000	0.546855300
290.0000	70.0000	20.0000	1.346721300
300.0000	70.0000	20.0000	1.632720000
310.0000	70.0000	20.0000	0.711144030
320.0000	70.0000	20.0000	1.107673900
330.0000	70.0000	20.0000	1.991804200
340.0000	70.0000	20.0000	0.869455640
350.0000	70.0000	20.0000	0.548678500
360.0000	70.0000	20.0000	1.000000000
0.0000	80.0000	20.0000	0.195958300
10.0000	80.0000	20.0000	0.221685260
20.0000	80.0000	20.0000	0.247991090
30.0000	80.0000	20.0000	0.454431240
40.0000	80.0000	20.0000	2.479769700
50.0000	80.0000	20.0000	1.578031100
60.0000	80.0000	20.0000	0.731006150
70.0000	80.0000	20.0000	0.850180100
80.0000	80.0000	20.0000	0.294525030
90.0000	80.0000	20.0000	0.142821700
100.0000	80.0000	20.0000	0.277141750
110.0000	80.0000	20.0000	1.319050300
120.0000	80.0000	20.0000	1.383629100
130.0000	80.0000	20.0000	0.840964600
140.0000	80.0000	20.0000	1.060764900
150.0000	80.0000	20.0000	1.235188200
160.0000	80.0000	20.0000	0.345387460
170.0000	80.0000	20.0000	0.170680060
180.0000	80.0000	20.0000	0.149951000
190.0000	80.0000	20.0000	0.215868440
200.0000	80.0000	20.0000	0.241169700
210.0000	80.0000	20.0000	0.406222760
220.0000	80.0000	20.0000	0.887302100
230.0000	80.0000	20.0000	0.993708550
240.0000	80.0000	20.0000	0.592487200
250.0000	80.0000	20.0000	0.621668100
260.0000	80.0000	20.0000	0.242886450
270.0000	80.0000	20.0000	0.216835680
280.0000	80.0000	20.0000	0.559155800
290.0000	80.0000	20.0000	1.574062200
300.0000	80.0000	20.0000	1.429796900
310.0000	80.0000	20.0000	0.365612400
320.0000	80.0000	20.0000	0.398364450
330.0000	80.0000	20.0000	1.198314100
340.0000	80.0000	20.0000	0.409335880
350.0000	80.0000	20.0000	0.290951300
360.0000	80.0000	20.0000	1.000000000
0.0000	90.0000	20.0000	0.107374970
10.0000	90.0000	20.0000	0.107432070
20.0000	90.0000	20.0000	0.276652400
30.0000	90.0000	20.0000	0.595371070
40.0000	90.0000	20.0000	3.202929000
50.0000	90.0000	20.0000	2.257531000
60.0000	90.0000	20.0000	1.361034400
70.0000	90.0000	20.0000	1.153657700
80.0000	90.0000	20.0000	0.380174930
90.0000	90.0000	20.0000	0.236455600
100.0000	90.0000	20.0000	0.680784300
110.0000	90.0000	20.0000	3.284177000
120.0000	90.0000	20.0000	1.928772900
130.0000	90.0000	20.0000	1.199726200
140.0000	90.0000	20.0000	1.202387300
150.0000	90.0000	20.0000	0.722073550
160.0000	90.0000	20.0000	0.279043100
170.0000	90.0000	20.0000	0.144473280
180.0000	90.0000	20.0000	0.110786040
190.0000	90.0000	20.0000	0.208881590
200.0000	90.0000	20.0000	0.317711830
210.0000	90.0000	20.0000	0.553812600
220.0000	90.0000	20.0000	0.618229400
230.0000	90.0000	20.0000	0.727957550
240.0000	90.0000	20.0000	1.250704000
250.0000	90.0000	20.0000	1.357263900
260.0000	90.0000	20.0000	0.420714680
270.0000	90.0000	20.0000	0.338425430
280.0000	90.0000	20.0000	0.857292400
290.0000	90.0000	20.0000	1.827736300
300.0000	90.0000	20.0000	1.150089700
310.0000	90.0000	20.0000	0.272340450
320.0000	90.0000	20.0000	0.277953420
330.0000	90.0000	20.0000	0.760855600
340.0000	90.0000	20.0000	0.285475460
350.0000	90.0000	20.0000	0.279109980
360.0000	90.0000	20.0000	1.000000000
0.0000	0.0000	30.0000	1.000000000
10.0000	0.0000	30.0000	1.000000000
20.0000	0.0000	30.0000	1.000000000
30.0000	0.0000	30.0000	1.000000000
40.0000	0.0000	30.0000	1.000000000
50.0000	0.0000	30.0000	1.000000000
60.0000	0.0000	30.0000	1.000000000
70.0000	0.0000	30.0000	1.000000000
80.0000	0.0000	30.0000	1.000000000
90.0000	0.0000	30.0000	1.000000000
100.0000	0.0000	30.0000	1.000000000
110.0000	0.0000	30.0000	1.000000000
120.0000	0.0000	30.0000	1.000000000
130.0000	0.0000	30.0000	1.000000000
140.0000	0.0000	30.0000	1.000000000
150.0000	0.0000	30.0000	1.000000000
160.0000	0.0000	30.0000	1.000000000
170.0000	0.0000	30.0000	1.000000000
180.0000	0.0000	30.0000	1.000000000
190.0000	0.0000	30.0000	1.000000000
200.0000	0.0000	30.0000	1.000000000
210.0000	0.0000	30.0000	1.000000000
220.0000	0.0000	30.0000	1.000000000
230.0000	0.0000	30.0000	1.000000000
240.0000	0.0000	30.0000	1.000000000
250.0000	0.0000	30.0000	1.000000000
260.0000	0.0000	30.0000	1.000000000
270.0000	0.0000	30.0000	1.000000000
280.0000	0.0000	30.0000	1.000000000
290.0000	0.0000	30.0000	1.000000000
300.0000	0.0000	30.0000	1.000000000
310.0000	0.0000	30.0000	1.000000000
320.0000	0.0000	30.0000	1.000000000
330.0000	0.0000	30.0000	1.000000000
340.0000	0.0000	30.0000	1.000000000
350.0000	0.0000	30.0000	1.000000000
360.0000	0.0000	30.0000	1.000000000
0.0000	10.0000	30.0000	0.650674900
10.0000	10.0000	30.0000	3.242309300
20.0000	10.0000	30.0000	3.880888200
30.0000	10.0000	30.0000	1.066477500
40.0000	10.0000	30.0000	0.516183900
50.0000	10.0000	30.0000	0.149703250
60.0000	10.0000	30.0000	0.133798700
70.0000	10.0000	30.0000	0.148722800
80.0000	10.0000	30.0000	0.185056520
90.0000	10.0000	30.0000	0.959797000
100.0000	10.0000	30.0000	3.677643500
110.0000	10.0000	30.0000	1.997695200
120.0000	10.0000	30.0000	1.118362200
130.0000	10.0000	30.0000	0.552212800
140.0000	10.0000	30.0000	0.171475770
150.0000	10.0000	30.0000	0.089982660
160.0000	10.0000	30.0000	0.469408700
170.0000	10.0000	30.0000	1.974463800
180.0000	10.0000	30.0000	0.330726120
190.0000	10.0000	30.0000	0.507255700
200.0000	10.0000	30.0000	0.592051570
210.0000	10.0000	30.0000	0.716257700
220.0000	10.0000	30.0000	0.851101000
230.0000	10.0000	30.0000	0.069716140
240.0000	10.0000	30.0000	0.072144724
250.0000	10.0000	30.0000	0.122972310
260.0000	10.0000	30.0000	0.133573870
270.0000	10.0000	30.0000	0.460673420
280.0000	10.0000	30.0000	1.314713600
290.0000	10.0000	30.0000	1.362689000
300.0000	10.0000	30.0000	1.514736800
310.0000	10.0000	30.0000	0.646649400
320.0000	10.0000	30.0000	0.229555640
330.0000	10.0000	30.0000	0.143926430
340.0000	10.0000	30.0000	0.477688670
350.0000	10.0000	30.0000	1.529151300
360.0000	10.0000	30.0000	1.000000000
0.0000	20.0000	30.0000	1.213974200
10.0000	20.0000	30.0000	1.822340800
20.0000	20.0000	30.0000	1.580710300
30.0000	20.0000	30.0000	1.331527700
40.0000	20.0000	30.0000	0.490803030
50.0000	20.0000	30.0000	0.226966160
60.0000	20.0000	30.0000	0.191752270
70.0000	20.0000	30.0000	0.251100630
80.0000	20.0000	30.0000	0.289927540
90.0000	20.0000	30.0000	0.336152940
100.0000	20.0000	30.0000	0.506275900
110.0000	20.0000	30.0000	0.589948830
120.0000	20.0000	30.0000	0.572146060
130.0000	20.0000	30.0000	0.371531720
140.0000	20.0000	30.0000	0.246751670
150.0000	20.0000	30.0000	0.122259370
160.0000	20.0000	30.0000	0.247543190
170.0000	20.0000	30.0000	1.119032900
180.0000	20.0000	30.0000	0.855472700
190.0000	20.0000	30.0000	0.474986370
200.0000	20.0000	30.0000	0.441998270
210.0000	20.0000	30.0000	0.923507030
220.0000	20.0000	30.0000	0.690232750
230.0000	20.0000	30.0000	0.238156080
240.0000	20.0000	30.0000	0.115198910
250.0000	20.0000	30.0000	0.321523070
260.0000	20.0000	30.0000	0.323961100
270.0000	20.0000	30.0000	0.157974320
280.0000	20.0000	30.0000	0.375507900
290.0000	20.0000	30.0000	1.332577000
300.0000	20.0000	30.0000	1.114924700
310.0000	20.0000	30.0000	0.528599900
320.0000	20.0000	30.0000	0.379245760
330.0000	20.0000	30.0000	0.101664450
340.0000	20.0000	30.0000	0.129433200
350.0000	20.0000	30.0000	0.486456160
360.0000	20.0000	30.0000	1.000000000
0.0000	30.0000	30.0000	1.395617800
10.0000	30.0000	30.0000	1.079546100
20.0000	30.0000	30.0000	0.689985800
30.0000	30.0000	30.0000	0.935112240
40.0000	30.0000	30.0000	0.393355280
50.0000	30.0000	30.0000	0.210318400
60.0000	30.0000	30.0000	0.286212100
70.0000	30.0000	30.0000	0.297094300
80.0000	30.0000	30.0000	0.318626400
90.0000	30.0000	30.0000	0.330057230
100.0000	30.0000	30.0000	0.274335770
110.0000	30.0000	30.0000	0.387684760
120.0000	30.0000	30.0000	0.408192430
130.0000	30.0000	30.0000	0.330766260
140.0000	30.0000	30.0000	0.441152360
150.0000	30.0000	30.0000	0.539871300
160.0000	30.0000	30.0000	0.730973500
170.0000	30.0000	30.0000	1.629449200
180.0000	30.0000	30.0000	1.647470200
190.0000	30.0000	30.0000	0.662963300
200.0000	30.0000	30.0000	0.448894170
210.0000	30.0000	30.0000	1.130150200
220.0000	30.0000	30.0000	0.880187450
230.0000	30.0000	30.0000	0.533440050
240.0000	30.0000	30.0000	0.385906930
250.0000	30.0000	30.0000	0.363595280
260.0000	30.0000	30.0000	0.448028620
270.0000	30.0000	30.0000	0.254265730
280.0000	30.0000	30.0000	0.621232570
290.0000	30.0000	30.0000	1.555511500
300.0000	30.0000	30.0000	0.881517100
310.0000	30.0000	30.0000	0.595878500
320.0000	30.0000	30.0000	0.336272600
330.0000	30.0000	30.0000	0.082279080
340.0000	30.0000	30.0000	0.083717410
350.0000	30.0000	30.0000	0.314519850
360.0000	30.0000	30.0000	1.000000000
0.0000	40.0000	30.0000	1.587435600
10.0000	40.0000	30.0000	0.876734850
20.0000	40.0000	30.0000	0.418060000
30.0000	40.0000	30.0000	0.581681800
40.0000	40.0000	30.0000	0.356093020
50.0000	40.0000	30.0000	0.414718750
60.0000	40.0000	30.0000	0.592435540
70.0000	40.0000	30.0000	0.605728700
80.0000	40.0000	30.0000	0.857706550
90.0000	40.0000	30.0000	0.840817500
100.0000	40.0000	30.0000	0.325484000
110.0000	40.0000	30.0000	0.276353100
120.0000	40.0000	30.0000	0.238075700
130.0000	40.0000	30.0000	0.455521230
140.0000	40.0000	30.0000	0.896843700
150.0000	40.0000	30.0000	1.086105000
160.0000	40.0000	30.0000	1.549026400
170.0000	40.0000	30.0000	1.361700000
180.0000	40.0000	30.0000	1.528265600
190.0000	40.0000	30.0000	0.669620700
200.0000	40.0000	30.0000	0.367555740
210.0000	40.0000	30.0000	1.173181800
220.0000	40.0000	30.0000	1.469521800
230.0000	40.0000	30.0000	0.858938500
240.0000	40.0000	30.0000	0.571074500
250.0000	40.0000	30.0000	0.397707000
260.0000	40.0000	30.0000	0.668205400
270.0000	40.0000	30.0000	1.608901600
280.0000	40.0000	30.0000	1.664663800
290.0000	40.0000	30.0000	0.582616000
300.0000	40.0000	30.0000	0.329264160
310.0000	40.0000	30.0000	0.503708660
320.0000	40.0000	30.0000	0.554812100
330.0000	40.0000	30.0000	0.391354770
340.0000	40.0000	30.0000	0.568219700
350.0000	40.0000	30.0000	1.225965400
360.0000	40.0000	30.0000	1.000000000
0.0000	50.0000	30.0000	1.759477900
10.0000	50.0000	30.0000	0.804182770
20.0000	50.0000	30.0000	0.229046340
30.0000	50.0000	30.0000	0.279323500
40.0000	50.0000	30.0000	0.489405400
50.0000	50.0000	30.0000	0.807836060
60.0000	50.0000	30.0000	0.620306250
70.0000	50.0000	30.0000	0.538644500
80.0000	50.0000	30.0000	0.760521000
90.0000	50.0000	30.0000	1.005600900
100.0000	50.0000	30.0000	0.518305000
110.0000	50.0000	30.0000	0.264639940
120.0000	50.0000	30.0000	0.299871650
130.0000	50.0000	30.0000	0.744829300
140.0000	50.0000	30.0000	1.663479900
150.0000	50.0000	30.0000	1.246354500
160.0000	50.0000	30.0000	1.041657400
170.0000	50.0000	30.0000	0.903126060
180.0000	50.0000	30.0000	1.081115100
190.0000	50.0000	30.0000	0.521581600
200.0000	50.0000	30.0000	0.237016410
210.0000	50.0000	30.0000	0.776454870
220.0000	50.0000	30.0000	1.791324500
230.0000	50.0000	30.0000	0.825196500
240.0000	50.0000	30.0000	0.696099300
250.0000	50.0000	30.0000	0.500206600
260.0000	50.0000	30.0000	0.608970340
270.0000	50.0000	30.0000	2.866666800
280.0000	50.0000	30.0000	3.446973800
290.0000	50.0000	30.0000	0.374876050
300.0000	50.0000	30.0000	0.270707280
310.0000	50.0000	30.0000	0.563400000
320.0000	50.0000	30.0000	0.990750300
330.0000	50.0000	30.0000	0.816226840
340.0000	50.0000	30.0000	1.501163500
350.0000	50.0000	30.0000	1.919652300
360.0000	50.0000	30.0000	1.000000000
0.0000	60.0000	30.0000	1.284851000
10.0000	60.0000	30.0000	0.640525300
20.0000	60.0000	30.0000	0.177556780
30.0000	60.0000	30.0000	0.314853340
40.0000	60.0000	30.0000	0.580937900
50.0000	60.0000	30.0000	0.463790300
60.0000	60.0000	30.0000	0.334219460
70.0000	60.0000	30.0000	0.278252660
80.0000	60.0000	30.0000	0.309721380
90.0000	60.0000	30.0000	0.756944360
100.0000	60.0000	30.0000	0.756343960
110.0000	60.0000	30.0000	0.924785730
120.0000	60.0000	30.0000	0.635037540
130.0000	60.0000	30.0000	0.795809200
140.0000	60.0000	30.0000	1.999714100
150.0000	60.0000	30.0000	1.517563100
160.0000	60.0000	30.0000	0.760108230
170.0000	60.0000	30.0000	0.629318540
180.0000	60.0000	30.0000	0.454274680
190.0000	60.0000	30.0000	0.332330670
200.0000	60.0000	30.0000	0.239390450
210.0000	60.0000	30.0000	0.464903300
220.0000	60.0000	30.0000	0.779982700
230.0000	60.0000	30.0000	0.563345500
240.0000	60.0000	30.0000	0.497492760
250.0000	60.0000	30.0000	0.430797430
260.0000	60.0000	30.0000	0.308503180
270.0000	60.0000	30.0000	1.361165300
280.0000	60.0000	30.0000	2.331223500
290.0000	60.0000	30.0000	1.046335200
300.0000	60.0000	30.0000	0.624307700
310.0000	60.0000	30.0000	0.775304260
320.0000	60.0000	30.0000	1.512120100
330.0000	60.0000	30.0000	1.604715100
340.0000	60.0000	30.0000	2.160107000
350.0000	60.0000	30.0000	1.741568000
360.0000	60.0000	30.0000	1.000000000
0.0000	70.0000	30.0000	0.541496340
10.0000	70.0000	30.0000	0.396143140
20.0000	70.0000	30.0000	0.317634400
30.0000	70.0000	30.0000	0.619976460
40.0000	70.0000	30.0000	0.880277450
50.0000	70.0000	30.0000	0.566660200
60.0000	70.0000	30.0000	0.451641800
70.0000	70.0000	30.0000	0.417068480
80.0000	70.0000	30.0000	0.171086700
90.0000	70.0000	30.0000	0.180872740
100.0000	70.0000	30.0000	0.409399240
110.0000	70.0000	30.0000	1.522165200
120.0000	70.0000	30.0000	1.185376900
130.0000	70.0000	30.0000	0.638630870
140.0000	70.0000	30.0000	1.011180800
150.0000	70.0000	30.0000	1.000726200
160.0000	70.0000	30.0000	0.396055820
170.0000	70.0000	30.0000	0.374582530
180.0000	70.0000	30.0000	0.271333340
190.0000	70.0000	30.0000	0.305024920
200.0000	70.0000	30.0000	0.360789540
210.0000	70.0000	30.0000	0.337447670
220.0000	70.0000	30.0000	0.454380540
230.0000	70.0000	30.0000	0.494868810
240.0000	70.0000	30.0000	0.288413520
250.0000	70.0000	30.0000	0.401356760
260.0000	70.0000	30.0000	0.352118250
270.0000	70.0000	30.0000	0.696859100
280.0000	70.0000	30.0000	1.501393200
290.0000	70.0000	30.0000	1.973564700
300.0000	70.0000	30.0000	1.192458200
310.0000	70.0000	30.0000	0.614107670
320.0000	70.0000	30.0000	0.977602060
330.0000	70.0000	30.0000	2.032872400
340.0000	70.0000	30.0000	1.341436700
350.0000	70.0000	30.0000	1.540563500
360.0000	70.0000	30.0000	1.000000000
0.0000	80.0000	30.0000	0.281479120
10.0000	80.0000	30.0000	0.223662600
20.0000	80.0000	30.0000	0.324689500
30.0000	80.0000	30.0000	0.562861260
40.0000	80.0000	30.0000	1.331623400
50.0000	80.0000	30.0000	1.083976400
60.0000	80.0000	30.0000	1.009970000
70.0000	80.0000	30.0000	1.413401000
80.0000	80.0000	30.0000	0.318350940
90.0000	80.0000	30.0000	0.185381670
100.0000	80.0000	30.0000	0.558941800
110.0000	80.0000	30.0000	2.136090300
120.0000	80.0000	30.0000	1.497737400
130.0000	80.0000	30.0000	0.507131640
140.0000	80.0000	30.0000	0.494580330
150.0000	80.0000	30.0000	0.420377800
160.0000	80.0000	30.0000	0.294869780
170.0000	80.0000	30.0000	0.372764230
180.0000	80.0000	30.0000	0.268564280
190.0000	80.0000	30.0000	0.378935700
200.0000	80.0000	30.0000	0.489556070
210.0000	80.0000	30.0000	0.314938220
220.0000	80.0000	30.0000	0.416609880
230.0000	80.0000	30.0000	0.787598900
240.0000	80.0000	30.0000	0.760777300
250.0000	80.0000	30.0000	1.157123400
260.0000	80.0000	30.0000	0.902706400
270.0000	80.0000	30.0000	1.015040000
280.0000	80.0000	30.0000	1.650016900
290.0000	80.0000	30.0000	2.731675400
300.0000	80.0000	30.0000	1.344442200
310.0000	80.0000	30.0000	0.346963500
320.0000	80.0000	30.0000	0.386489450
330.0000	80.0000	30.0000	0.633567300
340.0000	80.0000	30.0000	0.485066440
350.0000	80.0000	30.0000	0.884226860
360.0000	80.0000	30.0000	1.000000000
0.0000	90.0000	30.0000	0.136481460
10.0000	90.0000	30.0000	0.130101030
20.0000	90.0000	30.0000	0.238583310
30.0000	90.0000	30.0000	0.412585470
40.0000	90.0000	30.0000	1.091823100
50.0000	90.0000	30.0000	1.157962700
60.0000	90.0000	30.0000	1.232686800
70.0000	90.0000	30.0000	2.065612800
80.0000	90.0000	30.0000	0.597982470
90.0000	90.0000	30.0000	0.386997850
100.0000	90.0000	30.0000	1.386668000
110.0000	90.0000	30.0000	3.512624000
120.0000	90.0000	30.0000	1.662098000
130.0000	90.0000	30.0000	0.786902400
140.0000	90.0000	30.0000	0.417398870
150.0000	90.0000	30.0000	0.221670510
160.0000	90.0000	30.0000	0.241202580
170.0000	90.0000	30.0000	0.234098960
180.0000	90.0000	30.0000	0.179752810
190.0000	90.0000	30.0000	0.416566700
200.0000	90.0000	30.0000	0.517039240
210.0000	90.0000	30.0000	0.361379600
220.0000	90.0000	30.0000	0.375906770
230.0000	90.0000	30.0000	0.899822650
240.0000	90.0000	30.0000	1.693218200
250.0000	90.0000	30.0000	3.239642400
260.0000	90.0000	30.0000	1.724671700
270.0000	90.0000	30.0000	1.413931600
280.0000	90.0000	30.0000	1.942292700
290.0000	90.0000	30.0000	2.698818000
300.0000	90.0000	30.0000	1.072729000
310.0000	90.0000	30.0000	0.269488750
320.0000	90.0000	30.0000	0.185871170
330.0000	90.0000	30.0000	0.305086020
340.0000	90.0000	30.0000	0.323183480
350.0000	90.0000	30.0000	0.548612000
360.0000	90.0000	30.0000	1.000000000
0.0000	0.0000	40.0000	1.000000000
10.0000	0.0000	40.0000	1.000000000
20.0000	0.0000	40.0000	1.000000000
30.0000	0.0000	40.0000	1.000000000
40.0000	0.0000	40.0000	1.000000000
50.0000	0.0000	40.0000	1.000000000
60.0000	0.0000	40.0000	1.000000000
70.0000	0.0000	40.0000	1.000000000
80.0000	0.0000	40.0000	1.000000000
90.0000	0.0000	40.0000	1.000000000
100.0000	0.0000	40.0000	1.000000000
110.0000	0.0000	40.0000	1.000000000
120.0000	0.0000	40.0000	1.000000000
130.0000	0.0000	40.0000	1.000000000
140.0000	0.0000	40.0000	1.000000000
150.0000	0.0000	40.0000	1.000000000
160.0000	0.0000	40.0000	1.000000000
170.0000	0.0000	40.0000	1.000000000
180.0000	0.0000	40.0000	1.000000000
190.0000	0.0000	40.0000	1.000000000
200.0000	0.0000	40.0000	1.000000000
210.0000	0.0000	40.0000	1.000000000
220.0000	0.0000	40.0000	1.000000000
230.0000	0.0000	40.0000	1.000000000
240.0000	0.0000	40.0000	1.000000000
250.0000	0.0000	40.0000	1.000000000
260.0000	0.0000	40.0000	1.000000000
270.0000	0.0000	40.0000	1.000000000
280.0000	0.0000	40.0000	1.000000000
290.0000	0.0000	40.0000	1.000000000
300.0000	0.0000	40.0000	1.000000000
310.0000	0.0000	40.0000	1.000000000
320.0000	0.0000	40.0000	1.000000000
330.0000	0.0000	40.0000	1.000000000
340.0000	0.0000	40.0000	1.000000000
350.0000	0.0000	40.0000	1.000000000
360.0000	0.0000	40.0000	1.000000000
0.0000	10.0000	40.0000	0.630229200
10.0000	10.0000	40.0000	2.690655500
20.0000	10.0000	40.0000	4.274882300
30.0000	10.0000	40.0000	0.292051260
40.0000	10.0000	40.0000	0.115915455
50.0000	10.0000	40.0000	0.102431650
60.0000	10.0000	40.0000	0.183209970
70.0000	10.0000	40.0000	0.536329570
80.0000	10.0000	40.0000	1.836655600
90.0000	10.0000	40.0000	7.285125700
100.0000	10.0000	40.0000	10.263329000
110.0000	10.0000	40.0000	1.883798100
120.0000	10.0000	40.0000	0.562168700
130.0000	10.0000	40.0000	0.106999690
140.0000	10.0000	40.0000	0.063795075
150.0000	10.0000	40.0000	0.085561120
160.0000	10.0000	40.0000	1.070344200
170.0000	10.0000	40.0000	1.292692900
180.0000	10.0000	40.0000	0.199799940
190.0000	10.0000	40.0000	0.576426800
200.0000	10.0000	40.0000	1.056641600
210.0000	10.0000	40.0000	0.370984140
220.0000	10.0000	40.0000	0.060986680
230.0000	10.0000	40.0000	0.054117970
240.0000	10.0000	40.0000	0.135908080
250.0000	10.0000	40.0000	0.398616000
260.0000	10.0000	40.0000	1.479190000
270.0000	10.0000	40.0000	6.703824000
280.0000	10.0000	40.0000	9.324333000
290.0000	10.0000	40.0000	1.659944900
300.0000	10.0000	40.0000	0.735893400
310.0000	10.0000	40.0000	0.188361500
320.0000	10.0000	40.0000	0.096660650
330.0000	10.0000	40.0000	0.099391080
340.0000	10.0000	40.0000	0.992768050
350.0000	10.0000	40.0000	1.858438100
360.0000	10.0000	40.0000	1.000000000
0.0000	20.0000	40.0000	0.805805270
10.0000	20.0000	40.0000	1.392193800
20.0000	20.0000	40.0000	1.808357200
30.0000	20.0000	40.0000	0.432531180
40.0000	20.0000	40.0000	0.131825120
50.0000	20.0000	40.0000	0.170259420
60.0000	20.0000	40.0000	0.266997720
70.0000	20.0000	40.0000	0.315615770
80.0000	20.0000	40.0000	0.878742160
90.0000	20.0000	40.0000	4.330729500
100.0000	20.0000	40.0000	1.640890100
110.0000	20.0000	40.0000	0.389333430
120.0000	20.0000	40.0000	0.339296220
130.0000	20.0000	40.0000	0.170468270
140.0000	20.0000	40.0000	0.107299250
150.0000	20.0000	40.0000	0.191297070
160.0000	20.0000	40.0000	0.735656440
170.0000	20.0000	40.0000	1.199834600
180.0000	20.0000	40.0000	0.525319040
190.0000	20.0000	40.0000	0.534516160
200.0000	20.0000	40.0000	1.058286000
210.0000	20.0000	40.0000	0.693552000
220.0000	20.0000	40.0000	0.165197070
230.0000	20.0000	40.0000	0.189772350
240.0000	20.0000	40.0000	0.533910700
250.0000	20.0000	40.0000	0.391850100
260.0000	20.0000	40.0000	0.743242200
270.0000	20.0000	40.0000	3.857215000
280.0000	20.0000	40.0000	1.094962700
290.0000	20.0000	40.0000	0.367248700
300.0000	20.0000	40.0000	0.630189900
310.0000	20.0000	40.0000	0.309651500
320.0000	20.0000	40.0000	0.143387110
330.0000	20.0000	40.0000	0.146415580
340.0000	20.0000	40.0000	0.426242470
350.0000	20.0000	40.0000	0.919743700
360.0000	20.0000	40.0000	1.000000000
0.0000	30.0000	40.0000	0.976563330
10.0000	30.0000	40.0000	0.916564460
20.0000	30.0000	40.0000	1.341979100
30.0000	30.0000	40.0000	0.563435730
40.0000	30.0000	40.0000	0.200811150
50.0000	30.0000	40.0000	0.251709640
60.0000	30.0000	40.0000	0.245461460
70.0000	30.0000	40.0000	0.267333800
80.0000	30.0000	40.0000	0.398483460
90.0000	30.0000	40.0000	0.791010200
100.0000	30.0000	40.0000	0.710282000
110.0000	30.0000	40.0000	0.268794120
120.0000	30.0000	40.0000	0.236081050
130.0000	30.0000	40.0000	0.295994460
140.0000	30.0000	40.0000	0.332062480
150.0000	30.0000	40.0000	0.710290850
160.0000	30.0000	40.0000	1.160543800
170.0000	30.0000	40.0000	1.384076700
180.0000	30.0000	40.0000	1.082612200
190.0000	30.0000	40.0000	0.845576000
200.0000	30.0000	40.0000	1.325213300
210.0000	30.0000	40.0000	1.463731300
220.0000	30.0000	40.0000	0.735886160
230.0000	30.0000	40.0000	0.443093240
240.0000	30.0000	40.0000	0.351599070
250.0000	30.0000	40.0000	0.287968640
260.0000	30.0000	40.0000	0.331917970
270.0000	30.0000	40.0000	0.737509000
280.0000	30.0000	40.0000	0.569447900
290.0000	30.0000	40.0000	0.374310760
300.0000	30.0000	40.0000	0.531637250
310.0000	30.0000	40.0000	0.335196700
320.0000	30.0000	40.0000	0.197720960
330.0000	30.0000	40.0000	0.211686920
340.0000	30.0000	40.0000	0.427248060
350.0000	30.0000	40.0000	1.008162300
360.0000	30.0000	40.0000	1.000000000
0.0000	40.0000	40.0000	1.011166300
10.0000	40.0000	40.0000	0.967531200
20.0000	40.0000	40.0000	1.609441900
30.0000	40.0000	40.0000	0.991927440
40.0000	40.0000	40.0000	0.575199250
50.0000	40.0000	40.0000	0.383804470
60.0000	40.0000	40.0000	0.255422120
70.0000	40.0000	40.0000	0.307863530
80.0000	40.0000	40.0000	0.393402930
90.0000	40.0000	40.0000	0.636516330
100.0000	40.0000	40.0000	0.448727900
110.0000	40.0000	40.0000	0.208715720
120.0000	40.0000	40.0000	0.262020700
130.0000	40.0000	40.0000	0.603113700
140.0000	40.0000	40.0000	0.806923000
150.0000	40.0000	40.0000	1.506308700
160.0000	40.0000	40.0000	1.703470000
170.0000	40.0000	40.0000	0.957973900
180.0000	40.0000	40.0000	0.993037400
190.0000	40.0000	40.0000	0.795074500
200.0000	40.0000	40.0000	1.047845400
210.0000	40.0000	40.0000	2.984451000
220.0000	40.0000	40.0000	2.284315800
230.0000	40.0000	40.0000	0.809188370
240.0000	40.0000	40.0000	0.312083800
250.0000	40.0000	40.0000	0.218429760
260.0000	40.0000	40.0000	0.329819020
270.0000	40.0000	40.0000	0.832250200
280.0000	40.0000	40.0000	0.730206850
290.0000	40.0000	40.0000	0.201692880
300.0000	40.0000	40.0000	0.145737950
310.0000	40.0000	40.0000	0.218941850
320.0000	40.0000	40.0000	0.362209200
330.0000	40.0000	40.0000	0.549539600
340.0000	40.0000	40.0000	1.378053400
350.0000	40.0000	40.0000	1.764283000
360.0000	40.0000	40.0000	1.000000000
0.0000	50.0000	40.0000	0.988242600
10.0000	50.0000	40.0000	0.841446160
20.0000	50.0000	40.0000	1.023344300
30.0000	50.0000	40.0000	2.045043700
40.0000	50.0000	40.0000	1.593759100
50.0000	50.0000	40.0000	0.511133600
60.0000	50.0000	40.0000	0.336569670
70.0000	50.0000	40.0000	0.437277500
80.0000	50.0000	40.0000	0.925830200
90.0000	50.0000	40.0000	1.674865700
100.0000	50.0000	40.0000	0.790552400
110.0000	50.0000	40.0000	0.415528830
120.0000	50.0000	40.0000	0.596292140
130.0000	50.0000	40.0000	1.089109400
140.0000	50.0000	40.0000	1.783891300
150.0000	50.0000	40.0000	2.620564700
160.0000	50.0000	40.0000	2.052280200
170.0000	50.0000	40.0000	0.702471300
180.0000	50.0000	40.0000	0.626015800
190.0000	50.0000	40.0000	0.438383200
200.0000	50.0000	40.0000	0.626585070
210.0000	50.0000	40.0000	3.383171800
220.0000	50.0000	40.0000	2.523321600
230.0000	50.0000	40.0000	0.721066300
240.0000	50.0000	40.0000	0.566942450
250.0000	50.0000	40.0000	0.517260130
260.0000	50.0000	40.0000	0.882901550
270.0000	50.0000	40.0000	3.233549000
280.0000	50.0000	40.0000	2.043099900
290.0000	50.0000	40.0000	0.336570620
300.0000	50.0000	40.0000	0.320893700
310.0000	50.0000	40.0000	0.679689470
320.0000	50.0000	40.0000	1.177232300
330.0000	50.0000	40.0000	1.522827300
340.0000	50.0000	40.0000	1.643883700
350.0000	50.0000	40.0000	0.893098300
360.0000	50.0000	40.0000	1.000000000
0.0000	60.0000	40.0000	0.869631770
10.0000	60.0000	40.0000	0.653316260
20.0000	60.0000	40.0000	0.664655200
30.0000	60.0000	40.0000	3.064523700
40.0000	60.0000	40.0000	1.418727600
50.0000	60.0000	40.0000	0.265250400
60.0000	60.0000	40.0000	0.366013320
70.0000	60.0000	40.0000	0.514525100
80.0000	60.0000	40.0000	0.751301940
90.0000	60.0000	40.0000	1.553045300
100.0000	60.0000	40.0000	1.829838300
110.0000	60.0000	40.0000	1.716259600
120.0000	60.0000	40.0000	0.864718200
130.0000	60.0000	40.0000	0.825390160
140.0000	60.0000	40.0000	1.718857000
150.0000	60.0000	40.0000	1.974106700
160.0000	60.0000	40.0000	1.813378600
170.0000	60.0000	40.0000	0.812533140
180.0000	60.0000	40.0000	0.392784500
190.0000	60.0000	40.0000	0.318937570
200.0000	60.0000	40.0000	0.504067200
210.0000	60.0000	40.0000	1.540655600
220.0000	60.0000	40.0000	0.903078800
230.0000	60.0000	40.0000	0.298032050
240.0000	60.0000	40.0000	0.577081260
250.0000	60.0000	40.0000	0.996605100
260.0000	60.0000	40.0000	0.903308900
270.0000	60.0000	40.0000	2.332468000
280.0000	60.0000	40.0000	2.754554300
290.0000	60.0000	40.0000	0.909323930
300.0000	60.0000	40.0000	0.536828400
310.0000	60.0000	40.0000	0.529914100
320.0000	60.0000	40.0000	1.170826000
330.0000	60.0000	40.0000	3.007949400
340.0000	60.0000	40.0000	1.947739100
350.0000	60.0000	40.0000	0.713125600
360.0000	60.0000	40.0000	1.000000000
0.0000	70.0000	40.0000	0.578514500
10.0000	70.0000	40.0000	0.654217600
20.0000	70.0000	40.0000	1.404684000
30.0000	70.0000	40.0000	1.976821000
40.0000	70.0000	40.0000	0.659994600
50.0000	70.0000	40.0000	0.208475250
60.0000	70.0000	40.0000	0.353118840
70.0000	70.0000	40.0000	0.499556840
80.0000	70.0000	40.0000	0.383303300
90.0000	70.0000	40.0000	0.664502140
100.0000	70.0000	40.0000	1.573872300
110.0000	70.0000	40.0000	2.331948000
120.0000	70.0000	40.0000	0.827298160
130.0000	70.0000	40.0000	0.324925150
140.0000	70.0000	40.0000	0.433515500
150.0000	70.0000	40.0000	0.507946100
160.0000	70.0000	40.0000	0.955500660
170.0000	70.0000	40.0000	1.118349400
180.0000	70.0000	40.0000	0.515737500
190.0000	70.0000	40.0000	0.544807700
200.0000	70.0000	40.0000	0.734610560
210.0000	70.0000	40.0000	0.454124900
220.0000	70.0000	40.0000	0.253869680
230.0000	70.0000	40.0000	0.208464770
240.0000	70.0000	40.0000	0.449608400
250.0000	70.0000	40.0000	1.002103100
260.0000	70.0000	40.0000	0.819301550
270.0000	70.0000	40.0000	1.369247300
280.0000	70.0000	40.0000	1.626052300
290.0000	70.0000	40.0000	1.105488400
300.0000	70.0000	40.0000	0.581164240
310.0000	70.0000	40.0000	0.261636820
320.0000	70.0000	40.0000	0.579025000
330.0000	70.0000	40.0000	2.018391800
340.0000	70.0000	40.0000	1.476344600
350.0000	70.0000	40.0000	1.077045100
360.0000	70.0000	40.0000	1.000000000
0.0000	80.0000	40.0000	0.527383900
10.0000	80.0000	40.0000	0.577469470
20.0000	80.0000	40.0000	1.705008700
30.0000	80.0000	40.0000	1.015475400
40.0000	80.0000	40.0000	0.895365240
50.0000	80.0000	40.0000	1.412049800
60.0000	80.0000	40.0000	1.305357200
70.0000	80.0000	40.0000	1.707897500
80.0000	80.0000	40.0000	0.928773100
90.0000	80.0000	40.0000	1.102993200
100.0000	80.0000	40.0000	2.911365500
110.0000	80.0000	40.0000	3.150689100
120.0000	80.0000	40.0000	1.212105800
130.0000	80.0000	40.0000	0.583813670
140.0000	80.0000	40.0000	0.387568740
150.0000	80.0000	40.0000	0.472851720
160.0000	80.0000	40.0000	1.061371600
170.0000	80.0000	40.0000	1.171096800
180.0000	80.0000	40.0000	0.831720530
190.0000	80.0000	40.0000	1.196839300
200.0000	80.0000	40.0000	1.832168200
210.0000	80.0000	40.0000	0.448881360
220.0000	80.0000	40.0000	0.345204170
230.0000	80.0000	40.0000	0.744221870
240.0000	80.0000	40.0000	0.969597100
250.0000	80.0000	40.0000	1.834415400
260.0000	80.0000	40.0000	2.188526600
270.0000	80.0000	40.0000	2.653499600
280.0000	80.0000	40.0000	2.462237800
290.0000	80.0000	40.0000	1.635615100
300.0000	80.0000	40.0000	0.775135340
310.0000	80.0000	40.0000	0.416442480
320.0000	80.0000	40.0000	0.412677940
330.0000	80.0000	40.0000	0.656823340
340.0000	80.0000	40.0000	0.924309550
350.0000	80.0000	40.0000	1.169415500
360.0000	80.0000	40.0000	1.000000000
0.0000	90.0000	40.0000	0.386768280
10.0000	90.0000	40.0000	0.335140350
20.0000	90.0000	40.0000	1.174784900
30.0000	90.0000	40.0000	0.870815750
40.0000	90.0000	40.0000	1.169710600
50.0000	90.0000	40.0000	2.744897600
60.0000	90.0000	40.0000	2.263950800
70.0000	90.0000	40.0000	3.862751200
80.0000	90.0000	40.0000	1.784160600
90.0000	90.0000	40.0000	2.059418700
100.0000	90.0000	40.0000	6.609403600
110.0000	90.0000	40.0000	5.975976000
120.0000	90.0000	40.0000	2.231714000
130.0000	90.0000	40.0000	2.207433700
140.0000	90.0000	40.0000	0.686849240
150.0000	90.0000	40.0000	0.764861940
160.0000	90.0000	40.0000	1.947001700
170.0000	90.0000	40.0000	0.740200200
180.0000	90.0000	40.0000	0.627649800
190.0000	90.0000	40.0000	1.346308400
200.0000	90.0000	40.0000	2.119541200
210.0000	90.0000	40.0000	0.560003000
220.0000	90.0000	40.0000	0.569987400
230.0000	90.0000	40.0000	1.517515800
240.0000	90.0000	40.0000	1.934411300
250.0000	90.0000	40.0000	4.378246000
260.0000	90.0000	40.0000	3.413985500
270.0000	90.0000	40.0000	3.305172200
280.0000	90.0000	40.0000	3.822129700
290.0000	90.0000	40.0000	2.686029000
300.0000	90.0000	40.0000	1.126265900
310.0000	90.0000	40.0000	0.792998800
320.0000	90.0000	40.0000	0.438156700
330.0000	90.0000	40.0000	0.528000830
340.0000	90.0000	40.0000	1.318153400
350.0000	90.0000	40.0000	1.583689000
360.0000	90.0000	40.0000	1.000000000
0.0000	0.0000	50.0000	1.000000000
10.0000	0.0000	50.0000	1.000000000
20.0000	0.0000	50.0000	1.000000000
30.0000	0.0000	50.0000	1.000000000
40.0000	0.0000	50.0000	1.000000000
50.0000	0.0000	50.0000	1.000000000
60.0000	0.0000	50.0000	1.000000000
70.0000	0.0000	50.0000	1.000000000
80.0000	0.0000	50.0000	1.000000000
90.0000	0.0000	50.0000	1.000000000
100.0000	0.0000	50.0000	1.000000000
110.0000	0.0000	50.0000	1.000000000
120.0000	0.0000	50.0000	1.000000000
130.0000	0.0000	50.0000	1.000000000
140.0000	0.0000	50.0000	1.000000000
150.0000	0.0000	50.0000	1.000000000
160.0000	0.0000	50.0000	1.000000000
170.0000	0.0000	50.0000	1.000000000
180.0000	0.0000	50.0000	1.000000000
190.0000	0.0000	50.0000	1.000000000
200.0000	0.0000	50.0000	1.000000000
210.0000	0.0000	50.0000	1.000000000
220.0000	0.0000	50.0000	1.000000000
230.0000	0.0000	50.0000	1.000000000
240.0000	0.0000	50.0000	1.000000000
250.0000	0.0000	50.0000	1.000000000
260.0000	0.0000	50.0000	1.000000000
270.0000	0.0000	50.0000	1.000000000
280.0000	0.0000	50.0000	1.000000000
290.0000	0.0000	50.0000	1.000000000
300.0000	0.0000	50.0000	1.000000000
310.0000	0.0000	50.0000	1.000000000
320.0000	0.0000	50.0000	1.000000000
330.0000	0.0000	50.0000	1.000000000
340.0000	0.0000	50.0000	1.000000000
350.0000	0.0000	50.0000	1.000000000
360.0000	0.0000	50.0000	1.000000000
0.0000	10.0000	50.0000	0.736284400
10.0000	10.0000	50.0000	3.137095200
20.0000	10.0000	50.0000	2.648479200
30.0000	10.0000	50.0000	0.095952176
40.0000	10.0000	50.0000	0.077643920
50.0000	10.0000	50.0000	0.138819010
60.0000	10.0000	50.0000	0.672826650
70.0000	10.0000	50.0000	1.522706900
80.0000	10.0000	50.0000	2.574857000
90.0000	10.0000	50.0000	6.933872700
100.0000	10.0000	50.0000	7.115342000
110.0000	10.0000	50.0000	0.324134900
120.0000	10.0000	50.0000	0.079782100
130.0000	10.0000	50.0000	0.065007790
140.0000	10.0000	50.0000	0.107265115
150.0000	10.0000	50.0000	0.253158660
160.0000	10.0000	50.0000	1.359440700
170.0000	10.0000	50.0000	0.801950400
180.0000	10.0000	50.0000	0.288578000
190.0000	10.0000	50.0000	0.919266460
200.0000	10.0000	50.0000	0.628708960
210.0000	10.0000	50.0000	0.056802608
220.0000	10.0000	50.0000	0.053579370
230.0000	10.0000	50.0000	0.246411410
240.0000	10.0000	50.0000	1.269122700
250.0000	10.0000	50.0000	1.296223200
260.0000	10.0000	50.0000	2.547332800
270.0000	10.0000	50.0000	7.310795000
280.0000	10.0000	50.0000	7.118444000
290.0000	10.0000	50.0000	0.446840600
300.0000	10.0000	50.0000	0.159095100
310.0000	10.0000	50.0000	0.111757055
320.0000	10.0000	50.0000	0.121218376
330.0000	10.0000	50.0000	0.293415070
340.0000	10.0000	50.0000	1.435631800
350.0000	10.0000	50.0000	1.550345800
360.0000	10.0000	50.0000	1.000000000
0.0000	20.0000	50.0000	0.855326500
10.0000	20.0000	50.0000	1.680238800
20.0000	20.0000	50.0000	0.769660900
30.0000	20.0000	50.0000	0.127090890
40.0000	20.0000	50.0000	0.105098106
50.0000	20.0000	50.0000	0.187946360
60.0000	20.0000	50.0000	0.386803840
70.0000	20.0000	50.0000	0.461912800
80.0000	20.0000	50.0000	1.009933400
90.0000	20.0000	50.0000	3.880729400
100.0000	20.0000	50.0000	1.512140600
110.0000	20.0000	50.0000	0.343358670
120.0000	20.0000	50.0000	0.280131940
130.0000	20.0000	50.0000	0.165112390
140.0000	20.0000	50.0000	0.159416510
150.0000	20.0000	50.0000	0.612174300
160.0000	20.0000	50.0000	1.313491000
170.0000	20.0000	50.0000	0.829448800
180.0000	20.0000	50.0000	0.611240740
190.0000	20.0000	50.0000	0.942925500
200.0000	20.0000	50.0000	0.789043200
210.0000	20.0000	50.0000	0.176682380
220.0000	20.0000	50.0000	0.084200970
230.0000	20.0000	50.0000	0.263500750
240.0000	20.0000	50.0000	0.637412600
250.0000	20.0000	50.0000	0.353999400
260.0000	20.0000	50.0000	0.696446200
270.0000	20.0000	50.0000	3.910139600
280.0000	20.0000	50.0000	1.171020700
290.0000	20.0000	50.0000	0.291733350
300.0000	20.0000	50.0000	0.426660240
310.0000	20.0000	50.0000	0.227521000
320.0000	20.0000	50.0000	0.145227570
330.0000	20.0000	50.0000	0.349653100
340.0000	20.0000	50.0000	0.959834930
350.0000	20.0000	50.0000	0.872048740
360.0000	20.0000	50.0000	1.000000000
0.0000	30.0000	50.0000	0.901470360
10.0000	30.0000	50.0000	0.993422100
20.0000	30.0000	50.0000	0.510064070
30.0000	30.0000	50.0000	0.209940910
40.0000	30.0000	50.0000	0.120339250
50.0000	30.0000	50.0000	0.252758260
60.0000	30.0000	50.0000	0.396269830
70.0000	30.0000	50.0000	0.348912420
80.0000	30.0000	50.0000	0.447579740
90.0000	30.0000	50.0000	0.792587800
100.0000	30.0000	50.0000	0.729435740
110.0000	30.0000	50.0000	0.287437950
120.0000	30.0000	50.0000	0.230978300
130.0000	30.0000	50.0000	0.273636160
140.0000	30.0000	50.0000	0.517050150
150.0000	30.0000	50.0000	1.240258800
160.0000	30.0000	50.0000	1.733626100
170.0000	30.0000	50.0000	1.054839100
180.0000	30.0000	50.0000	1.335279300
190.0000	30.0000	50.0000	1.892292000
200.0000	30.0000	50.0000	1.743006200
210.0000	30.0000	50.0000	0.942564000
220.0000	30.0000	50.0000	0.381279920
230.0000	30.0000	50.0000	0.294600400
240.0000	30.0000	50.0000	0.369187560
250.0000	30.0000	50.0000	0.263673720
260.0000	30.0000	50.0000	0.302800180
270.0000	30.0000	50.0000	0.725814200
280.0000	30.0000	50.0000	0.524637940
290.0000	30.0000	50.0000	0.275946530
300.0000	30.0000	50.0000	0.351083960
310.0000	30.0000	50.0000	0.400589020
320.0000	30.0000	50.0000	0.279418620
330.0000	30.0000	50.0000	0.353802650
340.0000	30.0000	50.0000	0.952505650
350.0000	30.0000	50.0000	0.671865460
360.0000	30.0000	50.0000	1.000000000
0.0000	40.0000	50.0000	0.943584100
10.0000	40.0000	50.0000	1.134138500
20.0000	40.0000	50.0000	1.161849500
30.0000	40.0000	50.0000	0.716877000
40.0000	40.0000	50.0000	0.444187340
50.0000	40.0000	50.0000	0.221586150
60.0000	40.0000	50.0000	0.171071710
70.0000	40.0000	50.0000	0.242597460
80.0000	40.0000	50.0000	0.529536900
90.0000	40.0000	50.0000	0.758350200
100.0000	40.0000	50.0000	0.492006150
110.0000	40.0000	50.0000	0.249293070
120.0000	40.0000	50.0000	0.290389120
130.0000	40.0000	50.0000	0.587853850
140.0000	40.0000	50.0000	1.653181200
150.0000	40.0000	50.0000	2.594550000
160.0000	40.0000	50.0000	1.411265300
170.0000	40.0000	50.0000	0.850473100
180.0000	40.0000	50.0000	1.287387600
190.0000	40.0000	50.0000	1.394872300
200.0000	40.0000	50.0000	1.467738700
210.0000	40.0000	50.0000	2.302963000
220.0000	40.0000	50.0000	1.449294800
230.0000	40.0000	50.0000	0.646380960
240.0000	40.0000	50.0000	0.197347030
250.0000	40.0000	50.0000	0.134937000
260.0000	40.0000	50.0000	0.293704240
270.0000	40.0000	50.0000	0.723158600
280.0000	40.0000	50.0000	0.484717340
290.0000	40.0000	50.0000	0.322965770
300.0000	40.0000	50.0000	0.296743930
310.0000	40.0000	50.0000	0.423726860
320.0000	40.0000	50.0000	0.569338300
330.0000	40.0000	50.0000	0.676860870
340.0000	40.0000	50.0000	1.088576100
350.0000	40.0000	50.0000	0.590310750
360.0000	40.0000	50.0000	1.000000000
0.0000	50.0000	50.0000	0.895268400
10.0000	50.0000	50.0000	1.108290600
20.0000	50.0000	50.0000	1.647859800
30.0000	50.0000	50.0000	2.304349700
40.0000	50.0000	50.0000	1.563317500
50.0000	50.0000	50.0000	0.505614600
60.0000	50.0000	50.0000	0.299895700
70.0000	50.0000	50.0000	0.408820800
80.0000	50.0000	50.0000	1.580740800
90.0000	50.0000	50.0000	2.573262700
100.0000	50.0000	50.0000	0.819328100
110.0000	50.0000	50.0000	0.460937000
120.0000	50.0000	50.0000	0.595488850
130.0000	50.0000	50.0000	0.864087300
140.0000	50.0000	50.0000	2.920997900
150.0000	50.0000	50.0000	3.629390500
160.0000	50.0000	50.0000	0.712519650
170.0000	50.0000	50.0000	0.412939600
180.0000	50.0000	50.0000	0.788697960
190.0000	50.0000	50.0000	0.854415000
200.0000	50.0000	50.0000	1.291062700
210.0000	50.0000	50.0000	2.640087600
220.0000	50.0000	50.0000	2.309631300
230.0000	50.0000	50.0000	1.249310900
240.0000	50.0000	50.0000	0.545831400
250.0000	50.0000	50.0000	0.412908430
260.0000	50.0000	50.0000	0.924269800
270.0000	50.0000	50.0000	2.129169500
280.0000	50.0000	50.0000	1.059643900
290.0000	50.0000	50.0000	0.407155360
300.0000	50.0000	50.0000	0.359676660
310.0000	50.0000	50.0000	0.586859000
320.0000	50.0000	50.0000	1.310739200
330.0000	50.0000	50.0000	1.700137300
340.0000	50.0000	50.0000	0.753417200
350.0000	50.0000	50.0000	0.329256950
360.0000	50.0000	50.0000	1.000000000
0.0000	60.0000	50.0000	0.759119450
10.0000	60.0000	50.0000	0.900005100
20.0000	60.0000	50.0000	2.234940800
30.0000	60.0000	50.0000	4.632112500
40.0000	60.0000	50.0000	1.156341900
50.0000	60.0000	50.0000	0.435171100
60.0000	60.0000	50.0000	0.645921350
70.0000	60.0000	50.0000	1.042368300
80.0000	60.0000	50.0000	1.689554800
90.0000	60.0000	50.0000	2.481135400
100.0000	60.0000	50.0000	1.570456500
110.0000	60.0000	50.0000	1.004220600
120.0000	60.0000	50.0000	0.492052760
130.0000	60.0000	50.0000	0.411746140
140.0000	60.0000	50.0000	1.162901900
150.0000	60.0000	50.0000	1.459672100
160.0000	60.0000	50.0000	0.500290750
170.0000	60.0000	50.0000	0.364848200
180.0000	60.0000	50.0000	0.473834220
190.0000	60.0000	50.0000	0.710010000
200.0000	60.0000	50.0000	1.297375900
210.0000	60.0000	50.0000	1.988364600
220.0000	60.0000	50.0000	1.222078300
230.0000	60.0000	50.0000	0.616597830
240.0000	60.0000	50.0000	1.043730400
250.0000	60.0000	50.0000	2.059999700
260.0000	60.0000	50.0000	1.442501500
270.0000	60.0000	50.0000	1.837190600
280.0000	60.0000	50.0000	1.216070400
290.0000	60.0000	50.0000	0.443150700
300.0000	60.0000	50.0000	0.364380300
310.0000	60.0000	50.0000	0.358280930
320.0000	60.0000	50.0000	1.282254700
330.0000	60.0000	50.0000	2.128779400
340.0000	60.0000	50.0000	0.481250820
350.0000	60.0000	50.0000	0.264573100
360.0000	60.0000	50.0000	1.000000000
0.0000	70.0000	50.0000	0.551383730
10.0000	70.0000	50.0000	0.851309800
20.0000	70.0000	50.0000	2.961801500
30.0000	70.0000	50.0000	2.612923900
40.0000	70.0000	50.0000	0.445919280
50.0000	70.0000	50.0000	0.282293470
60.0000	70.0000	50.0000	0.805544500
70.0000	70.0000	50.0000	1.225059400
80.0000	70.0000	50.0000	1.460080700
90.0000	70.0000	50.0000	1.923792500
100.0000	70.0000	50.0000	1.459687200
110.0000	70.0000	50.0000	1.057577000
120.0000	70.0000	50.0000	0.361213420
130.0000	70.0000	50.0000	0.196571050
140.0000	70.0000	50.0000	0.284829800
150.0000	70.0000	50.0000	0.547943100
160.0000	70.0000	50.0000	0.886788000
170.0000	70.0000	50.0000	0.653288800
180.0000	70.0000	50.0000	0.527894900
190.0000	70.0000	50.0000	0.800807240
200.0000	70.0000	50.0000	0.826332100
210.0000	70.0000	50.0000	0.460433750
220.0000	70.0000	50.0000	0.244209780
230.0000	70.0000	50.0000	0.278505440
240.0000	70.0000	50.0000	0.980066540
250.0000	70.0000	50.0000	2.069416500
260.0000	70.0000	50.0000	1.112617400
270.0000	70.0000	50.0000	0.745243900
280.0000	70.0000	50.0000	0.443253000
290.0000	70.0000	50.0000	0.375834820
300.0000	70.0000	50.0000	0.324288930
310.0000	70.0000	50.0000	0.228553890
320.0000	70.0000	50.0000	0.724724650
330.0000	70.0000	50.0000	1.641160600
340.0000	70.0000	50.0000	0.740990500
350.0000	70.0000	50.0000	0.608141500
360.0000	70.0000	50.0000	1.000000000
0.0000	80.0000	50.0000	0.591014150
10.0000	80.0000	50.0000	0.809851050
20.0000	80.0000	50.0000	2.331049400
30.0000	80.0000	50.0000	0.949799300
40.0000	80.0000	50.0000	0.424605760
50.0000	80.0000	50.0000	0.485914920
60.0000	80.0000	50.0000	1.132703300
70.0000	80.0000	50.0000	1.907787900
80.0000	80.0000	50.0000	3.499885300
90.0000	80.0000	50.0000	4.407647600
100.0000	80.0000	50.0000	4.095416500
110.0000	80.0000	50.0000	2.462746900
120.0000	80.0000	50.0000	1.338817000
130.0000	80.0000	50.0000	1.223958600
140.0000	80.0000	50.0000	0.391348720
150.0000	80.0000	50.0000	0.540447950
160.0000	80.0000	50.0000	1.872436500
170.0000	80.0000	50.0000	0.913194200
180.0000	80.0000	50.0000	0.726229200
190.0000	80.0000	50.0000	1.041981500
200.0000	80.0000	50.0000	0.785502100
210.0000	80.0000	50.0000	0.314159570
220.0000	80.0000	50.0000	0.238750300
230.0000	80.0000	50.0000	0.458485160
240.0000	80.0000	50.0000	1.069987800
250.0000	80.0000	50.0000	1.508640300
260.0000	80.0000	50.0000	1.434104000
270.0000	80.0000	50.0000	0.934247300
280.0000	80.0000	50.0000	0.806926400
290.0000	80.0000	50.0000	0.954889300
300.0000	80.0000	50.0000	0.865352500
310.0000	80.0000	50.0000	0.872183860
320.0000	80.0000	50.0000	0.722985500
330.0000	80.0000	50.0000	1.000145400
340.0000	80.0000	50.0000	1.351021400
350.0000	80.0000	50.0000	1.072399600
360.0000	80.0000	50.0000	1.000000000
0.0000	90.0000	50.0000	0.463322280
10.0000	90.0000	50.0000	0.559451640
20.0000	90.0000	50.0000	2.465846500
30.0000	90.0000	50.0000	0.856939600
40.0000	90.0000	50.0000	0.697058500
50.0000	90.0000	50.0000	1.639006700
60.0000	90.0000	50.0000	2.004912400
70.0000	90.0000	50.0000	3.966195800
80.0000	90.0000	50.0000	5.503466000
90.0000	90.0000	50.0000	6.768091000
100.0000	90.0000	50.0000	9.314025000
110.0000	90.0000	50.0000	5.905566700
120.0000	90.0000	50.0000	2.723429700
130.0000	90.0000	50.0000	2.897258800
140.0000	90.0000	50.0000	0.595554300
150.0000	90.0000	50.0000	0.599263300
160.0000	90.0000	50.0000	2.392786300
170.0000	90.0000	50.0000	0.536063400
180.0000	90.0000	50.0000	0.562097850
190.0000	90.0000	50.0000	1.189991000
200.0000	90.0000	50.0000	1.168227100
210.0000	90.0000	50.0000	0.475623000
220.0000	90.0000	50.0000	0.458323720
230.0000	90.0000	50.0000	1.003679500
240.0000	90.0000	50.0000	1.414046400
250.0000	90.0000	50.0000	2.058330000
260.0000	90.0000	50.0000	1.340844000
270.0000	90.0000	50.0000	1.294482800
280.0000	90.0000	50.0000	1.820524200
290.0000	90.0000	50.0000	2.611891700
300.0000	90.0000	50.0000	1.833777100
310.0000	90.0000	50.0000	1.959066500
320.0000	90.0000	50.0000	0.809285160
330.0000	90.0000	50.0000	0.732328100
340.0000	90.0000	50.0000	1.362392000
350.0000	90.0000	50.0000	1.005015700
360.0000	90.0000	50.0000	1.000000000
0.0000	0.0000	60.0000	1.000000000
10.0000	0.0000	60.0000	1.000000000
20.0000	0.0000	60.0000	1.000000000
30.0000	0.0000	60.0000	1.000000000
40.0000	0.0000	60.0000	1.000000000
50.0000	0.0000	60.0000	1.000000000
60.0000	0.0000	60.0000	1.000000000
70.0000	0.0000	60.0000	1.000000000
80.0000	0.0000	60.0000	1.000000000
90.0000	0.0000	60.0000	1.000000000
100.0000	0.0000	60.0000	1.000000000
110.0000	0.0000	60.0000	1.000000000
120.0000	0.0000	60.0000	1.000000000
130.0000	0.0000	60.0000	1.000000000
140.0000	0.0000	60.0000	1.000000000
150.0000	0.0000	60.0000	1.000000000
160.0000	0.0000	60.0000	1.000000000
170.0000	0.0000	60.0000	1.000000000
180.0000	0.0000	60.0000	1.000000000
190.0000	0.0000	60.0000	1.000000000
200.0000	0.0000	60.0000	1.000000000
210.0000	0.0000	60.0000	1.000000000
220.0000	0.0000	60.0000	1.000000000
230.0000	0.0000	60.0000	1.000000000
240.0000	0.0000	60.0000	1.000000000
250.0000	0.0000	60.0000	1.000000000
260.0000	0.0000	60.0000	1.000000000
270.0000	0.0000	60.0000	1.000000000
280.0000	0.0000	60.0000	1.000000000
290.0000	0.0000	60.0000	1.000000000
300.0000	0.0000	60.0000	1.000000000
310.0000	0.0000	60.0000	1.000000000
320.0000	0.0000	60.0000	1.000000000
330.0000	0.0000	60.0000	1.000000000
340.0000	0.0000	60.0000	1.000000000
350.0000	0.0000	60.0000	1.000000000
360.0000	0.0000	60.0000	1.000000000
0.0000	10.0000	60.0000	1.002736400
10.0000	10.0000	60.0000	3.502638800
20.0000	10.0000	60.0000	0.881884600
30.0000	10.0000	60.0000	0.108689256
40.0000	10.0000	60.0000	0.188659640
50.0000	10.0000	60.0000	0.509485100
60.0000	10.0000	60.0000	1.177101700
70.0000	10.0000	60.0000	1.515479400
80.0000	10.0000	60.0000	1.673437100
90.0000	10.0000	60.0000	0.531755800
100.0000	10.0000	60.0000	0.154038790
110.0000	10.0000	60.0000	0.112510815
120.0000	10.0000	60.0000	0.074041590
130.0000	10.0000	60.0000	0.123512630
140.0000	10.0000	60.0000	0.318704550
150.0000	10.0000	60.0000	0.615893540
160.0000	10.0000	60.0000	1.046044300
170.0000	10.0000	60.0000	0.993967700
180.0000	10.0000	60.0000	0.454220860
190.0000	10.0000	60.0000	0.904683200
200.0000	10.0000	60.0000	0.279298130
210.0000	10.0000	60.0000	0.092340230
220.0000	10.0000	60.0000	0.251023260
230.0000	10.0000	60.0000	0.992529200
240.0000	10.0000	60.0000	1.380150900
250.0000	10.0000	60.0000	1.214152300
260.0000	10.0000	60.0000	2.925822000
270.0000	10.0000	60.0000	0.969937700
280.0000	10.0000	60.0000	0.178770140
290.0000	10.0000	60.0000	0.178313970
300.0000	10.0000	60.0000	0.135176270
310.0000	10.0000	60.0000	0.188112080
320.0000	10.0000	60.0000	0.590120730
330.0000	10.0000	60.0000	0.826097900
340.0000	10.0000	60.0000	1.494984300
350.0000	10.0000	60.0000	1.772540500
360.0000	10.0000	60.0000	1.000000000
0.0000	20.0000	60.0000	1.331307600
10.0000	20.0000	60.0000	1.696137300
20.0000	20.0000	60.0000	0.191375940
30.0000	20.0000	60.0000	0.073782350
40.0000	20.0000	60.0000	0.257824120
50.0000	20.0000	60.0000	0.471675960
60.0000	20.0000	60.0000	1.181459200
70.0000	20.0000	60.0000	1.476639300
80.0000	20.0000	60.0000	0.269511640
90.0000	20.0000	60.0000	0.149990220
100.0000	20.0000	60.0000	0.199915440
110.0000	20.0000	60.0000	0.146335990
120.0000	20.0000	60.0000	0.172708230
130.0000	20.0000	60.0000	0.282984140
140.0000	20.0000	60.0000	0.674267400
150.0000	20.0000	60.0000	1.546042800
160.0000	20.0000	60.0000	0.851972600
170.0000	20.0000	60.0000	0.796610100
180.0000	20.0000	60.0000	0.985562400
190.0000	20.0000	60.0000	0.715665700
200.0000	20.0000	60.0000	0.207298430
210.0000	20.0000	60.0000	0.104002460
220.0000	20.0000	60.0000	0.238919730
230.0000	20.0000	60.0000	0.431115540
240.0000	20.0000	60.0000	0.689986100
250.0000	20.0000	60.0000	0.556927860
260.0000	20.0000	60.0000	0.347163980
270.0000	20.0000	60.0000	0.357683570
280.0000	20.0000	60.0000	0.415852340
290.0000	20.0000	60.0000	0.264347140
300.0000	20.0000	60.0000	0.202927950
310.0000	20.0000	60.0000	0.227535040
320.0000	20.0000	60.0000	0.404175820
330.0000	20.0000	60.0000	1.081949200
340.0000	20.0000	60.0000	1.185077300
350.0000	20.0000	60.0000	0.963929200
360.0000	20.0000	60.0000	1.000000000
0.0000	30.0000	60.0000	1.161622800
10.0000	30.0000	60.0000	0.799612400
20.0000	30.0000	60.0000	0.096771780
30.0000	30.0000	60.0000	0.077195930
40.0000	30.0000	60.0000	0.187228010
50.0000	30.0000	60.0000	0.352856580
60.0000	30.0000	60.0000	0.723018470
70.0000	30.0000	60.0000	1.335462900
80.0000	30.0000	60.0000	0.576247600
90.0000	30.0000	60.0000	0.300201060
100.0000	30.0000	60.0000	0.382890700
110.0000	30.0000	60.0000	0.326129400
120.0000	30.0000	60.0000	0.410736200
130.0000	30.0000	60.0000	0.488715680
140.0000	30.0000	60.0000	0.980026660
150.0000	30.0000	60.0000	1.342377700
160.0000	30.0000	60.0000	0.723654570
170.0000	30.0000	60.0000	1.034995800
180.0000	30.0000	60.0000	1.852073300
190.0000	30.0000	60.0000	1.910978100
200.0000	30.0000	60.0000	0.944732900
210.0000	30.0000	60.0000	0.418736850
220.0000	30.0000	60.0000	0.521469200
230.0000	30.0000	60.0000	0.499588730
240.0000	30.0000	60.0000	0.445341530
250.0000	30.0000	60.0000	0.354912460
260.0000	30.0000	60.0000	0.242482690
270.0000	30.0000	60.0000	0.312928700
280.0000	30.0000	60.0000	0.453422960
290.0000	30.0000	60.0000	0.218642340
300.0000	30.0000	60.0000	0.267579020
310.0000	30.0000	60.0000	0.302730700
320.0000	30.0000	60.0000	0.331921760
330.0000	30.0000	60.0000	0.596761500
340.0000	30.0000	60.0000	0.709298700
350.0000	30.0000	60.0000	0.714123850
360.0000	30.0000	60.0000	1.000000000
0.0000	40.0000	60.0000	1.262761400
10.0000	40.0000	60.0000	0.991818960
20.0000	40.0000	60.0000	0.440624000
30.0000	40.0000	60.0000	0.332881480
40.0000	40.0000	60.0000	0.398249570
50.0000	40.0000	60.0000	0.416002780
60.0000	40.0000	60.0000	0.325004500
70.0000	40.0000	60.0000	0.619478460
80.0000	40.0000	60.0000	1.667361700
90.0000	40.0000	60.0000	1.285284200
100.0000	40.0000	60.0000	0.791628900
110.0000	40.0000	60.0000	0.503870370
120.0000	40.0000	60.0000	0.512588100
130.0000	40.0000	60.0000	1.016321800
140.0000	40.0000	60.0000	1.573550800
150.0000	40.0000	60.0000	0.874685760
160.0000	40.0000	60.0000	0.415540900
170.0000	40.0000	60.0000	0.955767700
180.0000	40.0000	60.0000	1.950773100
190.0000	40.0000	60.0000	1.688487600
200.0000	40.0000	60.0000	1.822314400
210.0000	40.0000	60.0000	1.509310200
220.0000	40.0000	60.0000	1.095299500
230.0000	40.0000	60.0000	0.595235300
240.0000	40.0000	60.0000	0.250476330
250.0000	40.0000	60.0000	0.196038990
260.0000	40.0000	60.0000	0.417179940
270.0000	40.0000	60.0000	0.978544830
280.0000	40.0000	60.0000	0.728918140
290.0000	40.0000	60.0000	0.493873540
300.0000	40.0000	60.0000	0.570791100
310.0000	40.0000	60.0000	0.648569460
320.0000	40.0000	60.0000	0.350587870
330.0000	40.0000	60.0000	0.336614460
340.0000	40.0000	60.0000	0.368500080
350.0000	40.0000	60.0000	0.605971630
360.0000	40.0000	60.0000	1.000000000
0.0000	50.0000	60.0000	1.473566200
10.0000	50.0000	60.0000	1.311729900
20.0000	50.0000	60.0000	0.978975700
30.0000	50.0000	60.0000	0.955146800
40.0000	50.0000	60.0000	1.051815300
50.0000	50.0000	60.0000	0.512680100
60.0000	50.0000	60.0000	0.257147800
70.0000	50.0000	60.0000	0.487104060
80.0000	50.0000	60.0000	2.727341400
90.0000	50.0000	60.0000	1.832550000
100.0000	50.0000	60.0000	0.591639300
110.0000	50.0000	60.0000	0.465040680
120.0000	50.0000	60.0000	0.664104500
130.0000	50.0000	60.0000	1.511095500
140.0000	50.0000	60.0000	2.541823000
150.0000	50.0000	60.0000	0.538698850
160.0000	50.0000	60.0000	0.176850240
170.0000	50.0000	60.0000	0.575126350
180.0000	50.0000	60.0000	1.528643500
190.0000	50.0000	60.0000	0.935395060
200.0000	50.0000	60.0000	1.004603300
210.0000	50.0000	60.0000	1.771315900
220.0000	50.0000	60.0000	1.731742700
230.0000	50.0000	60.0000	0.694166660
240.0000	50.0000	60.0000	0.343175560
250.0000	50.0000	60.0000	0.328678340
260.0000	50.0000	60.0000	0.570852400
270.0000	50.0000	60.0000	1.348750400
280.0000	50.0000	60.0000	0.722840850
290.0000	50.0000	60.0000	0.529600000
300.0000	50.0000	60.0000	0.647632100
310.0000	50.0000	60.0000	0.631395000
320.0000	50.0000	60.0000	0.451060560
330.0000	50.0000	60.0000	0.287653900
340.0000	50.0000	60.0000	0.209358900
350.0000	50.0000	60.0000	0.381916600
360.0000	50.0000	60.0000	1.000000000
0.0000	60.0000	60.0000	1.130390000
10.0000	60.0000	60.0000	1.064751100
20.0000	60.0000	60.0000	1.616615400
30.0000	60.0000	60.0000	2.051263600
40.0000	60.0000	60.0000	1.096789500
50.0000	60.0000	60.0000	0.614202200
60.0000	60.0000	60.0000	0.750395830
70.0000	60.0000	60.0000	1.325802400
80.0000	60.0000	60.0000	2.322753200
90.0000	60.0000	60.0000	2.130494800
100.0000	60.0000	60.0000	0.466032240
110.0000	60.0000	60.0000	0.384200100
120.0000	60.0000	60.0000	0.344158300
130.0000	60.0000	60.0000	0.474450740
140.0000	60.0000	60.0000	0.862502700
150.0000	60.0000	60.0000	0.501761000
160.0000	60.0000	60.0000	0.182882740
170.0000	60.0000	60.0000	0.395612870
180.0000	60.0000	60.0000	0.587359800
190.0000	60.0000	60.0000	0.564890200
200.0000	60.0000	60.0000	0.663150700
210.0000	60.0000	60.0000	1.441220900
220.0000	60.0000	60.0000	1.297659400
230.0000	60.0000	60.0000	0.683859600
240.0000	60.0000	60.0000	0.938770300
250.0000	60.0000	60.0000	1.524507300
260.0000	60.0000	60.0000	0.734066600
270.0000	60.0000	60.0000	0.665819470
280.0000	60.0000	60.0000	0.360404760
290.0000	60.0000	60.0000	0.280180040
300.0000	60.0000	60.0000	0.398987080
310.0000	60.0000	60.0000	0.372527200
320.0000	60.0000	60.0000	0.548763900
330.0000	60.0000	60.0000	0.511926400
340.0000	60.0000	60.0000	0.191552200
350.0000	60.0000	60.0000	0.254901600
360.0000	60.0000	60.0000	1.000000000
0.0000	70.0000	60.0000	0.471650780
10.0000	70.0000	60.0000	0.554680900
20.0000	70.0000	60.0000	1.270584500
30.0000	70.0000	60.0000	2.239038700
40.0000	70.0000	60.0000	0.917732900
50.0000	70.0000	60.0000	0.757793840
60.0000	70.0000	60.0000	1.832502600
70.0000	70.0000	60.0000	2.256922000
80.0000	70.0000	60.0000	1.951062900
90.0000	70.0000	60.0000	0.992798600
100.0000	70.0000	60.0000	0.366037300
110.0000	70.0000	60.0000	0.500282800
120.0000	70.0000	60.0000	0.337525160
130.0000	70.0000	60.0000	0.275575160
140.0000	70.0000	60.0000	0.416840340
150.0000	70.0000	60.0000	0.469370040
160.0000	70.0000	60.0000	0.323076840
170.0000	70.0000	60.0000	0.308002080
180.0000	70.0000	60.0000	0.266538170
190.0000	70.0000	60.0000	0.460480630
200.0000	70.0000	60.0000	0.404642820
210.0000	70.0000	60.0000	0.653475000
220.0000	70.0000	60.0000	0.578166070
230.0000	70.0000	60.0000	0.531103600
240.0000	70.0000	60.0000	1.310798000
250.0000	70.0000	60.0000	1.823130100
260.0000	70.0000	60.0000	0.489157770
270.0000	70.0000	60.0000	0.170145570
280.0000	70.0000	60.0000	0.159604040
290.0000	70.0000	60.0000	0.286317560
300.0000	70.0000	60.0000	0.346166640
310.0000	70.0000	60.0000	0.476415840
320.0000	70.0000	60.0000	0.829348800
330.0000	70.0000	60.0000	0.811555150
340.0000	70.0000	60.0000	0.385224700
350.0000	70.0000	60.0000	0.405440700
360.0000	70.0000	60.0000	1.000000000
0.0000	80.0000	60.0000	0.249174490
10.0000	80.0000	60.0000	0.312096270
20.0000	80.0000	60.0000	0.590627100
30.0000	80.0000	60.0000	0.798713100
40.0000	80.0000	60.0000	0.367820100
50.0000	80.0000	60.0000	0.346742300
60.0000	80.0000	60.0000	1.530347200
70.0000	80.0000	60.0000	2.550272000
80.0000	80.0000	60.0000	2.939995300
90.0000	80.0000	60.0000	1.479459900
100.0000	80.0000	60.0000	0.918476940
110.0000	80.0000	60.0000	1.388785700
120.0000	80.0000	60.0000	0.954697100
130.0000	80.0000	60.0000	0.653005600
140.0000	80.0000	60.0000	0.327824700
150.0000	80.0000	60.0000	0.249651600
160.0000	80.0000	60.0000	0.402399750
170.0000	80.0000	60.0000	0.347197650
180.0000	80.0000	60.0000	0.240981010
190.0000	80.0000	60.0000	0.364974530
200.0000	80.0000	60.0000	0.262663160
210.0000	80.0000	60.0000	0.430657270
220.0000	80.0000	60.0000	0.463746100
230.0000	80.0000	60.0000	0.518475400
240.0000	80.0000	60.0000	1.324486000
250.0000	80.0000	60.0000	1.218775300
260.0000	80.0000	60.0000	0.454044520
270.0000	80.0000	60.0000	0.186922340
280.0000	80.0000	60.0000	0.267220260
290.0000	80.0000	60.0000	0.935574350
300.0000	80.0000	60.0000	0.872117340
310.0000	80.0000	60.0000	1.332863800
320.0000	80.0000	60.0000	1.368092200
330.0000	80.0000	60.0000	0.582353400
340.0000	80.0000	60.0000	0.420560480
350.0000	80.0000	60.0000	0.604370000
360.0000	80.0000	60.0000	1.000000000
0.0000	90.0000	60.0000	0.150461240
10.0000	90.0000	60.0000	0.196876420
20.0000	90.0000	60.0000	0.367297920
30.0000	90.0000	60.0000	0.349010400
40.0000	90.0000	60.0000	0.134069680
50.0000	90.0000	60.0000	0.177460340
60.0000	90.0000	60.0000	1.267287000
70.0000	90.0000	60.0000	2.808747300
80.0000	90.0000	60.0000	3.750133500
90.0000	90.0000	60.0000	2.549113800
100.0000	90.0000	60.0000	2.156105000
110.0000	90.0000	60.0000	2.451308700
120.0000	90.0000	60.0000	1.332582400
130.0000	90.0000	60.0000	0.929785600
140.0000	90.0000	60.0000	0.266788070
150.0000	90.0000	60.0000	0.170882250
160.0000	90.0000	60.0000	0.460471600
170.0000	90.0000	60.0000	0.329089160
180.0000	90.0000	60.0000	0.201598100
190.0000	90.0000	60.0000	0.267499200
200.0000	90.0000	60.0000	0.209972010
210.0000	90.0000	60.0000	0.392855200
220.0000	90.0000	60.0000	0.496994700
230.0000	90.0000	60.0000	0.749775900
240.0000	90.0000	60.0000	1.743213900
250.0000	90.0000	60.0000	1.018976200
260.0000	90.0000	60.0000	0.466980430
270.0000	90.0000	60.0000	0.332421500
280.0000	90.0000	60.0000	0.647746900
290.0000	90.0000	60.0000	2.309801600
300.0000	90.0000	60.0000	1.623138200
310.0000	90.0000	60.0000	1.836440800
320.0000	90.0000	60.0000	1.188102200
330.0000	90.0000	60.0000	0.397435040
340.0000	90.0000	60.0000	0.385470630
350.0000	90.0000	60.0000	0.516298000
360.0000	90.0000	60.0000	1.000000000
