0.0000	0.0000	0.0000	0.135826040
10.0000	0.0000	0.0000	0.435493260
20.0000	0.0000	0.0000	2.892048100
30.0000	0.0000	0.0000	1.049249500
40.0000	0.0000	0.0000	0.225820380
50.0000	0.0000	0.0000	0.323963250
60.0000	0.0000	0.0000	0.815786660
70.0000	0.0000	0.0000	1.853146700
80.0000	0.0000	0.0000	0.293934170
90.0000	0.0000	0.0000	0.177910210
100.0000	0.0000	0.0000	0.416359480
110.0000	0.0000	0.0000	1.790246700
120.0000	0.0000	0.0000	3.886005900
130.0000	0.0000	0.0000	3.310625600
140.0000	0.0000	0.0000	3.466564700
150.0000	0.0000	0.0000	3.305248700
160.0000	0.0000	0.0000	0.906386140
170.0000	0.0000	0.0000	0.182145300
180.0000	0.0000	0.0000	0.150480000
190.0000	0.0000	0.0000	0.857003330
200.0000	0.0000	0.0000	10.828855500
210.0000	0.0000	0.0000	0.321847560
220.0000	0.0000	0.0000	0.038242750
230.0000	0.0000	0.0000	0.076954894
240.0000	0.0000	0.0000	0.462633460
250.0000	0.0000	0.0000	0.848838300
260.0000	0.0000	0.0000	0.131814840
270.0000	0.0000	0.0000	0.096310900
280.0000	0.0000	0.0000	0.276171330
290.0000	0.0000	0.0000	1.542933000
300.0000	0.0000	0.0000	2.336002600
310.0000	0.0000	0.0000	1.202483700
320.0000	0.0000	0.0000	1.543439600
330.0000	0.0000	0.0000	2.393637700
340.0000	0.0000	0.0000	0.623307900
350.0000	0.0000	0.0000	0.151311640
360.0000	0.0000	0.0000	1.000000000
0.0000	10.0000	0.0000	0.140334300
10.0000	10.0000	0.0000	1.748822200
20.0000	10.0000	0.0000	8.342059000
30.0000	10.0000	0.0000	0.130650480
40.0000	10.0000	0.0000	0.851472700
50.0000	10.0000	0.0000	9.286420000
60.0000	10.0000	0.0000	2.507599600
70.0000	10.0000	0.0000	7.666522000
80.0000	10.0000	0.0000	0.542004900
90.0000	10.0000	0.0000	0.392713580
100.0000	10.0000	0.0000	1.814575800
110.0000	10.0000	0.0000	3.799789700
120.0000	10.0000	0.0000	3.892767700
130.0000	10.0000	0.0000	3.133939500
140.0000	10.0000	0.0000	3.868283500
150.0000	10.0000	0.0000	9.415496000
160.0000	10.0000	0.0000	2.809582700
170.0000	10.0000	0.0000	0.500718650
180.0000	10.0000	0.0000	0.163584370
190.0000	10.0000	0.0000	5.255831000
200.0000	10.0000	0.0000	1.760988000
210.0000	10.0000	0.0000	0.031539977
220.0000	10.0000	0.0000	0.127095900
230.0000	10.0000	0.0000	3.406142500
240.0000	10.0000	0.0000	3.169598600
250.0000	10.0000	0.0000	4.514488700
260.0000	10.0000	0.0000	1.060571600
270.0000	10.0000	0.0000	0.803443500
280.0000	10.0000	0.0000	2.675501800
290.0000	10.0000	0.0000	2.803141600
300.0000	10.0000	0.0000	2.877323600
310.0000	10.0000	0.0000	3.156329400
320.0000	10.0000	0.0000	2.565237000
330.0000	10.0000	0.0000	2.244892000
340.0000	10.0000	0.0000	1.455991000
350.0000	10.0000	0.0000	0.403596850
360.0000	10.0000	0.0000	1.000000000
0.0000	20.0000	0.0000	0.272822400
10.0000	20.0000	0.0000	1.558598200
20.0000	20.0000	0.0000	2.570469100
30.0000	20.0000	0.0000	1.660000700
40.0000	20.0000	0.0000	1.104474800
50.0000	20.0000	0.0000	0.770087100
60.0000	20.0000	0.0000	0.044737950
70.0000	20.0000	0.0000	0.103490114
80.0000	20.0000	0.0000	0.183977590
90.0000	20.0000	0.0000	0.226699340
100.0000	20.0000	0.0000	1.300262300
110.0000	20.0000	0.0000	1.883759400
120.0000	20.0000	0.0000	4.528107600
130.0000	20.0000	0.0000	2.854183400
140.0000	20.0000	0.0000	0.182517040
150.0000	20.0000	0.0000	0.413027670
160.0000	20.0000	0.0000	3.903071400
170.0000	20.0000	0.0000	0.603137900
180.0000	20.0000	0.0000	0.211228000
190.0000	20.0000	0.0000	0.447891860
200.0000	20.0000	0.0000	0.847711500
210.0000	20.0000	0.0000	0.690607130
220.0000	20.0000	0.0000	0.144236340
230.0000	20.0000	0.0000	0.241428200
240.0000	20.0000	0.0000	0.236379130
250.0000	20.0000	0.0000	0.141194870
260.0000	20.0000	0.0000	0.084634830
270.0000	20.0000	0.0000	0.600576340
280.0000	20.0000	0.0000	2.245129000
290.0000	20.0000	0.0000	1.057322300
300.0000	20.0000	0.0000	5.119715000
310.0000	20.0000	0.0000	12.871967000
320.0000	20.0000	0.0000	0.663486300
330.0000	20.0000	0.0000	0.316603840
340.0000	20.0000	0.0000	0.641064700
350.0000	20.0000	0.0000	0.180821550
360.0000	20.0000	0.0000	1.000000000
0.0000	30.0000	0.0000	0.918583400
10.0000	30.0000	0.0000	2.840164200
20.0000	30.0000	0.0000	5.974162000
30.0000	30.0000	0.0000	2.006523600
40.0000	30.0000	0.0000	0.262627960
50.0000	30.0000	0.0000	0.057606842
60.0000	30.0000	0.0000	0.014704975
70.0000	30.0000	0.0000	0.026584763
80.0000	30.0000	0.0000	0.101685494
90.0000	30.0000	0.0000	0.170457300
100.0000	30.0000	0.0000	0.496848760
110.0000	30.0000	0.0000	0.231207180
120.0000	30.0000	0.0000	0.301615240
130.0000	30.0000	0.0000	1.168999100
140.0000	30.0000	0.0000	0.921749530
150.0000	30.0000	0.0000	2.099175700
160.0000	30.0000	0.0000	16.013073000
170.0000	30.0000	0.0000	2.817972700
180.0000	30.0000	0.0000	1.318789200
190.0000	30.0000	0.0000	2.239749700
200.0000	30.0000	0.0000	1.644270400
210.0000	30.0000	0.0000	0.483612900
220.0000	30.0000	0.0000	0.128881040
230.0000	30.0000	0.0000	0.034823008
240.0000	30.0000	0.0000	0.059718646
250.0000	30.0000	0.0000	0.057241406
260.0000	30.0000	0.0000	0.034050863
270.0000	30.0000	0.0000	0.131053480
280.0000	30.0000	0.0000	0.341840680
290.0000	30.0000	0.0000	0.191262350
300.0000	30.0000	0.0000	0.401979740
310.0000	30.0000	0.0000	0.431073780
320.0000	30.0000	0.0000	0.136202230
330.0000	30.0000	0.0000	0.479378040
340.0000	30.0000	0.0000	4.611138300
350.0000	30.0000	0.0000	1.001459000
360.0000	30.0000	0.0000	1.000000000
0.0000	40.0000	0.0000	3.805688000
10.0000	40.0000	0.0000	8.591039000
20.0000	40.0000	0.0000	3.168166000
30.0000	40.0000	0.0000	0.721978370
40.0000	40.0000	0.0000	2.690895600
50.0000	40.0000	0.0000	0.432076800
60.0000	40.0000	0.0000	0.887166400
70.0000	40.0000	0.0000	3.694483500
80.0000	40.0000	0.0000	0.927082800
90.0000	40.0000	0.0000	0.802213400
100.0000	40.0000	0.0000	1.214123800
110.0000	40.0000	0.0000	0.649280000
120.0000	40.0000	0.0000	0.455175000
130.0000	40.0000	0.0000	1.238477000
140.0000	40.0000	0.0000	2.599879700
150.0000	40.0000	0.0000	3.607465700
160.0000	40.0000	0.0000	9.261840000
170.0000	40.0000	0.0000	4.072656600
180.0000	40.0000	0.0000	4.075306400
190.0000	40.0000	0.0000	12.410815000
200.0000	40.0000	0.0000	1.447106600
210.0000	40.0000	0.0000	0.266242400
220.0000	40.0000	0.0000	1.490471000
230.0000	40.0000	0.0000	0.650754030
240.0000	40.0000	0.0000	0.815108700
250.0000	40.0000	0.0000	1.848751800
260.0000	40.0000	0.0000	0.524544840
270.0000	40.0000	0.0000	0.422985800
280.0000	40.0000	0.0000	0.623941200
290.0000	40.0000	0.0000	1.495573800
300.0000	40.0000	0.0000	0.617386800
310.0000	40.0000	0.0000	0.542584960
320.0000	40.0000	0.0000	0.672992050
330.0000	40.0000	0.0000	1.484794900
340.0000	40.0000	0.0000	6.721111300
350.0000	40.0000	0.0000	4.906886600
360.0000	40.0000	0.0000	1.000000000
0.0000	50.0000	0.0000	12.367249000
10.0000	50.0000	0.0000	15.942786000
20.0000	50.0000	0.0000	2.045627000
30.0000	50.0000	0.0000	1.220119000
40.0000	50.0000	0.0000	1.522979300
50.0000	50.0000	0.0000	0.296911480
60.0000	50.0000	0.0000	0.347034840
70.0000	50.0000	0.0000	0.543619500
80.0000	50.0000	0.0000	0.415103230
90.0000	50.0000	0.0000	1.047693100
100.0000	50.0000	0.0000	2.024656500
110.0000	50.0000	0.0000	1.439499500
120.0000	50.0000	0.0000	0.634713600
130.0000	50.0000	0.0000	0.386932880
140.0000	50.0000	0.0000	1.045878800
150.0000	50.0000	0.0000	2.146234800
160.0000	50.0000	0.0000	2.602327800
170.0000	50.0000	0.0000	1.211971000
180.0000	50.0000	0.0000	1.546791700
190.0000	50.0000	0.0000	3.477909300
200.0000	50.0000	0.0000	2.429778800
210.0000	50.0000	0.0000	2.894465000
220.0000	50.0000	0.0000	5.818758000
230.0000	50.0000	0.0000	1.135229600
240.0000	50.0000	0.0000	0.498590860
250.0000	50.0000	0.0000	0.148272380
260.0000	50.0000	0.0000	0.229549000
270.0000	50.0000	0.0000	0.906870800
280.0000	50.0000	0.0000	3.733590600
290.0000	50.0000	0.0000	3.674567700
300.0000	50.0000	0.0000	0.422989070
310.0000	50.0000	0.0000	0.355524240
320.0000	50.0000	0.0000	1.515884300
330.0000	50.0000	0.0000	1.905535000
340.0000	50.0000	0.0000	5.765635000
350.0000	50.0000	0.0000	7.177805000
360.0000	50.0000	0.0000	1.000000000
0.0000	60.0000	0.0000	4.960910300
10.0000	60.0000	0.0000	6.360833000
20.0000	60.0000	0.0000	2.304183200
30.0000	60.0000	0.0000	0.611949600
40.0000	60.0000	0.0000	0.307812000
50.0000	60.0000	0.0000	0.140115620
60.0000	60.0000	0.0000	0.068832640
70.0000	60.0000	0.0000	0.210636450
80.0000	60.0000	0.0000	0.187460410
90.0000	60.0000	0.0000	0.273321400
100.0000	60.0000	0.0000	0.209511620
110.0000	60.0000	0.0000	0.100472610
120.0000	60.0000	0.0000	0.312710850
130.0000	60.0000	0.0000	0.130398110
140.0000	60.0000	0.0000	0.304265440
150.0000	60.0000	0.0000	2.376140000
160.0000	60.0000	0.0000	0.960448150
170.0000	60.0000	0.0000	0.281817300
180.0000	60.0000	0.0000	0.311521050
190.0000	60.0000	0.0000	1.683237100
200.0000	60.0000	0.0000	4.466540300
210.0000	60.0000	0.0000	2.055473000
220.0000	60.0000	0.0000	3.209467000
230.0000	60.0000	0.0000	1.195822200
240.0000	60.0000	0.0000	0.104381140
250.0000	60.0000	0.0000	0.053222450
260.0000	60.0000	0.0000	0.115597450
270.0000	60.0000	0.0000	0.365749930
280.0000	60.0000	0.0000	0.813369040
290.0000	60.0000	0.0000	0.328423680
300.0000	60.0000	0.0000	0.114025030
310.0000	60.0000	0.0000	0.032470060
320.0000	60.0000	0.0000	0.135981040
330.0000	60.0000	0.0000	2.543024500
340.0000	60.0000	0.0000	6.127051400
350.0000	60.0000	0.0000	4.874704400
360.0000	60.0000	0.0000	1.000000000
0.0000	70.0000	0.0000	0.334003980
10.0000	70.0000	0.0000	0.644724800
20.0000	70.0000	0.0000	2.361981400
30.0000	70.0000	0.0000	0.592142900
40.0000	70.0000	0.0000	0.207587380
50.0000	70.0000	0.0000	0.280473200
60.0000	70.0000	0.0000	0.168492510
70.0000	70.0000	0.0000	0.539103300
80.0000	70.0000	0.0000	0.208621300
90.0000	70.0000	0.0000	0.192922620
100.0000	70.0000	0.0000	0.210910510
110.0000	70.0000	0.0000	0.108964610
120.0000	70.0000	0.0000	0.871460500
130.0000	70.0000	0.0000	0.395365700
140.0000	70.0000	0.0000	0.447426300
150.0000	70.0000	0.0000	2.373514700
160.0000	70.0000	0.0000	1.683618300
170.0000	70.0000	0.0000	0.211969080
180.0000	70.0000	0.0000	0.241988320
190.0000	70.0000	0.0000	2.346479200
200.0000	70.0000	0.0000	3.974271800
210.0000	70.0000	0.0000	1.107999900
220.0000	70.0000	0.0000	3.058798000
230.0000	70.0000	0.0000	3.586309200
240.0000	70.0000	0.0000	0.149084640
250.0000	70.0000	0.0000	0.173136680
260.0000	70.0000	0.0000	0.157278400
270.0000	70.0000	0.0000	0.235818670
280.0000	70.0000	0.0000	0.304850940
290.0000	70.0000	0.0000	0.216251920
300.0000	70.0000	0.0000	0.621140840
310.0000	70.0000	0.0000	0.269325020
320.0000	70.0000	0.0000	0.185177640
330.0000	70.0000	0.0000	1.735785000
340.0000	70.0000	0.0000	3.832759400
350.0000	70.0000	0.0000	1.064271600
360.0000	70.0000	0.0000	1.000000000
0.0000	80.0000	0.0000	0.092161410
10.0000	80.0000	0.0000	0.174720870
20.0000	80.0000	0.0000	2.151959400
30.0000	80.0000	0.0000	3.169917300
40.0000	80.0000	0.0000	0.553581300
50.0000	80.0000	0.0000	0.613374950
60.0000	80.0000	0.0000	0.825794340
70.0000	80.0000	0.0000	0.462779900
80.0000	80.0000	0.0000	0.141923590
90.0000	80.0000	0.0000	0.126250760
100.0000	80.0000	0.0000	0.362304720
110.0000	80.0000	0.0000	0.835902750
120.0000	80.0000	0.0000	1.833035600
130.0000	80.0000	0.0000	1.095213400
140.0000	80.0000	0.0000	1.550486000
150.0000	80.0000	0.0000	1.881852400
160.0000	80.0000	0.0000	2.807932400
170.0000	80.0000	0.0000	0.232734350
180.0000	80.0000	0.0000	0.139970150
190.0000	80.0000	0.0000	1.318796600
200.0000	80.0000	0.0000	3.368865300
210.0000	80.0000	0.0000	5.459904700
220.0000	80.0000	0.0000	3.782190600
230.0000	80.0000	0.0000	2.933141700
240.0000	80.0000	0.0000	0.653960170
250.0000	80.0000	0.0000	0.406642400
260.0000	80.0000	0.0000	0.107574455
270.0000	80.0000	0.0000	0.147144590
280.0000	80.0000	0.0000	0.439178400
290.0000	80.0000	0.0000	1.196397800
300.0000	80.0000	0.0000	1.399742800
310.0000	80.0000	0.0000	0.413260100
320.0000	80.0000	0.0000	0.360229500
330.0000	80.0000	0.0000	1.077087900
340.0000	80.0000	0.0000	2.503665700
350.0000	80.0000	0.0000	0.673008500
360.0000	80.0000	0.0000	1.000000000
0.0000	90.0000	0.0000	0.102986250
10.0000	90.0000	0.0000	0.122013180
20.0000	90.0000	0.0000	1.520490000
30.0000	90.0000	0.0000	6.066233000
40.0000	90.0000	0.0000	1.200148100
50.0000	90.0000	0.0000	1.875202900
60.0000	90.0000	0.0000	4.198635000
70.0000	90.0000	0.0000	0.619270560
80.0000	90.0000	0.0000	0.254443400
90.0000	90.0000	0.0000	0.179624940
100.0000	90.0000	0.0000	0.527881150
110.0000	90.0000	0.0000	3.707105000
120.0000	90.0000	0.0000	1.596107500
130.0000	90.0000	0.0000	1.364507400
140.0000	90.0000	0.0000	2.698053400
150.0000	90.0000	0.0000	1.921928600
160.0000	90.0000	0.0000	2.560658000
170.0000	90.0000	0.0000	0.126996090
180.0000	90.0000	0.0000	0.115964060
190.0000	90.0000	0.0000	0.764610400
200.0000	90.0000	0.0000	2.844574000
210.0000	90.0000	0.0000	8.407120000
220.0000	90.0000	0.0000	3.059382000
230.0000	90.0000	0.0000	3.528177300
240.0000	90.0000	0.0000	3.676338400
250.0000	90.0000	0.0000	1.257384300
260.0000	90.0000	0.0000	0.282239850
270.0000	90.0000	0.0000	0.189310710
280.0000	90.0000	0.0000	0.741002000
290.0000	90.0000	0.0000	8.002540000
300.0000	90.0000	0.0000	0.993802500
310.0000	90.0000	0.0000	0.217212680
320.0000	90.0000	0.0000	0.426814300
330.0000	90.0000	0.0000	1.225369800
340.0000	90.0000	0.0000	1.336826300
350.0000	90.0000	0.0000	0.456967680
360.0000	90.0000	0.0000	1.000000000
0.0000	0.0000	10.0000	1.000000000
10.0000	0.0000	10.0000	1.000000000
20.0000	0.0000	10.0000	1.000000000
30.0000	0.0000	10.0000	1.000000000
40.0000	0.0000	10.0000	1.000000000
50.0000	0.0000	10.0000	1.000000000
60.0000	0.0000	10.0000	1.000000000
70.0000	0.0000	10.0000	1.000000000
80.0000	0.0000	10.0000	1.000000000
90.0000	0.0000	10.0000	1.000000000
100.0000	0.0000	10.0000	1.000000000
110.0000	0.0000	10.0000	1.000000000
120.0000	0.0000	10.0000	1.000000000
130.0000	0.0000	10.0000	1.000000000
140.0000	0.0000	10.0000	1.000000000
150.0000	0.0000	10.0000	1.000000000
160.0000	0.0000	10.0000	1.000000000
170.0000	0.0000	10.0000	1.000000000
180.0000	0.0000	10.0000	1.000000000
190.0000	0.0000	10.0000	1.000000000
200.0000	0.0000	10.0000	1.000000000
210.0000	0.0000	10.0000	1.000000000
220.0000	0.0000	10.0000	1.000000000
230.0000	0.0000	10.0000	1.000000000
240.0000	0.0000	10.0000	1.000000000
250.0000	0.0000	10.0000	1.000000000
260.0000	0.0000	10.0000	1.000000000
270.0000	0.0000	10.0000	1.000000000
280.0000	0.0000	10.0000	1.000000000
290.0000	0.0000	10.0000	1.000000000
300.0000	0.0000	10.0000	1.000000000
310.0000	0.0000	10.0000	1.000000000
320.0000	0.0000	10.0000	1.000000000
330.0000	0.0000	10.0000	1.000000000
340.0000	0.0000	10.0000	1.000000000
350.0000	0.0000	10.0000	1.000000000
360.0000	0.0000	10.0000	1.000000000
0.0000	10.0000	10.0000	0.991977700
10.0000	10.0000	10.0000	8.690497000
20.0000	10.0000	10.0000	8.971263000
30.0000	10.0000	10.0000	0.659447430
40.0000	10.0000	10.0000	1.476955500
50.0000	10.0000	10.0000	2.257984200
60.0000	10.0000	10.0000	0.291011100
70.0000	10.0000	10.0000	0.825055960
80.0000	10.0000	10.0000	0.038748432
90.0000	10.0000	10.0000	0.032215940
100.0000	10.0000	10.0000	1.077262500
110.0000	10.0000	10.0000	1.284697400
120.0000	10.0000	10.0000	1.945851400
130.0000	10.0000	10.0000	3.149334000
140.0000	10.0000	10.0000	3.442173500
150.0000	10.0000	10.0000	5.106716600
160.0000	10.0000	10.0000	1.646045300
170.0000	10.0000	10.0000	0.794522800
180.0000	10.0000	10.0000	1.516061300
190.0000	10.0000	10.0000	13.103156000
200.0000	10.0000	10.0000	1.746352700
210.0000	10.0000	10.0000	0.111959554
220.0000	10.0000	10.0000	0.364405070
230.0000	10.0000	10.0000	2.439572800
240.0000	10.0000	10.0000	0.419854220
250.0000	10.0000	10.0000	0.411023830
260.0000	10.0000	10.0000	0.073965390
270.0000	10.0000	10.0000	0.212836190
280.0000	10.0000	10.0000	3.678130000
290.0000	10.0000	10.0000	1.432021000
300.0000	10.0000	10.0000	1.687205200
310.0000	10.0000	10.0000	6.055610700
320.0000	10.0000	10.0000	2.925581500
330.0000	10.0000	10.0000	1.289797400
340.0000	10.0000	10.0000	1.135541100
350.0000	10.0000	10.0000	0.677793500
360.0000	10.0000	10.0000	1.000000000
0.0000	20.0000	10.0000	1.108825800
10.0000	20.0000	10.0000	8.132483000
20.0000	20.0000	10.0000	2.788466200
30.0000	20.0000	10.0000	1.122640700
40.0000	20.0000	10.0000	2.130869400
50.0000	20.0000	10.0000	2.726427300
60.0000	20.0000	10.0000	0.065064740
70.0000	20.0000	10.0000	0.061633720
80.0000	20.0000	10.0000	0.039543424
90.0000	20.0000	10.0000	0.012436057
100.0000	20.0000	10.0000	0.486179380
110.0000	20.0000	10.0000	0.799846100
120.0000	20.0000	10.0000	0.745379900
130.0000	20.0000	10.0000	1.072073800
140.0000	20.0000	10.0000	1.114987600
150.0000	20.0000	10.0000	3.607836500
160.0000	20.0000	10.0000	1.482535500
170.0000	20.0000	10.0000	0.549477300
180.0000	20.0000	10.0000	0.858035560
190.0000	20.0000	10.0000	2.423305500
200.0000	20.0000	10.0000	1.134144300
210.0000	20.0000	10.0000	0.327124570
220.0000	20.0000	10.0000	0.412485540
230.0000	20.0000	10.0000	1.059896200
240.0000	20.0000	10.0000	0.131773200
250.0000	20.0000	10.0000	0.105818010
260.0000	20.0000	10.0000	0.096078730
270.0000	20.0000	10.0000	0.109888710
280.0000	20.0000	10.0000	2.261641000
290.0000	20.0000	10.0000	1.546970400
300.0000	20.0000	10.0000	2.605602500
310.0000	20.0000	10.0000	2.622618000
320.0000	20.0000	10.0000	1.678212400
330.0000	20.0000	10.0000	2.662819400
340.0000	20.0000	10.0000	0.505829330
350.0000	20.0000	10.0000	0.173916890
360.0000	20.0000	10.0000	1.000000000
0.0000	30.0000	10.0000	1.171337200
10.0000	30.0000	10.0000	2.799034600
20.0000	30.0000	10.0000	0.782782260
30.0000	30.0000	10.0000	0.479515370
40.0000	30.0000	10.0000	0.571788430
50.0000	30.0000	10.0000	0.429954620
60.0000	30.0000	10.0000	0.076391995
70.0000	30.0000	10.0000	0.028548712
80.0000	30.0000	10.0000	0.071999830
90.0000	30.0000	10.0000	0.095374860
100.0000	30.0000	10.0000	0.804634700
110.0000	30.0000	10.0000	0.545914900
120.0000	30.0000	10.0000	0.317838900
130.0000	30.0000	10.0000	0.578247850
140.0000	30.0000	10.0000	0.707991900
150.0000	30.0000	10.0000	2.062359600
160.0000	30.0000	10.0000	1.804481600
170.0000	30.0000	10.0000	1.285016300
180.0000	30.0000	10.0000	1.847300000
190.0000	30.0000	10.0000	1.916296400
200.0000	30.0000	10.0000	0.281875520
210.0000	30.0000	10.0000	0.205672300
220.0000	30.0000	10.0000	0.421753200
230.0000	30.0000	10.0000	0.271016030
240.0000	30.0000	10.0000	0.102824810
250.0000	30.0000	10.0000	0.123556500
260.0000	30.0000	10.0000	0.091996250
270.0000	30.0000	10.0000	0.032800213
280.0000	30.0000	10.0000	0.233264310
290.0000	30.0000	10.0000	0.323431550
300.0000	30.0000	10.0000	0.392949220
310.0000	30.0000	10.0000	0.391540830
320.0000	30.0000	10.0000	0.714065400
330.0000	30.0000	10.0000	1.752785000
340.0000	30.0000	10.0000	0.513309200
350.0000	30.0000	10.0000	0.154432520
360.0000	30.0000	10.0000	1.000000000
0.0000	40.0000	10.0000	2.562409200
10.0000	40.0000	10.0000	3.448109000
20.0000	40.0000	10.0000	0.896420700
30.0000	40.0000	10.0000	0.384258060
40.0000	40.0000	10.0000	0.399182200
50.0000	40.0000	10.0000	0.435066760
60.0000	40.0000	10.0000	0.834897160
70.0000	40.0000	10.0000	0.323394980
80.0000	40.0000	10.0000	0.547895900
90.0000	40.0000	10.0000	2.262698700
100.0000	40.0000	10.0000	2.170926300
110.0000	40.0000	10.0000	0.499911730
120.0000	40.0000	10.0000	0.300064600
130.0000	40.0000	10.0000	0.689549450
140.0000	40.0000	10.0000	0.911666300
150.0000	40.0000	10.0000	1.838097100
160.0000	40.0000	10.0000	3.143085700
170.0000	40.0000	10.0000	2.054865000
180.0000	40.0000	10.0000	3.139217900
190.0000	40.0000	10.0000	3.495972200
200.0000	40.0000	10.0000	0.307437400
210.0000	40.0000	10.0000	0.165486750
220.0000	40.0000	10.0000	0.615686830
230.0000	40.0000	10.0000	0.388749400
240.0000	40.0000	10.0000	0.262929830
250.0000	40.0000	10.0000	0.370235650
260.0000	40.0000	10.0000	0.580444100
270.0000	40.0000	10.0000	0.788183200
280.0000	40.0000	10.0000	1.286430000
290.0000	40.0000	10.0000	0.866840600
300.0000	40.0000	10.0000	0.688772500
310.0000	40.0000	10.0000	1.188678100
320.0000	40.0000	10.0000	1.085918400
330.0000	40.0000	10.0000	1.709355200
340.0000	40.0000	10.0000	1.551932500
350.0000	40.0000	10.0000	0.657290800
360.0000	40.0000	10.0000	1.000000000
0.0000	50.0000	10.0000	6.249168400
10.0000	50.0000	10.0000	5.567741400
20.0000	50.0000	10.0000	1.093981300
30.0000	50.0000	10.0000	1.900064000
40.0000	50.0000	10.0000	1.127906800
50.0000	50.0000	10.0000	0.416442600
60.0000	50.0000	10.0000	0.496066330
70.0000	50.0000	10.0000	0.352367730
80.0000	50.0000	10.0000	0.418688540
90.0000	50.0000	10.0000	1.651409700
100.0000	50.0000	10.0000	0.734869900
110.0000	50.0000	10.0000	0.285241480
120.0000	50.0000	10.0000	0.234894590
130.0000	50.0000	10.0000	0.186444730
140.0000	50.0000	10.0000	0.546824000
150.0000	50.0000	10.0000	1.267080100
160.0000	50.0000	10.0000	1.480174400
170.0000	50.0000	10.0000	0.916383860
180.0000	50.0000	10.0000	0.929395800
190.0000	50.0000	10.0000	1.142217000
200.0000	50.0000	10.0000	0.411635460
210.0000	50.0000	10.0000	0.578768800
220.0000	50.0000	10.0000	1.392389500
230.0000	50.0000	10.0000	1.052481000
240.0000	50.0000	10.0000	0.746272500
250.0000	50.0000	10.0000	0.375950160
260.0000	50.0000	10.0000	0.497053200
270.0000	50.0000	10.0000	1.894314500
280.0000	50.0000	10.0000	3.701100000
290.0000	50.0000	10.0000	1.454225100
300.0000	50.0000	10.0000	0.320360870
310.0000	50.0000	10.0000	0.213799790
320.0000	50.0000	10.0000	0.563457500
330.0000	50.0000	10.0000	1.202917600
340.0000	50.0000	10.0000	2.074104300
350.0000	50.0000	10.0000	2.337623000
360.0000	50.0000	10.0000	1.000000000
0.0000	60.0000	10.0000	2.606436700
10.0000	60.0000	10.0000	2.954266000
20.0000	60.0000	10.0000	0.977615400
30.0000	60.0000	10.0000	0.855665450
40.0000	60.0000	10.0000	0.612736640
50.0000	60.0000	10.0000	0.192919280
60.0000	60.0000	10.0000	0.059932128
70.0000	60.0000	10.0000	0.184586730
80.0000	60.0000	10.0000	0.122785640
90.0000	60.0000	10.0000	0.175699160
100.0000	60.0000	10.0000	0.156790200
110.0000	60.0000	10.0000	0.141745950
120.0000	60.0000	10.0000	0.466542120
130.0000	60.0000	10.0000	0.165366590
140.0000	60.0000	10.0000	0.355587200
150.0000	60.0000	10.0000	1.221924400
160.0000	60.0000	10.0000	0.551788150
170.0000	60.0000	10.0000	0.164470960
180.0000	60.0000	10.0000	0.144741730
190.0000	60.0000	10.0000	0.554977800
200.0000	60.0000	10.0000	0.691579160
210.0000	60.0000	10.0000	0.704917200
220.0000	60.0000	10.0000	2.048452900
230.0000	60.0000	10.0000	0.996536800
240.0000	60.0000	10.0000	0.134905580
250.0000	60.0000	10.0000	0.111582440
260.0000	60.0000	10.0000	0.153297860
270.0000	60.0000	10.0000	0.340420750
280.0000	60.0000	10.0000	0.996326000
290.0000	60.0000	10.0000	0.576791800
300.0000	60.0000	10.0000	0.327362570
310.0000	60.0000	10.0000	0.134146350
320.0000	60.0000	10.0000	0.409901350
330.0000	60.0000	10.0000	2.854108000
340.0000	60.0000	10.0000	2.341452100
350.0000	60.0000	10.0000	1.451812700
360.0000	60.0000	10.0000	1.000000000
0.0000	70.0000	10.0000	0.183608950
10.0000	70.0000	10.0000	0.494024340
20.0000	70.0000	10.0000	0.868479800
30.0000	70.0000	10.0000	0.420892300
40.0000	70.0000	10.0000	0.393331300
50.0000	70.0000	10.0000	0.268428470
60.0000	70.0000	10.0000	0.122863030
70.0000	70.0000	10.0000	0.395899600
80.0000	70.0000	10.0000	0.106837230
90.0000	70.0000	10.0000	0.075541540
100.0000	70.0000	10.0000	0.145834030
110.0000	70.0000	10.0000	0.245811700
120.0000	70.0000	10.0000	1.148148100
130.0000	70.0000	10.0000	0.400770460
140.0000	70.0000	10.0000	0.492015270
150.0000	70.0000	10.0000	1.692659900
160.0000	70.0000	10.0000	0.553476100
170.0000	70.0000	10.0000	0.077506370
180.0000	70.0000	10.0000	0.090165734
190.0000	70.0000	10.0000	0.629408400
200.0000	70.0000	10.0000	1.077249300
210.0000	70.0000	10.0000	1.069981300
220.0000	70.0000	10.0000	2.737422500
230.0000	70.0000	10.0000	1.152668000
240.0000	70.0000	10.0000	0.090827030
250.0000	70.0000	10.0000	0.142023880
260.0000	70.0000	10.0000	0.121994115
270.0000	70.0000	10.0000	0.094746970
280.0000	70.0000	10.0000	0.167477900
290.0000	70.0000	10.0000	0.491812020
300.0000	70.0000	10.0000	1.372158800
310.0000	70.0000	10.0000	0.347760320
320.0000	70.0000	10.0000	0.472024770
330.0000	70.0000	10.0000	2.195832300
340.0000	70.0000	10.0000	1.203821700
350.0000	70.0000	10.0000	0.214921900
360.0000	70.0000	10.0000	1.000000000
0.0000	80.0000	10.0000	0.054045707
10.0000	80.0000	10.0000	0.125072850
20.0000	80.0000	10.0000	0.706030600
30.0000	80.0000	10.0000	0.835516750
40.0000	80.0000	10.0000	0.704466460
50.0000	80.0000	10.0000	1.264203000
60.0000	80.0000	10.0000	1.036659400
70.0000	80.0000	10.0000	0.688478470
80.0000	80.0000	10.0000	0.140214320
90.0000	80.0000	10.0000	0.086129636
100.0000	80.0000	10.0000	0.346105160
110.0000	80.0000	10.0000	1.348503100
120.0000	80.0000	10.0000	1.438484000
130.0000	80.0000	10.0000	0.557460900
140.0000	80.0000	10.0000	1.290591200
150.0000	80.0000	10.0000	2.211886000
160.0000	80.0000	10.0000	0.713710600
170.0000	80.0000	10.0000	0.079226494
180.0000	80.0000	10.0000	0.057832576
190.0000	80.0000	10.0000	0.274279700
200.0000	80.0000	10.0000	0.736310200
210.0000	80.0000	10.0000	1.897754300
220.0000	80.0000	10.0000	2.169082600
230.0000	80.0000	10.0000	2.009161200
240.0000	80.0000	10.0000	0.830623200
250.0000	80.0000	10.0000	0.649217670
260.0000	80.0000	10.0000	0.150283860
270.0000	80.0000	10.0000	0.077956260
280.0000	80.0000	10.0000	0.201176800
290.0000	80.0000	10.0000	0.841166440
300.0000	80.0000	10.0000	0.991748870
310.0000	80.0000	10.0000	0.188908260
320.0000	80.0000	10.0000	0.356250000
330.0000	80.0000	10.0000	1.778719300
340.0000	80.0000	10.0000	1.147833700
350.0000	80.0000	10.0000	0.142153700
360.0000	80.0000	10.0000	1.000000000
0.0000	90.0000	10.0000	0.070093095
10.0000	90.0000	10.0000	0.072920650
20.0000	90.0000	10.0000	0.575444640
30.0000	90.0000	10.0000	1.111835400
40.0000	90.0000	10.0000	1.406173000
50.0000	90.0000	10.0000	3.520739600
60.0000	90.0000	10.0000	5.327249000
70.0000	90.0000	10.0000	1.133679300
80.0000	90.0000	10.0000	0.250791200
90.0000	90.0000	10.0000	0.161616760
100.0000	90.0000	10.0000	0.850345430
110.0000	90.0000	10.0000	6.476202000
120.0000	90.0000	10.0000	1.983451200
130.0000	90.0000	10.0000	1.049334300
140.0000	90.0000	10.0000	3.036341400
150.0000	90.0000	10.0000	2.537294600
160.0000	90.0000	10.0000	0.645320800
170.0000	90.0000	10.0000	0.072052530
180.0000	90.0000	10.0000	0.066518396
190.0000	90.0000	10.0000	0.148472710
200.0000	90.0000	10.0000	0.365201230
210.0000	90.0000	10.0000	1.219515400
220.0000	90.0000	10.0000	1.864409200
230.0000	90.0000	10.0000	1.830598000
240.0000	90.0000	10.0000	3.007662500
250.0000	90.0000	10.0000	3.725218300
260.0000	90.0000	10.0000	0.380801600
270.0000	90.0000	10.0000	0.136410920
280.0000	90.0000	10.0000	0.694710700
290.0000	90.0000	10.0000	3.720095200
300.0000	90.0000	10.0000	0.939298030
310.0000	90.0000	10.0000	0.146449000
320.0000	90.0000	10.0000	0.346309330
330.0000	90.0000	10.0000	2.861624700
340.0000	90.0000	10.0000	1.018737800
350.0000	90.0000	10.0000	0.198350830
360.0000	90.0000	10.0000	1.000000000
0.0000	0.0000	20.0000	1.000000000
10.0000	0.0000	20.0000	1.000000000
20.0000	0.0000	20.0000	1.000000000
30.0000	0.0000	20.0000	1.000000000
40.0000	0.0000	20.0000	1.000000000
50.0000	0.0000	20.0000	1.000000000
60.0000	0.0000	20.0000	1.000000000
70.0000	0.0000	20.0000	1.000000000
80.0000	0.0000	20.0000	1.000000000
90.0000	0.0000	20.0000	1.000000000
100.0000	0.0000	20.0000	1.000000000
110.0000	0.0000	20.0000	1.000000000
120.0000	0.0000	20.0000	1.000000000
130.0000	0.0000	20.0000	1.000000000
140.0000	0.0000	20.0000	1.000000000
150.0000	0.0000	20.0000	1.000000000
160.0000	0.0000	20.0000	1.000000000
170.0000	0.0000	20.0000	1.000000000
180.0000	0.0000	20.0000	1.000000000
190.0000	0.0000	20.0000	1.000000000
200.0000	0.0000	20.0000	1.000000000
210.0000	0.0000	20.0000	1.000000000
220.0000	0.0000	20.0000	1.000000000
230.0000	0.0000	20.0000	1.000000000
240.0000	0.0000	20.0000	1.000000000
250.0000	0.0000	20.0000	1.000000000
260.0000	0.0000	20.0000	1.000000000
270.0000	0.0000	20.0000	1.000000000
280.0000	0.0000	20.0000	1.000000000
290.0000	0.0000	20.0000	1.000000000
300.0000	0.0000	20.0000	1.000000000
310.0000	0.0000	20.0000	1.000000000
320.0000	0.0000	20.0000	1.000000000
330.0000	0.0000	20.0000	1.000000000
340.0000	0.0000	20.0000	1.000000000
350.0000	0.0000	20.0000	1.000000000
360.0000	0.0000	20.0000	1.000000000
0.0000	10.0000	20.0000	5.664668000
10.0000	10.0000	20.0000	8.003089000
20.0000	10.0000	20.0000	3.946626400
30.0000	10.0000	20.0000	1.765144800
40.0000	10.0000	20.0000	0.692815200
50.0000	10.0000	20.0000	0.047441926
60.0000	10.0000	20.0000	0.011265193
70.0000	10.0000	20.0000	0.016630905
80.0000	10.0000	20.0000	0.001594698
90.0000	10.0000	20.0000	0.003100691
100.0000	10.0000	20.0000	0.360033400
110.0000	10.0000	20.0000	0.599448200
120.0000	10.0000	20.0000	0.263420900
130.0000	10.0000	20.0000	0.969446000
140.0000	10.0000	20.0000	2.008768800
150.0000	10.0000	20.0000	0.289811880
160.0000	10.0000	20.0000	0.522848300
170.0000	10.0000	20.0000	1.719288100
180.0000	10.0000	20.0000	8.376569000
190.0000	10.0000	20.0000	1.941684100
200.0000	10.0000	20.0000	0.390569930
210.0000	10.0000	20.0000	0.215898070
220.0000	10.0000	20.0000	1.036931200
230.0000	10.0000	20.0000	0.138480920
240.0000	10.0000	20.0000	0.013389708
250.0000	10.0000	20.0000	0.013402470
260.0000	10.0000	20.0000	0.003359211
270.0000	10.0000	20.0000	0.011151640
280.0000	10.0000	20.0000	0.419328540
290.0000	10.0000	20.0000	0.490493150
300.0000	10.0000	20.0000	1.006042800
310.0000	10.0000	20.0000	4.941687600
320.0000	10.0000	20.0000	0.971680000
330.0000	10.0000	20.0000	0.193851490
340.0000	10.0000	20.0000	0.560687200
350.0000	10.0000	20.0000	1.683888100
360.0000	10.0000	20.0000	1.000000000
0.0000	20.0000	20.0000	2.265895600
10.0000	20.0000	20.0000	7.348340000
20.0000	20.0000	20.0000	1.351785700
30.0000	20.0000	20.0000	1.023552500
40.0000	20.0000	20.0000	1.720771100
50.0000	20.0000	20.0000	0.659754300
60.0000	20.0000	20.0000	0.050461013
70.0000	20.0000	20.0000	0.046525910
80.0000	20.0000	20.0000	0.016099717
90.0000	20.0000	20.0000	0.027632298
100.0000	20.0000	20.0000	0.305471540
110.0000	20.0000	20.0000	0.213114020
120.0000	20.0000	20.0000	0.146536950
130.0000	20.0000	20.0000	0.387868100
140.0000	20.0000	20.0000	1.086098800
150.0000	20.0000	20.0000	0.469571920
160.0000	20.0000	20.0000	0.140568120
170.0000	20.0000	20.0000	0.324721400
180.0000	20.0000	20.0000	1.508372200
190.0000	20.0000	20.0000	1.516931700
200.0000	20.0000	20.0000	0.428779780
210.0000	20.0000	20.0000	0.353522200
220.0000	20.0000	20.0000	0.960588800
230.0000	20.0000	20.0000	0.430917980
240.0000	20.0000	20.0000	0.043942425
250.0000	20.0000	20.0000	0.141340540
260.0000	20.0000	20.0000	0.061823300
270.0000	20.0000	20.0000	0.021377875
280.0000	20.0000	20.0000	0.161465030
290.0000	20.0000	20.0000	1.343756100
300.0000	20.0000	20.0000	1.179711900
310.0000	20.0000	20.0000	0.515915300
320.0000	20.0000	20.0000	0.943574100
330.0000	20.0000	20.0000	0.253953130
340.0000	20.0000	20.0000	0.086832345
350.0000	20.0000	20.0000	0.125862050
360.0000	20.0000	20.0000	1.000000000
0.0000	30.0000	20.0000	1.238711400
10.0000	30.0000	20.0000	1.703975600
20.0000	30.0000	20.0000	0.236569420
30.0000	30.0000	20.0000	0.473417130
40.0000	30.0000	20.0000	0.837168200
50.0000	30.0000	20.0000	0.605315270
60.0000	30.0000	20.0000	0.262250200
70.0000	30.0000	20.0000	0.032779746
80.0000	30.0000	20.0000	0.034389170
90.0000	30.0000	20.0000	0.130770460
100.0000	30.0000	20.0000	0.702834500
110.0000	30.0000	20.0000	0.797706370
120.0000	30.0000	20.0000	0.489895900
130.0000	30.0000	20.0000	0.175130580
140.0000	30.0000	20.0000	0.471713400
150.0000	30.0000	20.0000	0.797350500
160.0000	30.0000	20.0000	0.213014740
170.0000	30.0000	20.0000	0.446195870
180.0000	30.0000	20.0000	1.806737200
190.0000	30.0000	20.0000	0.868332300
200.0000	30.0000	20.0000	0.153981390
210.0000	30.0000	20.0000	0.495840130
220.0000	30.0000	20.0000	1.023595100
230.0000	30.0000	20.0000	0.416936670
240.0000	30.0000	20.0000	0.256856560
250.0000	30.0000	20.0000	0.142999230
260.0000	30.0000	20.0000	0.067156660
270.0000	30.0000	20.0000	0.050227128
280.0000	30.0000	20.0000	0.532979850
290.0000	30.0000	20.0000	2.415131000
300.0000	30.0000	20.0000	1.120143800
310.0000	30.0000	20.0000	0.616737000
320.0000	30.0000	20.0000	1.555184000
330.0000	30.0000	20.0000	0.346232060
340.0000	30.0000	20.0000	0.022046419
350.0000	30.0000	20.0000	0.016621612
360.0000	30.0000	20.0000	1.000000000
0.0000	40.0000	20.0000	1.241919800
10.0000	40.0000	20.0000	0.684037100
20.0000	40.0000	20.0000	0.104540370
30.0000	40.0000	20.0000	0.178913010
40.0000	40.0000	20.0000	0.154522720
50.0000	40.0000	20.0000	0.386222870
60.0000	40.0000	20.0000	1.560551300
70.0000	40.0000	20.0000	0.315877740
80.0000	40.0000	20.0000	0.377976720
90.0000	40.0000	20.0000	2.515691300
100.0000	40.0000	20.0000	1.835508300
110.0000	40.0000	20.0000	0.566372300
120.0000	40.0000	20.0000	0.184781760
130.0000	40.0000	20.0000	0.147389980
140.0000	40.0000	20.0000	0.427895800
150.0000	40.0000	20.0000	0.717216130
160.0000	40.0000	20.0000	0.545488830
170.0000	40.0000	20.0000	0.520190240
180.0000	40.0000	20.0000	1.543701000
190.0000	40.0000	20.0000	0.494515180
200.0000	40.0000	20.0000	0.052212816
210.0000	40.0000	20.0000	0.183800270
220.0000	40.0000	20.0000	0.466106360
230.0000	40.0000	20.0000	0.294986960
240.0000	40.0000	20.0000	0.349540140
250.0000	40.0000	20.0000	0.313245400
260.0000	40.0000	20.0000	0.310035900
270.0000	40.0000	20.0000	1.508354800
280.0000	40.0000	20.0000	3.501176600
290.0000	40.0000	20.0000	1.508052200
300.0000	40.0000	20.0000	0.680529650
310.0000	40.0000	20.0000	0.691741350
320.0000	40.0000	20.0000	0.776755150
330.0000	40.0000	20.0000	0.390828800
340.0000	40.0000	20.0000	0.096450280
350.0000	40.0000	20.0000	0.051339358
360.0000	40.0000	20.0000	1.000000000
0.0000	50.0000	20.0000	1.500967100
10.0000	50.0000	20.0000	0.549917400
20.0000	50.0000	20.0000	0.068647444
30.0000	50.0000	20.0000	0.169694720
40.0000	50.0000	20.0000	0.366513520
50.0000	50.0000	20.0000	0.719979300
60.0000	50.0000	20.0000	0.822790300
70.0000	50.0000	20.0000	0.417143880
80.0000	50.0000	20.0000	0.491155330
90.0000	50.0000	20.0000	1.520620000
100.0000	50.0000	20.0000	0.700615300
110.0000	50.0000	20.0000	0.122517460
120.0000	50.0000	20.0000	0.072151570
130.0000	50.0000	20.0000	0.140798780
140.0000	50.0000	20.0000	0.808147000
150.0000	50.0000	20.0000	0.705599400
160.0000	50.0000	20.0000	0.315033940
170.0000	50.0000	20.0000	0.157080490
180.0000	50.0000	20.0000	0.485029670
190.0000	50.0000	20.0000	0.314206750
200.0000	50.0000	20.0000	0.044039810
210.0000	50.0000	20.0000	0.105451970
220.0000	50.0000	20.0000	0.706354740
230.0000	50.0000	20.0000	1.264533500
240.0000	50.0000	20.0000	0.763074640
250.0000	50.0000	20.0000	0.411610660
260.0000	50.0000	20.0000	0.385698500
270.0000	50.0000	20.0000	2.029452000
280.0000	50.0000	20.0000	4.163108000
290.0000	50.0000	20.0000	0.888126130
300.0000	50.0000	20.0000	0.136457500
310.0000	50.0000	20.0000	0.101747760
320.0000	50.0000	20.0000	0.456213270
330.0000	50.0000	20.0000	0.784048400
340.0000	50.0000	20.0000	0.575227140
350.0000	50.0000	20.0000	0.431213600
360.0000	50.0000	20.0000	1.000000000
0.0000	60.0000	20.0000	0.835786760
10.0000	60.0000	20.0000	0.462004960
20.0000	60.0000	20.0000	0.101514840
30.0000	60.0000	20.0000	0.343153830
40.0000	60.0000	20.0000	0.783108650
50.0000	60.0000	20.0000	0.617838440
60.0000	60.0000	20.0000	0.127639110
70.0000	60.0000	20.0000	0.126691010
80.0000	60.0000	20.0000	0.075982350
90.0000	60.0000	20.0000	0.180469540
100.0000	60.0000	20.0000	0.208177540
110.0000	60.0000	20.0000	0.381873370
120.0000	60.0000	20.0000	0.534057100
130.0000	60.0000	20.0000	0.299603370
140.0000	60.0000	20.0000	0.867344100
150.0000	60.0000	20.0000	1.003983400
160.0000	60.0000	20.0000	0.183566660
170.0000	60.0000	20.0000	0.070717920
180.0000	60.0000	20.0000	0.114454100
190.0000	60.0000	20.0000	0.172515570
200.0000	60.0000	20.0000	0.081720080
210.0000	60.0000	20.0000	0.269422320
220.0000	60.0000	20.0000	1.475124400
230.0000	60.0000	20.0000	1.734559700
240.0000	60.0000	20.0000	0.247433570
250.0000	60.0000	20.0000	0.139644950
260.0000	60.0000	20.0000	0.092447920
270.0000	60.0000	20.0000	0.235115930
280.0000	60.0000	20.0000	0.940901640
290.0000	60.0000	20.0000	1.396486500
300.0000	60.0000	20.0000	0.714345300
310.0000	60.0000	20.0000	0.538959300
320.0000	60.0000	20.0000	1.724092100
330.0000	60.0000	20.0000	1.887358100
340.0000	60.0000	20.0000	0.867325960
350.0000	60.0000	20.0000	0.697400000
360.0000	60.0000	20.0000	1.000000000
0.0000	70.0000	20.0000	0.218226920
10.0000	70.0000	20.0000	0.323526680
20.0000	70.0000	20.0000	0.210148980
30.0000	70.0000	20.0000	0.254828160
40.0000	70.0000	20.0000	0.832078160
50.0000	70.0000	20.0000	0.528134640
60.0000	70.0000	20.0000	0.211264220
70.0000	70.0000	20.0000	0.357935670
80.0000	70.0000	20.0000	0.039855767
90.0000	70.0000	20.0000	0.037233442
100.0000	70.0000	20.0000	0.138204140
110.0000	70.0000	20.0000	0.547307700
120.0000	70.0000	20.0000	1.120260600
130.0000	70.0000	20.0000	0.404168200
140.0000	70.0000	20.0000	0.806116600
150.0000	70.0000	20.0000	2.036440400
160.0000	70.0000	20.0000	0.158006550
170.0000	70.0000	20.0000	0.028939886
180.0000	70.0000	20.0000	0.065542820
190.0000	70.0000	20.0000	0.116219090
200.0000	70.0000	20.0000	0.122300250
210.0000	70.0000	20.0000	0.404558150
220.0000	70.0000	20.0000	1.415830900
230.0000	70.0000	20.0000	0.801188200
240.0000	70.0000	20.0000	0.076172510
250.0000	70.0000	20.0000	0.104719030
260.0000	70.0000	20.0000	0.057344798
270.0000	70.0000	20.0000	0.078188170
280.0000	70.0000	20.0000	0.300357220
290.0000	70.0000	20.0000	1.223084100
300.0000	70.0000	20.0000	1.870268000
310.0000	70.0000	20.0000	0.659057740
320.0000	70.0000	20.0000	1.644132700
330.0000	70.0000	20.0000	2.574893500
340.0000	70.0000	20.0000	0.471178230
350.0000	70.0000	20.0000	0.151651650
360.0000	70.0000	20.0000	1.000000000
0.0000	80.0000	20.0000	0.144991170
10.0000	80.0000	20.0000	0.130382250
20.0000	80.0000	20.0000	0.145729600
30.0000	80.0000	20.0000	0.292233700
40.0000	80.0000	20.0000	1.378076700
50.0000	80.0000	20.0000	1.199786700
60.0000	80.0000	20.0000	0.696578440
70.0000	80.0000	20.0000	1.355789300
80.0000	80.0000	20.0000	0.084451266
90.0000	80.0000	20.0000	0.041999580
100.0000	80.0000	20.0000	0.265931730
110.0000	80.0000	20.0000	1.493357500
120.0000	80.0000	20.0000	1.413931800
130.0000	80.0000	20.0000	0.416116150
140.0000	80.0000	20.0000	0.844561760
150.0000	80.0000	20.0000	2.138071500
160.0000	80.0000	20.0000	0.215453120
170.0000	80.0000	20.0000	0.034527580
180.0000	80.0000	20.0000	0.039735522
190.0000	80.0000	20.0000	0.063205230
200.0000	80.0000	20.0000	0.105203370
210.0000	80.0000	20.0000	0.482657200
220.0000	80.0000	20.0000	0.730114640
230.0000	80.0000	20.0000	0.730870370
240.0000	80.0000	20.0000	0.428467300
250.0000	80.0000	20.0000	0.978090170
260.0000	80.0000	20.0000	0.221361010
270.0000	80.0000	20.0000	0.097424670
280.0000	80.0000	20.0000	0.244056580
290.0000	80.0000	20.0000	1.284507400
300.0000	80.0000	20.0000	1.230797400
310.0000	80.0000	20.0000	0.168611570
320.0000	80.0000	20.0000	0.345637600
330.0000	80.0000	20.0000	2.183750600
340.0000	80.0000	20.0000	0.369495570
350.0000	80.0000	20.0000	0.123077370
360.0000	80.0000	20.0000	1.000000000
0.0000	90.0000	20.0000	0.157422960
10.0000	90.0000	20.0000	0.079346750
20.0000	90.0000	20.0000	0.154200290
30.0000	90.0000	20.0000	0.458864870
40.0000	90.0000	20.0000	2.315348900
50.0000	90.0000	20.0000	2.180663800
60.0000	90.0000	20.0000	1.761885000
70.0000	90.0000	20.0000	2.509583500
80.0000	90.0000	20.0000	0.175724120
90.0000	90.0000	20.0000	0.118663460
100.0000	90.0000	20.0000	1.223328400
110.0000	90.0000	20.0000	7.392248600
120.0000	90.0000	20.0000	2.113508500
130.0000	90.0000	20.0000	0.509201400
140.0000	90.0000	20.0000	0.867143870
150.0000	90.0000	20.0000	0.753419900
160.0000	90.0000	20.0000	0.145379110
170.0000	90.0000	20.0000	0.047024556
180.0000	90.0000	20.0000	0.068636490
190.0000	90.0000	20.0000	0.079289330
200.0000	90.0000	20.0000	0.125762580
210.0000	90.0000	20.0000	0.684340700
220.0000	90.0000	20.0000	0.556331600
230.0000	90.0000	20.0000	0.394403820
240.0000	90.0000	20.0000	1.244777300
250.0000	90.0000	20.0000	5.457563000
260.0000	90.0000	20.0000	0.795242550
270.0000	90.0000	20.0000	0.234535590
280.0000	90.0000	20.0000	0.683830260
290.0000	90.0000	20.0000	2.372969200
300.0000	90.0000	20.0000	1.075856100
310.0000	90.0000	20.0000	0.102767620
320.0000	90.0000	20.0000	0.164632450
330.0000	90.0000	20.0000	1.406748400
340.0000	90.0000	20.0000	0.267717030
350.0000	90.0000	20.0000	0.148370310
360.0000	90.0000	20.0000	1.000000000
0.0000	0.0000	30.0000	1.000000000
10.0000	0.0000	30.0000	1.000000000
20.0000	0.0000	30.0000	1.000000000
30.0000	0.0000	30.0000	1.000000000
40.0000	0.0000	30.0000	1.000000000
50.0000	0.0000	30.0000	1.000000000
60.0000	0.0000	30.0000	1.000000000
70.0000	0.0000	30.0000	1.000000000
80.0000	0.0000	30.0000	1.000000000
90.0000	0.0000	30.0000	1.000000000
100.0000	0.0000	30.0000	1.000000000
110.0000	0.0000	30.0000	1.000000000
120.0000	0.0000	30.0000	1.000000000
130.0000	0.0000	30.0000	1.000000000
140.0000	0.0000	30.0000	1.000000000
150.0000	0.0000	30.0000	1.000000000
160.0000	0.0000	30.0000	1.000000000
170.0000	0.0000	30.0000	1.000000000
180.0000	0.0000	30.0000	1.000000000
190.0000	0.0000	30.0000	1.000000000
200.0000	0.0000	30.0000	1.000000000
210.0000	0.0000	30.0000	1.000000000
220.0000	0.0000	30.0000	1.000000000
230.0000	0.0000	30.0000	1.000000000
240.0000	0.0000	30.0000	1.000000000
250.0000	0.0000	30.0000	1.000000000
260.0000	0.0000	30.0000	1.000000000
270.0000	0.0000	30.0000	1.000000000
280.0000	0.0000	30.0000	1.000000000
290.0000	0.0000	30.0000	1.000000000
300.0000	0.0000	30.0000	1.000000000
310.0000	0.0000	30.0000	1.000000000
320.0000	0.0000	30.0000	1.000000000
330.0000	0.0000	30.0000	1.000000000
340.0000	0.0000	30.0000	1.000000000
350.0000	0.0000	30.0000	1.000000000
360.0000	0.0000	30.0000	1.000000000
0.0000	10.0000	30.0000	0.088949550
10.0000	10.0000	30.0000	1.637438900
20.0000	10.0000	30.0000	3.859344700
30.0000	10.0000	30.0000	0.751112640
40.0000	10.0000	30.0000	0.143574070
50.0000	10.0000	30.0000	0.021121286
60.0000	10.0000	30.0000	0.036756508
70.0000	10.0000	30.0000	0.114495400
80.0000	10.0000	30.0000	0.258245740
90.0000	10.0000	30.0000	4.066313700
100.0000	10.0000	30.0000	17.706158000
110.0000	10.0000	30.0000	3.062470200
120.0000	10.0000	30.0000	0.768060300
130.0000	10.0000	30.0000	1.123724200
140.0000	10.0000	30.0000	0.470404920
150.0000	10.0000	30.0000	0.077749915
160.0000	10.0000	30.0000	0.345471400
170.0000	10.0000	30.0000	1.772153300
180.0000	10.0000	30.0000	0.077778410
190.0000	10.0000	30.0000	0.190358220
200.0000	10.0000	30.0000	0.299068720
210.0000	10.0000	30.0000	0.668087300
220.0000	10.0000	30.0000	0.792185300
230.0000	10.0000	30.0000	0.032853357
240.0000	10.0000	30.0000	0.038419350
250.0000	10.0000	30.0000	0.105079270
260.0000	10.0000	30.0000	0.208083050
270.0000	10.0000	30.0000	2.537944800
280.0000	10.0000	30.0000	4.248181300
290.0000	10.0000	30.0000	1.719013900
300.0000	10.0000	30.0000	2.008767400
310.0000	10.0000	30.0000	0.826753260
320.0000	10.0000	30.0000	0.259484020
330.0000	10.0000	30.0000	0.098925190
340.0000	10.0000	30.0000	0.450557800
350.0000	10.0000	30.0000	1.783582900
360.0000	10.0000	30.0000	1.000000000
0.0000	20.0000	30.0000	1.079661800
10.0000	20.0000	30.0000	1.680339900
20.0000	20.0000	30.0000	1.179169700
30.0000	20.0000	30.0000	2.269462300
40.0000	20.0000	30.0000	0.442178100
50.0000	20.0000	30.0000	0.063416010
60.0000	20.0000	30.0000	0.025709609
70.0000	20.0000	30.0000	0.156014310
80.0000	20.0000	30.0000	0.340301280
90.0000	20.0000	30.0000	0.461425960
100.0000	20.0000	30.0000	0.682522800
110.0000	20.0000	30.0000	0.326185550
120.0000	20.0000	30.0000	0.413521650
130.0000	20.0000	30.0000	0.647330500
140.0000	20.0000	30.0000	0.383872270
150.0000	20.0000	30.0000	0.035111230
160.0000	20.0000	30.0000	0.039587190
170.0000	20.0000	30.0000	0.539474100
180.0000	20.0000	30.0000	0.508480250
190.0000	20.0000	30.0000	0.203637960
200.0000	20.0000	30.0000	0.281761140
210.0000	20.0000	30.0000	1.913072300
220.0000	20.0000	30.0000	1.009110500
230.0000	20.0000	30.0000	0.165111960
240.0000	20.0000	30.0000	0.121620014
250.0000	20.0000	30.0000	0.465525930
260.0000	20.0000	30.0000	0.438491600
270.0000	20.0000	30.0000	0.179186780
280.0000	20.0000	30.0000	0.175549800
290.0000	20.0000	30.0000	0.952152670
300.0000	20.0000	30.0000	2.380834600
310.0000	20.0000	30.0000	0.897248400
320.0000	20.0000	30.0000	0.317980560
330.0000	20.0000	30.0000	0.021769800
340.0000	20.0000	30.0000	0.032970887
350.0000	20.0000	30.0000	0.179663570
360.0000	20.0000	30.0000	1.000000000
0.0000	30.0000	30.0000	1.564084300
10.0000	30.0000	30.0000	1.114334200
20.0000	30.0000	30.0000	0.499782530
30.0000	30.0000	30.0000	1.519482100
40.0000	30.0000	30.0000	0.497732340
50.0000	30.0000	30.0000	0.087053010
60.0000	30.0000	30.0000	0.091506170
70.0000	30.0000	30.0000	0.090515860
80.0000	30.0000	30.0000	0.101953680
90.0000	30.0000	30.0000	0.261670680
100.0000	30.0000	30.0000	0.330425860
110.0000	30.0000	30.0000	0.348855260
120.0000	30.0000	30.0000	0.161757230
130.0000	30.0000	30.0000	0.135405810
140.0000	30.0000	30.0000	0.285391150
150.0000	30.0000	30.0000	0.100510890
160.0000	30.0000	30.0000	0.089200140
170.0000	30.0000	30.0000	0.738101300
180.0000	30.0000	30.0000	1.076850900
190.0000	30.0000	30.0000	0.290701270
200.0000	30.0000	30.0000	0.268277500
210.0000	30.0000	30.0000	2.073190500
220.0000	30.0000	30.0000	1.116341200
230.0000	30.0000	30.0000	0.293315300
240.0000	30.0000	30.0000	0.298982530
250.0000	30.0000	30.0000	0.189906750
260.0000	30.0000	30.0000	0.139081570
270.0000	30.0000	30.0000	0.137909650
280.0000	30.0000	30.0000	0.500701000
290.0000	30.0000	30.0000	1.982667200
300.0000	30.0000	30.0000	0.713479760
310.0000	30.0000	30.0000	0.288985160
320.0000	30.0000	30.0000	0.183189470
330.0000	30.0000	30.0000	0.015644930
340.0000	30.0000	30.0000	0.019736573
350.0000	30.0000	30.0000	0.104736840
360.0000	30.0000	30.0000	1.000000000
0.0000	40.0000	30.0000	1.845409600
10.0000	40.0000	30.0000	0.831660150
20.0000	40.0000	30.0000	0.273215700
30.0000	40.0000	30.0000	0.525257230
40.0000	40.0000	30.0000	0.298399780
50.0000	40.0000	30.0000	0.242886840
60.0000	40.0000	30.0000	0.432611530
70.0000	40.0000	30.0000	0.286767200
80.0000	40.0000	30.0000	0.607593800
90.0000	40.0000	30.0000	1.840349800
100.0000	40.0000	30.0000	0.425468300
110.0000	40.0000	30.0000	0.261070880
120.0000	40.0000	30.0000	0.053626154
130.0000	40.0000	30.0000	0.166167840
140.0000	40.0000	30.0000	0.632712960
150.0000	40.0000	30.0000	0.238347320
160.0000	40.0000	30.0000	0.296744470
170.0000	40.0000	30.0000	0.445168550
180.0000	40.0000	30.0000	1.170817600
190.0000	40.0000	30.0000	0.361350700
200.0000	40.0000	30.0000	0.142556850
210.0000	40.0000	30.0000	1.129859200
220.0000	40.0000	30.0000	1.548336400
230.0000	40.0000	30.0000	0.506828100
240.0000	40.0000	30.0000	0.374048800
250.0000	40.0000	30.0000	0.163282260
260.0000	40.0000	30.0000	0.354127500
270.0000	40.0000	30.0000	1.770834800
280.0000	40.0000	30.0000	1.596726000
290.0000	40.0000	30.0000	0.442445220
300.0000	40.0000	30.0000	0.046466984
310.0000	40.0000	30.0000	0.136740490
320.0000	40.0000	30.0000	0.522297740
330.0000	40.0000	30.0000	0.190659520
340.0000	40.0000	30.0000	0.226668150
350.0000	40.0000	30.0000	0.464153380
360.0000	40.0000	30.0000	1.000000000
0.0000	50.0000	30.0000	1.874731700
10.0000	50.0000	30.0000	0.499193940
20.0000	50.0000	30.0000	0.070733320
30.0000	50.0000	30.0000	0.147384420
40.0000	50.0000	30.0000	0.381296160
50.0000	50.0000	30.0000	0.933231300
60.0000	50.0000	30.0000	0.767683500
70.0000	50.0000	30.0000	0.419872000
80.0000	50.0000	30.0000	0.548569500
90.0000	50.0000	30.0000	1.937833700
100.0000	50.0000	30.0000	0.600518400
110.0000	50.0000	30.0000	0.149663240
120.0000	50.0000	30.0000	0.181159080
130.0000	50.0000	30.0000	0.688357400
140.0000	50.0000	30.0000	1.965605000
150.0000	50.0000	30.0000	0.445490720
160.0000	50.0000	30.0000	0.279952620
170.0000	50.0000	30.0000	0.423372330
180.0000	50.0000	30.0000	0.882233500
190.0000	50.0000	30.0000	0.222472010
200.0000	50.0000	30.0000	0.063313970
210.0000	50.0000	30.0000	0.368582430
220.0000	50.0000	30.0000	1.765314000
230.0000	50.0000	30.0000	1.043857700
240.0000	50.0000	30.0000	0.855778000
250.0000	50.0000	30.0000	0.328661020
260.0000	50.0000	30.0000	0.437734250
270.0000	50.0000	30.0000	4.104387300
280.0000	50.0000	30.0000	4.108920000
290.0000	50.0000	30.0000	0.274938850
300.0000	50.0000	30.0000	0.112325710
310.0000	50.0000	30.0000	0.282415720
320.0000	50.0000	30.0000	0.919195300
330.0000	50.0000	30.0000	0.287551080
340.0000	50.0000	30.0000	0.452695500
350.0000	50.0000	30.0000	0.993325100
360.0000	50.0000	30.0000	1.000000000
0.0000	60.0000	30.0000	1.271194100
10.0000	60.0000	30.0000	0.260926100
20.0000	60.0000	30.0000	0.037653483
30.0000	60.0000	30.0000	0.221811040
40.0000	60.0000	30.0000	0.784020360
50.0000	60.0000	30.0000	0.451016250
60.0000	60.0000	30.0000	0.140819900
70.0000	60.0000	30.0000	0.141907720
80.0000	60.0000	30.0000	0.115859230
90.0000	60.0000	30.0000	0.750832400
100.0000	60.0000	30.0000	0.956603170
110.0000	60.0000	30.0000	1.272432300
120.0000	60.0000	30.0000	0.722836300
130.0000	60.0000	30.0000	0.886920400
140.0000	60.0000	30.0000	3.294375000
150.0000	60.0000	30.0000	1.856983900
160.0000	60.0000	30.0000	0.521633100
170.0000	60.0000	30.0000	0.665837760
180.0000	60.0000	30.0000	0.528903370
190.0000	60.0000	30.0000	0.109621000
200.0000	60.0000	30.0000	0.069379635
210.0000	60.0000	30.0000	0.312642250
220.0000	60.0000	30.0000	0.923055050
230.0000	60.0000	30.0000	0.861189400
240.0000	60.0000	30.0000	0.300379250
250.0000	60.0000	30.0000	0.205095960
260.0000	60.0000	30.0000	0.131912660
270.0000	60.0000	30.0000	0.997631000
280.0000	60.0000	30.0000	3.050657700
290.0000	60.0000	30.0000	1.705146000
300.0000	60.0000	30.0000	0.571911200
310.0000	60.0000	30.0000	0.749757470
320.0000	60.0000	30.0000	2.564146300
330.0000	60.0000	30.0000	1.217018400
340.0000	60.0000	30.0000	1.280318900
350.0000	60.0000	30.0000	1.601249900
360.0000	60.0000	30.0000	1.000000000
0.0000	70.0000	30.0000	0.487063560
10.0000	70.0000	30.0000	0.128833760
20.0000	70.0000	30.0000	0.091193150
30.0000	70.0000	30.0000	0.665877900
40.0000	70.0000	30.0000	1.369689100
50.0000	70.0000	30.0000	0.525017800
60.0000	70.0000	30.0000	0.090504035
70.0000	70.0000	30.0000	0.187418150
80.0000	70.0000	30.0000	0.074702350
90.0000	70.0000	30.0000	0.065440200
100.0000	70.0000	30.0000	0.262671300
110.0000	70.0000	30.0000	2.040876600
120.0000	70.0000	30.0000	1.412349600
130.0000	70.0000	30.0000	0.534266600
140.0000	70.0000	30.0000	1.261298000
150.0000	70.0000	30.0000	2.057283900
160.0000	70.0000	30.0000	0.307700540
170.0000	70.0000	30.0000	0.270112800
180.0000	70.0000	30.0000	0.244967200
190.0000	70.0000	30.0000	0.083474970
200.0000	70.0000	30.0000	0.160703000
210.0000	70.0000	30.0000	0.432357160
220.0000	70.0000	30.0000	0.808736200
230.0000	70.0000	30.0000	0.477831200
240.0000	70.0000	30.0000	0.039773703
250.0000	70.0000	30.0000	0.140221700
260.0000	70.0000	30.0000	0.117138550
270.0000	70.0000	30.0000	0.188834770
280.0000	70.0000	30.0000	0.858312130
290.0000	70.0000	30.0000	2.148403000
300.0000	70.0000	30.0000	0.911675900
310.0000	70.0000	30.0000	0.391354800
320.0000	70.0000	30.0000	1.231622500
330.0000	70.0000	30.0000	2.528135800
340.0000	70.0000	30.0000	0.877604500
350.0000	70.0000	30.0000	1.332503700
360.0000	70.0000	30.0000	1.000000000
0.0000	80.0000	30.0000	0.280188600
10.0000	80.0000	30.0000	0.066655400
20.0000	80.0000	30.0000	0.106274515
30.0000	80.0000	30.0000	0.471345160
40.0000	80.0000	30.0000	1.331503200
50.0000	80.0000	30.0000	0.686407700
60.0000	80.0000	30.0000	0.540095800
70.0000	80.0000	30.0000	1.661124700
80.0000	80.0000	30.0000	0.203128900
90.0000	80.0000	30.0000	0.069939370
100.0000	80.0000	30.0000	0.359159680
110.0000	80.0000	30.0000	2.715122700
120.0000	80.0000	30.0000	1.112252800
130.0000	80.0000	30.0000	0.231105240
140.0000	80.0000	30.0000	0.373026940
150.0000	80.0000	30.0000	0.545623060
160.0000	80.0000	30.0000	0.187178370
170.0000	80.0000	30.0000	0.072287590
180.0000	80.0000	30.0000	0.103077850
190.0000	80.0000	30.0000	0.120267370
200.0000	80.0000	30.0000	0.257345970
210.0000	80.0000	30.0000	0.428400780
220.0000	80.0000	30.0000	0.482935600
230.0000	80.0000	30.0000	0.552453760
240.0000	80.0000	30.0000	0.271114900
250.0000	80.0000	30.0000	0.766142960
260.0000	80.0000	30.0000	0.562832060
270.0000	80.0000	30.0000	0.451914820
280.0000	80.0000	30.0000	1.177885000
290.0000	80.0000	30.0000	3.119565500
300.0000	80.0000	30.0000	0.764069860
310.0000	80.0000	30.0000	0.157844200
320.0000	80.0000	30.0000	0.416470800
330.0000	80.0000	30.0000	0.730338700
340.0000	80.0000	30.0000	0.212946710
350.0000	80.0000	30.0000	0.540933000
360.0000	80.0000	30.0000	1.000000000
0.0000	90.0000	30.0000	0.196295230
10.0000	90.0000	30.0000	0.063280660
20.0000	90.0000	30.0000	0.077765316
30.0000	90.0000	30.0000	0.299045000
40.0000	90.0000	30.0000	0.726301000
50.0000	90.0000	30.0000	0.394798850
60.0000	90.0000	30.0000	0.733133140
70.0000	90.0000	30.0000	3.696763500
80.0000	90.0000	30.0000	0.507467030
90.0000	90.0000	30.0000	0.275007750
100.0000	90.0000	30.0000	1.934169000
110.0000	90.0000	30.0000	9.257679000
120.0000	90.0000	30.0000	1.676019300
130.0000	90.0000	30.0000	0.412943720
140.0000	90.0000	30.0000	0.219683570
150.0000	90.0000	30.0000	0.145715100
160.0000	90.0000	30.0000	0.095804006
170.0000	90.0000	30.0000	0.045093080
180.0000	90.0000	30.0000	0.129628100
190.0000	90.0000	30.0000	0.273599330
200.0000	90.0000	30.0000	0.314360230
210.0000	90.0000	30.0000	0.453930740
220.0000	90.0000	30.0000	0.303002180
230.0000	90.0000	30.0000	0.515996100
240.0000	90.0000	30.0000	1.119537800
250.0000	90.0000	30.0000	4.470055600
260.0000	90.0000	30.0000	1.780145900
270.0000	90.0000	30.0000	1.077822100
280.0000	90.0000	30.0000	2.060155200
290.0000	90.0000	30.0000	4.194823700
300.0000	90.0000	30.0000	0.613710940
310.0000	90.0000	30.0000	0.153691490
320.0000	90.0000	30.0000	0.162218390
330.0000	90.0000	30.0000	0.283050330
340.0000	90.0000	30.0000	0.119249600
350.0000	90.0000	30.0000	0.242846340
360.0000	90.0000	30.0000	1.000000000
0.0000	0.0000	40.0000	1.000000000
10.0000	0.0000	40.0000	1.000000000
20.0000	0.0000	40.0000	1.000000000
30.0000	0.0000	40.0000	1.000000000
40.0000	0.0000	40.0000	1.000000000
50.0000	0.0000	40.0000	1.000000000
60.0000	0.0000	40.0000	1.000000000
70.0000	0.0000	40.0000	1.000000000
80.0000	0.0000	40.0000	1.000000000
90.0000	0.0000	40.0000	1.000000000
100.0000	0.0000	40.0000	1.000000000
110.0000	0.0000	40.0000	1.000000000
120.0000	0.0000	40.0000	1.000000000
130.0000	0.0000	40.0000	1.000000000
140.0000	0.0000	40.0000	1.000000000
150.0000	0.0000	40.0000	1.000000000
160.0000	0.0000	40.0000	1.000000000
170.0000	0.0000	40.0000	1.000000000
180.0000	0.0000	40.0000	1.000000000
190.0000	0.0000	40.0000	1.000000000
200.0000	0.0000	40.0000	1.000000000
210.0000	0.0000	40.0000	1.000000000
220.0000	0.0000	40.0000	1.000000000
230.0000	0.0000	40.0000	1.000000000
240.0000	0.0000	40.0000	1.000000000
250.0000	0.0000	40.0000	1.000000000
260.0000	0.0000	40.0000	1.000000000
270.0000	0.0000	40.0000	1.000000000
280.0000	0.0000	40.0000	1.000000000
290.0000	0.0000	40.0000	1.000000000
300.0000	0.0000	40.0000	1.000000000
310.0000	0.0000	40.0000	1.000000000
320.0000	0.0000	40.0000	1.000000000
330.0000	0.0000	40.0000	1.000000000
340.0000	0.0000	40.0000	1.000000000
350.0000	0.0000	40.0000	1.000000000
360.0000	0.0000	40.0000	1.000000000
0.0000	10.0000	40.0000	0.070330776
10.0000	10.0000	40.0000	1.584265000
20.0000	10.0000	40.0000	5.392090000
30.0000	10.0000	40.0000	0.067596710
40.0000	10.0000	40.0000	0.013814296
50.0000	10.0000	40.0000	0.014441088
60.0000	10.0000	40.0000	0.120068450
70.0000	10.0000	40.0000	0.852475170
80.0000	10.0000	40.0000	0.356184870
90.0000	10.0000	40.0000	2.560980800
100.0000	10.0000	40.0000	28.351110000
110.0000	10.0000	40.0000	3.869380200
120.0000	10.0000	40.0000	0.560567200
130.0000	10.0000	40.0000	0.101144040
140.0000	10.0000	40.0000	0.030952236
150.0000	10.0000	40.0000	0.021897912
160.0000	10.0000	40.0000	0.659404340
170.0000	10.0000	40.0000	0.853574900
180.0000	10.0000	40.0000	0.023844631
190.0000	10.0000	40.0000	0.266401600
200.0000	10.0000	40.0000	1.158223600
210.0000	10.0000	40.0000	0.223872570
220.0000	10.0000	40.0000	0.016456487
230.0000	10.0000	40.0000	0.023803330
240.0000	10.0000	40.0000	0.139109400
250.0000	10.0000	40.0000	0.633356450
260.0000	10.0000	40.0000	0.436044450
270.0000	10.0000	40.0000	2.360220400
280.0000	10.0000	40.0000	12.503564000
290.0000	10.0000	40.0000	1.486093800
300.0000	10.0000	40.0000	0.335351100
310.0000	10.0000	40.0000	0.063249280
320.0000	10.0000	40.0000	0.033548113
330.0000	10.0000	40.0000	0.049025800
340.0000	10.0000	40.0000	1.087475000
350.0000	10.0000	40.0000	1.785943700
360.0000	10.0000	40.0000	1.000000000
0.0000	20.0000	40.0000	0.490697470
10.0000	20.0000	40.0000	1.153933500
20.0000	20.0000	40.0000	1.703062000
30.0000	20.0000	40.0000	0.245018650
40.0000	20.0000	40.0000	0.022173868
50.0000	20.0000	40.0000	0.027688213
60.0000	20.0000	40.0000	0.089708544
70.0000	20.0000	40.0000	0.175720480
80.0000	20.0000	40.0000	0.499012860
90.0000	20.0000	40.0000	3.455665600
100.0000	20.0000	40.0000	2.345623700
110.0000	20.0000	40.0000	0.199624720
120.0000	20.0000	40.0000	0.229760300
130.0000	20.0000	40.0000	0.126702280
140.0000	20.0000	40.0000	0.037211350
150.0000	20.0000	40.0000	0.048860136
160.0000	20.0000	40.0000	0.265239950
170.0000	20.0000	40.0000	0.915956600
180.0000	20.0000	40.0000	0.273153000
190.0000	20.0000	40.0000	0.341985340
200.0000	20.0000	40.0000	1.066918000
210.0000	20.0000	40.0000	0.731002750
220.0000	20.0000	40.0000	0.066793820
230.0000	20.0000	40.0000	0.137766380
240.0000	20.0000	40.0000	0.583400800
250.0000	20.0000	40.0000	0.225188340
260.0000	20.0000	40.0000	0.343235100
270.0000	20.0000	40.0000	1.835521600
280.0000	20.0000	40.0000	0.506134400
290.0000	20.0000	40.0000	0.223774750
300.0000	20.0000	40.0000	1.032684900
310.0000	20.0000	40.0000	0.198855370
320.0000	20.0000	40.0000	0.039722703
330.0000	20.0000	40.0000	0.076908060
340.0000	20.0000	40.0000	0.288111060
350.0000	20.0000	40.0000	0.696264400
360.0000	20.0000	40.0000	1.000000000
0.0000	30.0000	40.0000	1.032794800
10.0000	30.0000	40.0000	0.899547500
20.0000	30.0000	40.0000	2.135873000
30.0000	30.0000	40.0000	0.603780150
40.0000	30.0000	40.0000	0.086001754
50.0000	30.0000	40.0000	0.128357990
60.0000	30.0000	40.0000	0.065210370
70.0000	30.0000	40.0000	0.062732670
80.0000	30.0000	40.0000	0.392810520
90.0000	30.0000	40.0000	1.400027800
100.0000	30.0000	40.0000	1.026697300
110.0000	30.0000	40.0000	0.057552896
120.0000	30.0000	40.0000	0.051167650
130.0000	30.0000	40.0000	0.130973410
140.0000	30.0000	40.0000	0.108110640
150.0000	30.0000	40.0000	0.251643900
160.0000	30.0000	40.0000	0.399417760
170.0000	30.0000	40.0000	1.076441900
180.0000	30.0000	40.0000	0.849151700
190.0000	30.0000	40.0000	0.651191060
200.0000	30.0000	40.0000	1.314532500
210.0000	30.0000	40.0000	1.389316700
220.0000	30.0000	40.0000	0.551966550
230.0000	30.0000	40.0000	0.416531650
240.0000	30.0000	40.0000	0.127294780
250.0000	30.0000	40.0000	0.053999912
260.0000	30.0000	40.0000	0.212037820
270.0000	30.0000	40.0000	0.977818600
280.0000	30.0000	40.0000	0.622878850
290.0000	30.0000	40.0000	0.266884650
300.0000	30.0000	40.0000	0.351392330
310.0000	30.0000	40.0000	0.140044850
320.0000	30.0000	40.0000	0.092625640
330.0000	30.0000	40.0000	0.147148130
340.0000	30.0000	40.0000	0.441598530
350.0000	30.0000	40.0000	1.322790100
360.0000	30.0000	40.0000	1.000000000
0.0000	40.0000	40.0000	1.253611300
10.0000	40.0000	40.0000	1.393509100
20.0000	40.0000	40.0000	3.684940300
30.0000	40.0000	40.0000	1.799298500
40.0000	40.0000	40.0000	0.543025900
50.0000	40.0000	40.0000	0.348755450
60.0000	40.0000	40.0000	0.164648200
70.0000	40.0000	40.0000	0.130738910
80.0000	40.0000	40.0000	0.297776460
90.0000	40.0000	40.0000	0.815554100
100.0000	40.0000	40.0000	0.525404630
110.0000	40.0000	40.0000	0.076376684
120.0000	40.0000	40.0000	0.070775770
130.0000	40.0000	40.0000	0.363196550
140.0000	40.0000	40.0000	0.469262270
150.0000	40.0000	40.0000	0.978845240
160.0000	40.0000	40.0000	1.468696400
170.0000	40.0000	40.0000	0.610153140
180.0000	40.0000	40.0000	0.772699400
190.0000	40.0000	40.0000	0.681748750
200.0000	40.0000	40.0000	0.992169900
210.0000	40.0000	40.0000	3.161799700
220.0000	40.0000	40.0000	3.278930400
230.0000	40.0000	40.0000	0.856317040
240.0000	40.0000	40.0000	0.089933620
250.0000	40.0000	40.0000	0.047292940
260.0000	40.0000	40.0000	0.235979040
270.0000	40.0000	40.0000	1.273745800
280.0000	40.0000	40.0000	1.112146300
290.0000	40.0000	40.0000	0.067313450
300.0000	40.0000	40.0000	0.014231231
310.0000	40.0000	40.0000	0.086931380
320.0000	40.0000	40.0000	0.296484440
330.0000	40.0000	40.0000	0.409988700
340.0000	40.0000	40.0000	1.616814900
350.0000	40.0000	40.0000	1.808239900
360.0000	40.0000	40.0000	1.000000000
0.0000	50.0000	40.0000	1.077477800
10.0000	50.0000	40.0000	0.869625400
20.0000	50.0000	40.0000	1.096825800
30.0000	50.0000	40.0000	3.617376300
40.0000	50.0000	40.0000	2.353346800
50.0000	50.0000	40.0000	0.580059500
60.0000	50.0000	40.0000	0.466782750
70.0000	50.0000	40.0000	0.432060540
80.0000	50.0000	40.0000	0.616854550
90.0000	50.0000	40.0000	1.639371400
100.0000	50.0000	40.0000	0.852877800
110.0000	50.0000	40.0000	0.361216430
120.0000	50.0000	40.0000	0.612288100
130.0000	50.0000	40.0000	1.499151500
140.0000	50.0000	40.0000	2.639915200
150.0000	50.0000	40.0000	2.978709200
160.0000	50.0000	40.0000	3.088496700
170.0000	50.0000	40.0000	0.635617430
180.0000	50.0000	40.0000	0.495312480
190.0000	50.0000	40.0000	0.239698080
200.0000	50.0000	40.0000	0.355980870
210.0000	50.0000	40.0000	3.967650200
220.0000	50.0000	40.0000	4.127559700
230.0000	50.0000	40.0000	1.156918300
240.0000	50.0000	40.0000	0.637900950
250.0000	50.0000	40.0000	0.447300940
260.0000	50.0000	40.0000	0.940397600
270.0000	50.0000	40.0000	4.730804000
280.0000	50.0000	40.0000	3.589977500
290.0000	50.0000	40.0000	0.232554810
300.0000	50.0000	40.0000	0.207402840
310.0000	50.0000	40.0000	0.880515600
320.0000	50.0000	40.0000	1.370033100
330.0000	50.0000	40.0000	0.912847760
340.0000	50.0000	40.0000	1.067519200
350.0000	50.0000	40.0000	0.515169300
360.0000	50.0000	40.0000	1.000000000
0.0000	60.0000	40.0000	0.850169540
10.0000	60.0000	40.0000	0.532273770
20.0000	60.0000	40.0000	0.609244640
30.0000	60.0000	40.0000	4.510007000
40.0000	60.0000	40.0000	2.038874600
50.0000	60.0000	40.0000	0.157925230
60.0000	60.0000	40.0000	0.205186930
70.0000	60.0000	40.0000	0.522761300
80.0000	60.0000	40.0000	0.412937050
90.0000	60.0000	40.0000	1.083539400
100.0000	60.0000	40.0000	2.750290900
110.0000	60.0000	40.0000	2.328977600
120.0000	60.0000	40.0000	0.976221740
130.0000	60.0000	40.0000	1.244620300
140.0000	60.0000	40.0000	2.935631800
150.0000	60.0000	40.0000	2.765643000
160.0000	60.0000	40.0000	2.346853000
170.0000	60.0000	40.0000	1.255368600
180.0000	60.0000	40.0000	0.479168470
190.0000	60.0000	40.0000	0.176111980
200.0000	60.0000	40.0000	0.354824200
210.0000	60.0000	40.0000	1.592553900
220.0000	60.0000	40.0000	0.665015200
230.0000	60.0000	40.0000	0.252386240
240.0000	60.0000	40.0000	0.670355700
250.0000	60.0000	40.0000	1.078119800
260.0000	60.0000	40.0000	0.604422100
270.0000	60.0000	40.0000	2.225027000
280.0000	60.0000	40.0000	4.409234500
290.0000	60.0000	40.0000	1.079131800
300.0000	60.0000	40.0000	0.446514070
310.0000	60.0000	40.0000	0.506770250
320.0000	60.0000	40.0000	1.334598000
330.0000	60.0000	40.0000	3.045123600
340.0000	60.0000	40.0000	2.036663800
350.0000	60.0000	40.0000	0.623212200
360.0000	60.0000	40.0000	1.000000000
0.0000	70.0000	40.0000	0.463492660
10.0000	70.0000	40.0000	0.491795300
20.0000	70.0000	40.0000	1.963774100
30.0000	70.0000	40.0000	2.808270000
40.0000	70.0000	40.0000	0.713235900
50.0000	70.0000	40.0000	0.057928372
60.0000	70.0000	40.0000	0.047992770
70.0000	70.0000	40.0000	0.299434780
80.0000	70.0000	40.0000	0.171598500
90.0000	70.0000	40.0000	0.180838780
100.0000	70.0000	40.0000	1.178489600
110.0000	70.0000	40.0000	2.691882800
120.0000	70.0000	40.0000	0.622841840
130.0000	70.0000	40.0000	0.234034430
140.0000	70.0000	40.0000	0.359017850
150.0000	70.0000	40.0000	0.594615040
160.0000	70.0000	40.0000	0.906853000
170.0000	70.0000	40.0000	1.287452500
180.0000	70.0000	40.0000	0.465255560
190.0000	70.0000	40.0000	0.361421140
200.0000	70.0000	40.0000	1.153805500
210.0000	70.0000	40.0000	0.805891630
220.0000	70.0000	40.0000	0.246479600
230.0000	70.0000	40.0000	0.081419260
240.0000	70.0000	40.0000	0.138420840
250.0000	70.0000	40.0000	0.657535730
260.0000	70.0000	40.0000	0.201912780
270.0000	70.0000	40.0000	0.296305480
280.0000	70.0000	40.0000	1.027265500
290.0000	70.0000	40.0000	0.854543900
300.0000	70.0000	40.0000	0.211631950
310.0000	70.0000	40.0000	0.093546570
320.0000	70.0000	40.0000	0.465895740
330.0000	70.0000	40.0000	2.149546100
340.0000	70.0000	40.0000	1.091066400
350.0000	70.0000	40.0000	0.843978300
360.0000	70.0000	40.0000	1.000000000
0.0000	80.0000	40.0000	0.414917900
10.0000	80.0000	40.0000	0.326062350
20.0000	80.0000	40.0000	1.854235400
30.0000	80.0000	40.0000	1.190936100
40.0000	80.0000	40.0000	1.015827800
50.0000	80.0000	40.0000	0.948406700
60.0000	80.0000	40.0000	0.400456880
70.0000	80.0000	40.0000	1.390682700
80.0000	80.0000	40.0000	0.810411160
90.0000	80.0000	40.0000	0.569886700
100.0000	80.0000	40.0000	2.584889000
110.0000	80.0000	40.0000	4.257475400
120.0000	80.0000	40.0000	0.521917460
130.0000	80.0000	40.0000	0.318046500
140.0000	80.0000	40.0000	0.262692100
150.0000	80.0000	40.0000	0.465517460
160.0000	80.0000	40.0000	0.952649700
170.0000	80.0000	40.0000	0.323080500
180.0000	80.0000	40.0000	0.420321020
190.0000	80.0000	40.0000	1.133601700
200.0000	80.0000	40.0000	2.633292400
210.0000	80.0000	40.0000	0.641851200
220.0000	80.0000	40.0000	0.401484130
230.0000	80.0000	40.0000	0.446223600
240.0000	80.0000	40.0000	0.389377860
250.0000	80.0000	40.0000	1.058035300
260.0000	80.0000	40.0000	1.184051500
270.0000	80.0000	40.0000	1.219238900
280.0000	80.0000	40.0000	2.363662500
290.0000	80.0000	40.0000	1.671763500
300.0000	80.0000	40.0000	0.173697370
310.0000	80.0000	40.0000	0.123409520
320.0000	80.0000	40.0000	0.428193800
330.0000	80.0000	40.0000	0.631822760
340.0000	80.0000	40.0000	0.349502830
350.0000	80.0000	40.0000	0.649165700
360.0000	80.0000	40.0000	1.000000000
0.0000	90.0000	40.0000	0.429665150
10.0000	90.0000	40.0000	0.204144870
20.0000	90.0000	40.0000	0.790696740
30.0000	90.0000	40.0000	0.803086700
40.0000	90.0000	40.0000	1.130281800
50.0000	90.0000	40.0000	1.632726400
60.0000	90.0000	40.0000	0.933687030
70.0000	90.0000	40.0000	4.199023000
80.0000	90.0000	40.0000	2.159033500
90.0000	90.0000	40.0000	1.912631800
100.0000	90.0000	40.0000	12.847911000
110.0000	90.0000	40.0000	10.128859000
120.0000	90.0000	40.0000	0.656043700
130.0000	90.0000	40.0000	1.624648700
140.0000	90.0000	40.0000	0.509181440
150.0000	90.0000	40.0000	0.667573600
160.0000	90.0000	40.0000	1.702058400
170.0000	90.0000	40.0000	0.155900580
180.0000	90.0000	40.0000	0.500532030
190.0000	90.0000	40.0000	2.140263800
200.0000	90.0000	40.0000	2.424562000
210.0000	90.0000	40.0000	0.711962900
220.0000	90.0000	40.0000	0.647246800
230.0000	90.0000	40.0000	1.172947000
240.0000	90.0000	40.0000	1.283003300
250.0000	90.0000	40.0000	4.071982400
260.0000	90.0000	40.0000	2.835961300
270.0000	90.0000	40.0000	2.877327000
280.0000	90.0000	40.0000	6.358703600
290.0000	90.0000	40.0000	4.500669500
300.0000	90.0000	40.0000	0.275314780
310.0000	90.0000	40.0000	0.355919900
320.0000	90.0000	40.0000	0.679387500
330.0000	90.0000	40.0000	0.682562700
340.0000	90.0000	40.0000	0.813493430
350.0000	90.0000	40.0000	1.173031200
360.0000	90.0000	40.0000	1.000000000
0.0000	0.0000	50.0000	1.000000000
10.0000	0.0000	50.0000	1.000000000
20.0000	0.0000	50.0000	1.000000000
30.0000	0.0000	50.0000	1.000000000
40.0000	0.0000	50.0000	1.000000000
50.0000	0.0000	50.0000	1.000000000
60.0000	0.0000	50.0000	1.000000000
70.0000	0.0000	50.0000	1.000000000
80.0000	0.0000	50.0000	1.000000000
90.0000	0.0000	50.0000	1.000000000
100.0000	0.0000	50.0000	1.000000000
110.0000	0.0000	50.0000	1.000000000
120.0000	0.0000	50.0000	1.000000000
130.0000	0.0000	50.0000	1.000000000
140.0000	0.0000	50.0000	1.000000000
150.0000	0.0000	50.0000	1.000000000
160.0000	0.0000	50.0000	1.000000000
170.0000	0.0000	50.0000	1.000000000
180.0000	0.0000	50.0000	1.000000000
190.0000	0.0000	50.0000	1.000000000
200.0000	0.0000	50.0000	1.000000000
210.0000	0.0000	50.0000	1.000000000
220.0000	0.0000	50.0000	1.000000000
230.0000	0.0000	50.0000	1.000000000
240.0000	0.0000	50.0000	1.000000000
250.0000	0.0000	50.0000	1.000000000
260.0000	0.0000	50.0000	1.000000000
270.0000	0.0000	50.0000	1.000000000
280.0000	0.0000	50.0000	1.000000000
290.0000	0.0000	50.0000	1.000000000
300.0000	0.0000	50.0000	1.000000000
310.0000	0.0000	50.0000	1.000000000
320.0000	0.0000	50.0000	1.000000000
330.0000	0.0000	50.0000	1.000000000
340.0000	0.0000	50.0000	1.000000000
350.0000	0.0000	50.0000	1.000000000
360.0000	0.0000	50.0000	1.000000000
0.0000	10.0000	50.0000	0.144052820
10.0000	10.0000	50.0000	2.343139600
20.0000	10.0000	50.0000	2.386772200
30.0000	10.0000	50.0000	0.018050052
40.0000	10.0000	50.0000	0.015846573
50.0000	10.0000	50.0000	0.098113920
60.0000	10.0000	50.0000	1.264939500
70.0000	10.0000	50.0000	2.097024700
80.0000	10.0000	50.0000	1.328219400
90.0000	10.0000	50.0000	2.565219600
100.0000	10.0000	50.0000	10.050838000
110.0000	10.0000	50.0000	0.423608500
120.0000	10.0000	50.0000	0.052115362
130.0000	10.0000	50.0000	0.031350154
140.0000	10.0000	50.0000	0.041560553
150.0000	10.0000	50.0000	0.088953680
160.0000	10.0000	50.0000	0.957848800
170.0000	10.0000	50.0000	0.339162350
180.0000	10.0000	50.0000	0.044066620
190.0000	10.0000	50.0000	0.869156900
200.0000	10.0000	50.0000	0.606942530
210.0000	10.0000	50.0000	0.011624208
220.0000	10.0000	50.0000	0.016058555
230.0000	10.0000	50.0000	0.200921980
240.0000	10.0000	50.0000	1.142652400
250.0000	10.0000	50.0000	0.549107800
260.0000	10.0000	50.0000	0.797032240
270.0000	10.0000	50.0000	2.680054000
280.0000	10.0000	50.0000	10.352504000
290.0000	10.0000	50.0000	0.457376540
300.0000	10.0000	50.0000	0.058410566
310.0000	10.0000	50.0000	0.039104976
320.0000	10.0000	50.0000	0.059910630
330.0000	10.0000	50.0000	0.185132350
340.0000	10.0000	50.0000	1.020251000
350.0000	10.0000	50.0000	0.633437630
360.0000	10.0000	50.0000	1.000000000
0.0000	20.0000	50.0000	0.443475500
10.0000	20.0000	50.0000	1.368449800
20.0000	20.0000	50.0000	0.325200740
30.0000	20.0000	50.0000	0.025388740
40.0000	20.0000	50.0000	0.017397033
50.0000	20.0000	50.0000	0.135387290
60.0000	20.0000	50.0000	0.518936300
70.0000	20.0000	50.0000	0.484811930
80.0000	20.0000	50.0000	0.716480200
90.0000	20.0000	50.0000	2.665685200
100.0000	20.0000	50.0000	1.879286200
110.0000	20.0000	50.0000	0.143861730
120.0000	20.0000	50.0000	0.094891120
130.0000	20.0000	50.0000	0.054146916
140.0000	20.0000	50.0000	0.059176610
150.0000	20.0000	50.0000	0.331863020
160.0000	20.0000	50.0000	1.249438600
170.0000	20.0000	50.0000	0.589049940
180.0000	20.0000	50.0000	0.443842980
190.0000	20.0000	50.0000	0.896388000
200.0000	20.0000	50.0000	0.566217960
210.0000	20.0000	50.0000	0.054893415
220.0000	20.0000	50.0000	0.019757712
230.0000	20.0000	50.0000	0.268941900
240.0000	20.0000	50.0000	0.796595700
250.0000	20.0000	50.0000	0.136816890
260.0000	20.0000	50.0000	0.215310900
270.0000	20.0000	50.0000	1.658621700
280.0000	20.0000	50.0000	0.613873300
290.0000	20.0000	50.0000	0.161508350
300.0000	20.0000	50.0000	0.313693700
310.0000	20.0000	50.0000	0.140874040
320.0000	20.0000	50.0000	0.121690670
330.0000	20.0000	50.0000	0.299362100
340.0000	20.0000	50.0000	0.760187100
350.0000	20.0000	50.0000	0.434075500
360.0000	20.0000	50.0000	1.000000000
0.0000	30.0000	50.0000	0.517515000
10.0000	30.0000	50.0000	0.594135200
20.0000	30.0000	50.0000	0.191610520
30.0000	30.0000	50.0000	0.081085850
40.0000	30.0000	50.0000	0.030744800
50.0000	30.0000	50.0000	0.154178490
60.0000	30.0000	50.0000	0.173554240
70.0000	30.0000	50.0000	0.159668340
80.0000	30.0000	50.0000	0.556136200
90.0000	30.0000	50.0000	1.305820100
100.0000	30.0000	50.0000	0.872983400
110.0000	30.0000	50.0000	0.058272418
120.0000	30.0000	50.0000	0.039123204
130.0000	30.0000	50.0000	0.081006080
140.0000	30.0000	50.0000	0.244214240
150.0000	30.0000	50.0000	1.265051800
160.0000	30.0000	50.0000	3.609871600
170.0000	30.0000	50.0000	1.512231600
180.0000	30.0000	50.0000	2.049614700
190.0000	30.0000	50.0000	2.450673600
200.0000	30.0000	50.0000	1.213396200
210.0000	30.0000	50.0000	0.517127700
220.0000	30.0000	50.0000	0.181145560
230.0000	30.0000	50.0000	0.162504460
240.0000	30.0000	50.0000	0.177574500
250.0000	30.0000	50.0000	0.083877480
260.0000	30.0000	50.0000	0.199620430
270.0000	30.0000	50.0000	0.859657900
280.0000	30.0000	50.0000	0.344902960
290.0000	30.0000	50.0000	0.099883990
300.0000	30.0000	50.0000	0.155672550
310.0000	30.0000	50.0000	0.228034350
320.0000	30.0000	50.0000	0.250882800
330.0000	30.0000	50.0000	0.404585600
340.0000	30.0000	50.0000	1.442125800
350.0000	30.0000	50.0000	0.438784000
360.0000	30.0000	50.0000	1.000000000
0.0000	40.0000	50.0000	0.880391400
10.0000	40.0000	50.0000	1.089048400
20.0000	40.0000	50.0000	1.055279100
30.0000	40.0000	50.0000	0.697099000
40.0000	40.0000	50.0000	0.374893720
50.0000	40.0000	50.0000	0.099129006
60.0000	40.0000	50.0000	0.039842047
70.0000	40.0000	50.0000	0.084444310
80.0000	40.0000	50.0000	0.607077400
90.0000	40.0000	50.0000	0.973745400
100.0000	40.0000	50.0000	0.480857160
110.0000	40.0000	50.0000	0.093476300
120.0000	40.0000	50.0000	0.099886070
130.0000	40.0000	50.0000	0.339924500
140.0000	40.0000	50.0000	1.619164300
150.0000	40.0000	50.0000	6.044041600
160.0000	40.0000	50.0000	3.311282900
170.0000	40.0000	50.0000	0.962893660
180.0000	40.0000	50.0000	1.986022400
190.0000	40.0000	50.0000	2.158238200
200.0000	40.0000	50.0000	1.106372700
210.0000	40.0000	50.0000	2.293362100
220.0000	40.0000	50.0000	1.696683800
230.0000	40.0000	50.0000	0.188582470
240.0000	40.0000	50.0000	0.017097216
250.0000	40.0000	50.0000	0.039228298
260.0000	40.0000	50.0000	0.286677400
270.0000	40.0000	50.0000	0.889204900
280.0000	40.0000	50.0000	0.441972670
290.0000	40.0000	50.0000	0.138349700
300.0000	40.0000	50.0000	0.090692140
310.0000	40.0000	50.0000	0.210945220
320.0000	40.0000	50.0000	0.691459660
330.0000	40.0000	50.0000	0.915970100
340.0000	40.0000	50.0000	1.317049600
350.0000	40.0000	50.0000	0.356974930
360.0000	40.0000	50.0000	1.000000000
0.0000	50.0000	50.0000	1.194278400
10.0000	50.0000	50.0000	1.480036000
20.0000	50.0000	50.0000	1.547482000
30.0000	50.0000	50.0000	3.852194000
40.0000	50.0000	50.0000	2.837845600
50.0000	50.0000	50.0000	0.351868840
60.0000	50.0000	50.0000	0.186367110
70.0000	50.0000	50.0000	0.321186180
80.0000	50.0000	50.0000	1.783775300
90.0000	50.0000	50.0000	3.141178000
100.0000	50.0000	50.0000	0.753931460
110.0000	50.0000	50.0000	0.486919760
120.0000	50.0000	50.0000	0.673313440
130.0000	50.0000	50.0000	1.313068300
140.0000	50.0000	50.0000	4.493941000
150.0000	50.0000	50.0000	6.315537000
160.0000	50.0000	50.0000	0.568862860
170.0000	50.0000	50.0000	0.249438050
180.0000	50.0000	50.0000	0.988013900
190.0000	50.0000	50.0000	0.807705100
200.0000	50.0000	50.0000	0.511847400
210.0000	50.0000	50.0000	2.687934400
220.0000	50.0000	50.0000	4.501078000
230.0000	50.0000	50.0000	1.368907900
240.0000	50.0000	50.0000	0.321710600
250.0000	50.0000	50.0000	0.377335520
260.0000	50.0000	50.0000	1.376995400
270.0000	50.0000	50.0000	2.410474500
280.0000	50.0000	50.0000	1.350334000
290.0000	50.0000	50.0000	0.513060750
300.0000	50.0000	50.0000	0.383356900
310.0000	50.0000	50.0000	0.666365100
320.0000	50.0000	50.0000	1.587045100
330.0000	50.0000	50.0000	1.604282100
340.0000	50.0000	50.0000	0.410350100
350.0000	50.0000	50.0000	0.165205640
360.0000	50.0000	50.0000	1.000000000
0.0000	60.0000	50.0000	0.707670800
10.0000	60.0000	50.0000	1.152445000
20.0000	60.0000	50.0000	3.033785800
30.0000	60.0000	50.0000	9.757907000
40.0000	60.0000	50.0000	1.946944600
50.0000	60.0000	50.0000	0.303189700
60.0000	60.0000	50.0000	0.686012570
70.0000	60.0000	50.0000	1.669182700
80.0000	60.0000	50.0000	1.388292600
90.0000	60.0000	50.0000	2.073443700
100.0000	60.0000	50.0000	1.821820100
110.0000	60.0000	50.0000	0.892954770
120.0000	60.0000	50.0000	0.270321550
130.0000	60.0000	50.0000	0.453797940
140.0000	60.0000	50.0000	1.554600600
150.0000	60.0000	50.0000	1.418946900
160.0000	60.0000	50.0000	0.304073720
170.0000	60.0000	50.0000	0.242996040
180.0000	60.0000	50.0000	0.591040200
190.0000	60.0000	50.0000	0.626433130
200.0000	60.0000	50.0000	0.983442600
210.0000	60.0000	50.0000	2.574103800
220.0000	60.0000	50.0000	1.462732400
230.0000	60.0000	50.0000	0.543715500
240.0000	60.0000	50.0000	1.691812300
250.0000	60.0000	50.0000	4.272417500
260.0000	60.0000	50.0000	1.559177400
270.0000	60.0000	50.0000	1.993614900
280.0000	60.0000	50.0000	1.786897300
290.0000	60.0000	50.0000	0.430906740
300.0000	60.0000	50.0000	0.241010140
310.0000	60.0000	50.0000	0.267845600
320.0000	60.0000	50.0000	1.001466900
330.0000	60.0000	50.0000	1.695232900
340.0000	60.0000	50.0000	0.354002900
350.0000	60.0000	50.0000	0.141988950
360.0000	60.0000	50.0000	1.000000000
0.0000	70.0000	50.0000	0.318301740
10.0000	70.0000	50.0000	0.843522500
20.0000	70.0000	50.0000	5.244999000
30.0000	70.0000	50.0000	4.469229700
40.0000	70.0000	50.0000	0.408203200
50.0000	70.0000	50.0000	0.107307980
60.0000	70.0000	50.0000	0.515932140
70.0000	70.0000	50.0000	1.507017900
80.0000	70.0000	50.0000	0.652283700
90.0000	70.0000	50.0000	0.638094370
100.0000	70.0000	50.0000	1.158287200
110.0000	70.0000	50.0000	0.431971580
120.0000	70.0000	50.0000	0.058075454
130.0000	70.0000	50.0000	0.075666346
140.0000	70.0000	50.0000	0.287137480
150.0000	70.0000	50.0000	0.775470000
160.0000	70.0000	50.0000	0.800190600
170.0000	70.0000	50.0000	0.467625080
180.0000	70.0000	50.0000	0.435324580
190.0000	70.0000	50.0000	0.744939700
200.0000	70.0000	50.0000	1.242319200
210.0000	70.0000	50.0000	0.685867900
220.0000	70.0000	50.0000	0.172570470
230.0000	70.0000	50.0000	0.106417930
240.0000	70.0000	50.0000	0.992890900
250.0000	70.0000	50.0000	3.223029900
260.0000	70.0000	50.0000	0.516559800
270.0000	70.0000	50.0000	0.219277140
280.0000	70.0000	50.0000	0.226213900
290.0000	70.0000	50.0000	0.128611580
300.0000	70.0000	50.0000	0.039529856
310.0000	70.0000	50.0000	0.069624020
320.0000	70.0000	50.0000	0.640622900
330.0000	70.0000	50.0000	2.397597000
340.0000	70.0000	50.0000	0.703037200
350.0000	70.0000	50.0000	0.320719600
360.0000	70.0000	50.0000	1.000000000
0.0000	80.0000	50.0000	0.440884860
10.0000	80.0000	50.0000	0.728742660
20.0000	80.0000	50.0000	4.297596000
30.0000	80.0000	50.0000	0.993782040
40.0000	80.0000	50.0000	0.276544630
50.0000	80.0000	50.0000	0.153511060
60.0000	80.0000	50.0000	0.368682700
70.0000	80.0000	50.0000	1.349719800
80.0000	80.0000	50.0000	2.537476300
90.0000	80.0000	50.0000	3.481227600
100.0000	80.0000	50.0000	4.204475000
110.0000	80.0000	50.0000	1.541483400
120.0000	80.0000	50.0000	0.581230500
130.0000	80.0000	50.0000	1.077334500
140.0000	80.0000	50.0000	0.380110560
150.0000	80.0000	50.0000	0.625251200
160.0000	80.0000	50.0000	1.406081400
170.0000	80.0000	50.0000	0.241653530
180.0000	80.0000	50.0000	0.355263260
190.0000	80.0000	50.0000	1.040960400
200.0000	80.0000	50.0000	0.573411460
210.0000	80.0000	50.0000	0.364355600
220.0000	80.0000	50.0000	0.176099600
230.0000	80.0000	50.0000	0.148629720
240.0000	80.0000	50.0000	0.660932100
250.0000	80.0000	50.0000	1.219533100
260.0000	80.0000	50.0000	1.072861300
270.0000	80.0000	50.0000	0.478906100
280.0000	80.0000	50.0000	0.414044650
290.0000	80.0000	50.0000	0.533008040
300.0000	80.0000	50.0000	0.232947950
310.0000	80.0000	50.0000	0.396385000
320.0000	80.0000	50.0000	0.834840900
330.0000	80.0000	50.0000	1.480260500
340.0000	80.0000	50.0000	1.006568900
350.0000	80.0000	50.0000	0.595769760
360.0000	80.0000	50.0000	1.000000000
0.0000	90.0000	50.0000	0.560259160
10.0000	90.0000	50.0000	0.621836000
20.0000	90.0000	50.0000	4.474478700
30.0000	90.0000	50.0000	0.831860240
40.0000	90.0000	50.0000	0.469369560
50.0000	90.0000	50.0000	0.837563630
60.0000	90.0000	50.0000	0.755336000
70.0000	90.0000	50.0000	2.914050300
80.0000	90.0000	50.0000	5.669016400
90.0000	90.0000	50.0000	8.844550000
100.0000	90.0000	50.0000	15.080602000
110.0000	90.0000	50.0000	4.504972000
120.0000	90.0000	50.0000	1.294782500
130.0000	90.0000	50.0000	2.469085200
140.0000	90.0000	50.0000	0.560257430
150.0000	90.0000	50.0000	0.498469050
160.0000	90.0000	50.0000	1.369928100
170.0000	90.0000	50.0000	0.103175300
180.0000	90.0000	50.0000	0.455367650
190.0000	90.0000	50.0000	1.984558900
200.0000	90.0000	50.0000	0.818508570
210.0000	90.0000	50.0000	0.632508300
220.0000	90.0000	50.0000	0.425154830
230.0000	90.0000	50.0000	0.389088200
240.0000	90.0000	50.0000	0.918745400
250.0000	90.0000	50.0000	1.717551700
260.0000	90.0000	50.0000	1.167090400
270.0000	90.0000	50.0000	1.153984500
280.0000	90.0000	50.0000	1.712415200
290.0000	90.0000	50.0000	3.293654700
300.0000	90.0000	50.0000	1.117661800
310.0000	90.0000	50.0000	1.421172300
320.0000	90.0000	50.0000	1.159600900
330.0000	90.0000	50.0000	1.099037200
340.0000	90.0000	50.0000	0.832979700
350.0000	90.0000	50.0000	0.433670460
360.0000	90.0000	50.0000	1.000000000
0.0000	0.0000	60.0000	1.000000000
10.0000	0.0000	60.0000	1.000000000
20.0000	0.0000	60.0000	1.000000000
30.0000	0.0000	60.0000	1.000000000
40.0000	0.0000	60.0000	1.000000000
50.0000	0.0000	60.0000	1.000000000
60.0000	0.0000	60.0000	1.000000000
70.0000	0.0000	60.0000	1.000000000
80.0000	0.0000	60.0000	1.000000000
90.0000	0.0000	60.0000	1.000000000
100.0000	0.0000	60.0000	1.000000000
110.0000	0.0000	60.0000	1.000000000
120.0000	0.0000	60.0000	1.000000000
130.0000	0.0000	60.0000	1.000000000
140.0000	0.0000	60.0000	1.000000000
150.0000	0.0000	60.0000	1.000000000
160.0000	0.0000	60.0000	1.000000000
170.0000	0.0000	60.0000	1.000000000
180.0000	0.0000	60.0000	1.000000000
190.0000	0.0000	60.0000	1.000000000
200.0000	0.0000	60.0000	1.000000000
210.0000	0.0000	60.0000	1.000000000
220.0000	0.0000	60.0000	1.000000000
230.0000	0.0000	60.0000	1.000000000
240.0000	0.0000	60.0000	1.000000000
250.0000	0.0000	60.0000	1.000000000
260.0000	0.0000	60.0000	1.000000000
270.0000	0.0000	60.0000	1.000000000
280.0000	0.0000	60.0000	1.000000000
290.0000	0.0000	60.0000	1.000000000
300.0000	0.0000	60.0000	1.000000000
310.0000	0.0000	60.0000	1.000000000
320.0000	0.0000	60.0000	1.000000000
330.0000	0.0000	60.0000	1.000000000
340.0000	0.0000	60.0000	1.000000000
350.0000	0.0000	60.0000	1.000000000
360.0000	0.0000	60.0000	1.000000000
0.0000	10.0000	60.0000	0.364433500
10.0000	10.0000	60.0000	3.014879500
20.0000	10.0000	60.0000	0.726841300
30.0000	10.0000	60.0000	0.060360033
40.0000	10.0000	60.0000	0.278749880
50.0000	10.0000	60.0000	1.047789300
60.0000	10.0000	60.0000	1.731996400
70.0000	10.0000	60.0000	3.258194200
80.0000	10.0000	60.0000	6.865612500
90.0000	10.0000	60.0000	1.666596500
100.0000	10.0000	60.0000	0.228657340
110.0000	10.0000	60.0000	0.105504220
120.0000	10.0000	60.0000	0.039640660
130.0000	10.0000	60.0000	0.068095736
140.0000	10.0000	60.0000	0.224369850
150.0000	10.0000	60.0000	0.325288440
160.0000	10.0000	60.0000	0.544717300
170.0000	10.0000	60.0000	0.457387860
180.0000	10.0000	60.0000	0.142773970
190.0000	10.0000	60.0000	1.113219300
200.0000	10.0000	60.0000	0.208692480
210.0000	10.0000	60.0000	0.044803914
220.0000	10.0000	60.0000	0.288837730
230.0000	10.0000	60.0000	1.659086300
240.0000	10.0000	60.0000	0.909681560
250.0000	10.0000	60.0000	0.477702980
260.0000	10.0000	60.0000	8.898931500
270.0000	10.0000	60.0000	5.956754700
280.0000	10.0000	60.0000	0.328141200
290.0000	10.0000	60.0000	0.214590010
300.0000	10.0000	60.0000	0.070082200
310.0000	10.0000	60.0000	0.139228390
320.0000	10.0000	60.0000	0.495878880
330.0000	10.0000	60.0000	0.316701260
340.0000	10.0000	60.0000	0.586711760
350.0000	10.0000	60.0000	0.935962800
360.0000	10.0000	60.0000	1.000000000
0.0000	20.0000	60.0000	0.982297540
10.0000	20.0000	60.0000	1.396285500
20.0000	20.0000	60.0000	0.039429830
30.0000	20.0000	60.0000	0.015496012
40.0000	20.0000	60.0000	0.182397280
50.0000	20.0000	60.0000	0.750040800
60.0000	20.0000	60.0000	2.486814500
70.0000	20.0000	60.0000	1.768447200
80.0000	20.0000	60.0000	0.159714340
90.0000	20.0000	60.0000	0.136582450
100.0000	20.0000	60.0000	0.274156100
110.0000	20.0000	60.0000	0.130820870
120.0000	20.0000	60.0000	0.096204420
130.0000	20.0000	60.0000	0.205176830
140.0000	20.0000	60.0000	0.906979400
150.0000	20.0000	60.0000	2.550852500
160.0000	20.0000	60.0000	0.784393000
170.0000	20.0000	60.0000	0.583928170
180.0000	20.0000	60.0000	0.704437850
190.0000	20.0000	60.0000	0.352752000
200.0000	20.0000	60.0000	0.060403626
210.0000	20.0000	60.0000	0.025353305
220.0000	20.0000	60.0000	0.138353360
230.0000	20.0000	60.0000	0.486081870
240.0000	20.0000	60.0000	0.964116900
250.0000	20.0000	60.0000	0.149873550
260.0000	20.0000	60.0000	0.070493030
270.0000	20.0000	60.0000	0.575589100
280.0000	20.0000	60.0000	0.527209600
290.0000	20.0000	60.0000	0.104985260
300.0000	20.0000	60.0000	0.149756090
310.0000	20.0000	60.0000	0.341746750
320.0000	20.0000	60.0000	0.840907200
330.0000	20.0000	60.0000	1.441209000
340.0000	20.0000	60.0000	0.659083000
350.0000	20.0000	60.0000	0.361035970
360.0000	20.0000	60.0000	1.000000000
0.0000	30.0000	60.0000	0.669154470
10.0000	30.0000	60.0000	0.356668860
20.0000	30.0000	60.0000	0.013865614
30.0000	30.0000	60.0000	0.015947055
40.0000	30.0000	60.0000	0.062923460
50.0000	30.0000	60.0000	0.123162820
60.0000	30.0000	60.0000	0.313290480
70.0000	30.0000	60.0000	1.002285500
80.0000	30.0000	60.0000	0.567489150
90.0000	30.0000	60.0000	0.265410270
100.0000	30.0000	60.0000	0.163141680
110.0000	30.0000	60.0000	0.141662940
120.0000	30.0000	60.0000	0.197757630
130.0000	30.0000	60.0000	0.285578400
140.0000	30.0000	60.0000	0.972903130
150.0000	30.0000	60.0000	1.909419700
160.0000	30.0000	60.0000	1.050734300
170.0000	30.0000	60.0000	1.526255700
180.0000	30.0000	60.0000	2.383684400
190.0000	30.0000	60.0000	0.686817050
200.0000	30.0000	60.0000	0.209976140
210.0000	30.0000	60.0000	0.134679030
220.0000	30.0000	60.0000	0.181513320
230.0000	30.0000	60.0000	0.185499530
240.0000	30.0000	60.0000	0.330310400
250.0000	30.0000	60.0000	0.333150860
260.0000	30.0000	60.0000	0.201631860
270.0000	30.0000	60.0000	0.303422270
280.0000	30.0000	60.0000	0.144423710
290.0000	30.0000	60.0000	0.037838466
300.0000	30.0000	60.0000	0.131622630
310.0000	30.0000	60.0000	0.210001270
320.0000	30.0000	60.0000	0.381895700
330.0000	30.0000	60.0000	0.833749530
340.0000	30.0000	60.0000	0.587259800
350.0000	30.0000	60.0000	0.314619570
360.0000	30.0000	60.0000	1.000000000
0.0000	40.0000	60.0000	1.108985100
10.0000	40.0000	60.0000	0.382988840
20.0000	40.0000	60.0000	0.065668500
30.0000	40.0000	60.0000	0.131188540
40.0000	40.0000	60.0000	0.200711740
50.0000	40.0000	60.0000	0.070314900
60.0000	40.0000	60.0000	0.044940930
70.0000	40.0000	60.0000	0.370843260
80.0000	40.0000	60.0000	2.401256000
90.0000	40.0000	60.0000	2.191798700
100.0000	40.0000	60.0000	0.534012100
110.0000	40.0000	60.0000	0.230670350
120.0000	40.0000	60.0000	0.246862320
130.0000	40.0000	60.0000	0.748262350
140.0000	40.0000	60.0000	1.579709300
150.0000	40.0000	60.0000	0.997673600
160.0000	40.0000	60.0000	0.245909180
170.0000	40.0000	60.0000	0.807677400
180.0000	40.0000	60.0000	3.018203700
190.0000	40.0000	60.0000	0.796493300
200.0000	40.0000	60.0000	0.520855700
210.0000	40.0000	60.0000	1.502139100
220.0000	40.0000	60.0000	0.784977000
230.0000	40.0000	60.0000	0.123130700
240.0000	40.0000	60.0000	0.035159140
250.0000	40.0000	60.0000	0.148367500
260.0000	40.0000	60.0000	0.571266530
270.0000	40.0000	60.0000	1.014261000
280.0000	40.0000	60.0000	0.385856840
290.0000	40.0000	60.0000	0.276677880
300.0000	40.0000	60.0000	0.331049050
310.0000	40.0000	60.0000	0.452171600
320.0000	40.0000	60.0000	0.447414300
330.0000	40.0000	60.0000	0.379935740
340.0000	40.0000	60.0000	0.224763350
350.0000	40.0000	60.0000	0.414138230
360.0000	40.0000	60.0000	1.000000000
0.0000	50.0000	60.0000	1.896588600
10.0000	50.0000	60.0000	0.748134000
20.0000	50.0000	60.0000	0.175830050
30.0000	50.0000	60.0000	0.522270600
40.0000	50.0000	60.0000	0.882921460
50.0000	50.0000	60.0000	0.177303580
60.0000	50.0000	60.0000	0.087331990
70.0000	50.0000	60.0000	0.278564480
80.0000	50.0000	60.0000	2.983047000
90.0000	50.0000	60.0000	2.868964200
100.0000	50.0000	60.0000	0.448805780
110.0000	50.0000	60.0000	0.276860830
120.0000	50.0000	60.0000	0.624186900
130.0000	50.0000	60.0000	2.688154200
140.0000	50.0000	60.0000	2.828839300
150.0000	50.0000	60.0000	0.298428060
160.0000	50.0000	60.0000	0.027047785
170.0000	50.0000	60.0000	0.224431010
180.0000	50.0000	60.0000	2.558857200
190.0000	50.0000	60.0000	0.610521000
200.0000	50.0000	60.0000	0.207618180
210.0000	50.0000	60.0000	1.122590300
220.0000	50.0000	60.0000	1.913086200
230.0000	50.0000	60.0000	0.422209050
240.0000	50.0000	60.0000	0.160291640
250.0000	50.0000	60.0000	0.234800700
260.0000	50.0000	60.0000	0.583843770
270.0000	50.0000	60.0000	1.227830400
280.0000	50.0000	60.0000	0.495448380
290.0000	50.0000	60.0000	0.523114860
300.0000	50.0000	60.0000	0.835331140
310.0000	50.0000	60.0000	0.997419800
320.0000	50.0000	60.0000	0.664736450
330.0000	50.0000	60.0000	0.150400340
340.0000	50.0000	60.0000	0.057986980
350.0000	50.0000	60.0000	0.191612360
360.0000	50.0000	60.0000	1.000000000
0.0000	60.0000	60.0000	1.001861700
10.0000	60.0000	60.0000	0.890987340
20.0000	60.0000	60.0000	1.041157800
30.0000	60.0000	60.0000	2.274445800
40.0000	60.0000	60.0000	1.180322900
50.0000	60.0000	60.0000	0.461793960
60.0000	60.0000	60.0000	0.900975900
70.0000	60.0000	60.0000	2.124346500
80.0000	60.0000	60.0000	2.411913900
90.0000	60.0000	60.0000	2.775892500
100.0000	60.0000	60.0000	0.334698300
110.0000	60.0000	60.0000	0.108554650
120.0000	60.0000	60.0000	0.100896360
130.0000	60.0000	60.0000	0.523545000
140.0000	60.0000	60.0000	1.082776100
150.0000	60.0000	60.0000	0.436797100
160.0000	60.0000	60.0000	0.033384915
170.0000	60.0000	60.0000	0.146917400
180.0000	60.0000	60.0000	0.700302800
190.0000	60.0000	60.0000	0.436808170
200.0000	60.0000	60.0000	0.417309820
210.0000	60.0000	60.0000	1.278389500
220.0000	60.0000	60.0000	1.382257700
230.0000	60.0000	60.0000	0.662808400
240.0000	60.0000	60.0000	1.391607300
250.0000	60.0000	60.0000	3.205564700
260.0000	60.0000	60.0000	0.966899000
270.0000	60.0000	60.0000	0.494566740
280.0000	60.0000	60.0000	0.290635940
290.0000	60.0000	60.0000	0.171072690
300.0000	60.0000	60.0000	0.223382620
310.0000	60.0000	60.0000	0.545974850
320.0000	60.0000	60.0000	0.731853900
330.0000	60.0000	60.0000	0.405165600
340.0000	60.0000	60.0000	0.045143384
350.0000	60.0000	60.0000	0.062148370
360.0000	60.0000	60.0000	1.000000000
0.0000	70.0000	60.0000	0.169695780
10.0000	70.0000	60.0000	0.318772760
20.0000	70.0000	60.0000	1.138494700
30.0000	70.0000	60.0000	3.490892400
40.0000	70.0000	60.0000	1.179400900
50.0000	70.0000	60.0000	0.719692770
60.0000	70.0000	60.0000	3.222268800
70.0000	70.0000	60.0000	4.021774000
80.0000	70.0000	60.0000	1.050044200
90.0000	70.0000	60.0000	0.554830500
100.0000	70.0000	60.0000	0.224432590
110.0000	70.0000	60.0000	0.091552910
120.0000	70.0000	60.0000	0.050472334
130.0000	70.0000	60.0000	0.191660520
140.0000	70.0000	60.0000	0.644667270
150.0000	70.0000	60.0000	0.728496700
160.0000	70.0000	60.0000	0.135237660
170.0000	70.0000	60.0000	0.117023334
180.0000	70.0000	60.0000	0.120812505
190.0000	70.0000	60.0000	0.336201040
200.0000	70.0000	60.0000	0.382746900
210.0000	70.0000	60.0000	0.898031100
220.0000	70.0000	60.0000	0.560564900
230.0000	70.0000	60.0000	0.281968700
240.0000	70.0000	60.0000	1.239771500
250.0000	70.0000	60.0000	2.522961900
260.0000	70.0000	60.0000	0.303982380
270.0000	70.0000	60.0000	0.053702142
280.0000	70.0000	60.0000	0.073248520
290.0000	70.0000	60.0000	0.078466390
300.0000	70.0000	60.0000	0.051853023
310.0000	70.0000	60.0000	0.367602740
320.0000	70.0000	60.0000	1.176688600
330.0000	70.0000	60.0000	1.183705300
340.0000	70.0000	60.0000	0.181444880
350.0000	70.0000	60.0000	0.096801720
360.0000	70.0000	60.0000	1.000000000
0.0000	80.0000	60.0000	0.113239214
10.0000	80.0000	60.0000	0.207160580
20.0000	80.0000	60.0000	0.635350170
30.0000	80.0000	60.0000	0.762438800
40.0000	80.0000	60.0000	0.272768400
50.0000	80.0000	60.0000	0.219248200
60.0000	80.0000	60.0000	1.794862300
70.0000	80.0000	60.0000	3.223696700
80.0000	80.0000	60.0000	1.865199900
90.0000	80.0000	60.0000	0.959496200
100.0000	80.0000	60.0000	0.675489250
110.0000	80.0000	60.0000	1.009616900
120.0000	80.0000	60.0000	0.488676700
130.0000	80.0000	60.0000	0.442939900
140.0000	80.0000	60.0000	0.339130640
150.0000	80.0000	60.0000	0.190175940
160.0000	80.0000	60.0000	0.172888400
170.0000	80.0000	60.0000	0.070560400
180.0000	80.0000	60.0000	0.056858620
190.0000	80.0000	60.0000	0.311714740
200.0000	80.0000	60.0000	0.141239960
210.0000	80.0000	60.0000	0.431358070
220.0000	80.0000	60.0000	0.285333160
230.0000	80.0000	60.0000	0.182666780
240.0000	80.0000	60.0000	0.937260200
250.0000	80.0000	60.0000	0.864989000
260.0000	80.0000	60.0000	0.210614380
270.0000	80.0000	60.0000	0.076495190
280.0000	80.0000	60.0000	0.129004480
290.0000	80.0000	60.0000	0.610435400
300.0000	80.0000	60.0000	0.386794200
310.0000	80.0000	60.0000	0.820685860
320.0000	80.0000	60.0000	1.490081200
330.0000	80.0000	60.0000	0.639981200
340.0000	80.0000	60.0000	0.190579900
350.0000	80.0000	60.0000	0.219945430
360.0000	80.0000	60.0000	1.000000000
0.0000	90.0000	60.0000	0.174301060
10.0000	90.0000	60.0000	0.219649930
20.0000	90.0000	60.0000	0.386167100
30.0000	90.0000	60.0000	0.235341180
40.0000	90.0000	60.0000	0.053638123
50.0000	90.0000	60.0000	0.076301070
60.0000	90.0000	60.0000	1.617422300
70.0000	90.0000	60.0000	4.194808500
80.0000	90.0000	60.0000	4.635663500
90.0000	90.0000	60.0000	2.661800100
100.0000	90.0000	60.0000	2.810197400
110.0000	90.0000	60.0000	3.871897700
120.0000	90.0000	60.0000	0.830961640
130.0000	90.0000	60.0000	0.497509720
140.0000	90.0000	60.0000	0.193504100
150.0000	90.0000	60.0000	0.082171984
160.0000	90.0000	60.0000	0.247687950
170.0000	90.0000	60.0000	0.073799170
180.0000	90.0000	60.0000	0.088982540
190.0000	90.0000	60.0000	0.214492510
200.0000	90.0000	60.0000	0.075687540
210.0000	90.0000	60.0000	0.341226250
220.0000	90.0000	60.0000	0.185659480
230.0000	90.0000	60.0000	0.237222600
240.0000	90.0000	60.0000	1.949374600
250.0000	90.0000	60.0000	0.767386260
260.0000	90.0000	60.0000	0.259320400
270.0000	90.0000	60.0000	0.207859700
280.0000	90.0000	60.0000	0.673960200
290.0000	90.0000	60.0000	4.447242000
300.0000	90.0000	60.0000	1.237988500
310.0000	90.0000	60.0000	1.063597100
320.0000	90.0000	60.0000	1.152920600
330.0000	90.0000	60.0000	0.309536580
340.0000	90.0000	60.0000	0.164932680
350.0000	90.0000	60.0000	0.198283460
360.0000	90.0000	60.0000	1.000000000
