0.0000	0.0000	0.0000	0.183187930
10.0000	0.0000	0.0000	0.497623950
20.0000	0.0000	0.0000	2.083314700
30.0000	0.0000	0.0000	0.962330340
40.0000	0.0000	0.0000	0.489665800
50.0000	0.0000	0.0000	0.822753200
60.0000	0.0000	0.0000	1.490161000
70.0000	0.0000	0.0000	1.786151400
80.0000	0.0000	0.0000	0.320063470
90.0000	0.0000	0.0000	0.221815660
100.0000	0.0000	0.0000	0.517086500
110.0000	0.0000	0.0000	1.615433900
120.0000	0.0000	0.0000	2.479811000
130.0000	0.0000	0.0000	2.897788000
140.0000	0.0000	0.0000	3.313077200
150.0000	0.0000	0.0000	3.165544700
160.0000	0.0000	0.0000	1.336182700
170.0000	0.0000	0.0000	0.240212840
180.0000	0.0000	0.0000	0.124683740
190.0000	0.0000	0.0000	0.333776600
200.0000	0.0000	0.0000	2.547362600
210.0000	0.0000	0.0000	0.735595940
220.0000	0.0000	0.0000	0.287590620
230.0000	0.0000	0.0000	0.390105780
240.0000	0.0000	0.0000	0.970784250
250.0000	0.0000	0.0000	1.315851900
260.0000	0.0000	0.0000	0.180923790
270.0000	0.0000	0.0000	0.114598150
280.0000	0.0000	0.0000	0.281692950
290.0000	0.0000	0.0000	1.302424200
300.0000	0.0000	0.0000	2.152546400
310.0000	0.0000	0.0000	1.895471200
320.0000	0.0000	0.0000	2.419437000
330.0000	0.0000	0.0000	3.058057300
340.0000	0.0000	0.0000	1.218356100
350.0000	0.0000	0.0000	0.282571080
360.0000	0.0000	0.0000	1.000000000
0.0000	10.0000	0.0000	0.200794040
10.0000	10.0000	0.0000	1.426325200
20.0000	10.0000	0.0000	5.884838600
30.0000	10.0000	0.0000	0.416500600
40.0000	10.0000	0.0000	1.484050300
50.0000	10.0000	0.0000	4.920819300
60.0000	10.0000	0.0000	1.281282400
70.0000	10.0000	0.0000	2.501376600
80.0000	10.0000	0.0000	0.336550920
90.0000	10.0000	0.0000	0.273695230
100.0000	10.0000	0.0000	1.156084400
110.0000	10.0000	0.0000	2.569231300
120.0000	10.0000	0.0000	1.886633000
130.0000	10.0000	0.0000	2.215847300
140.0000	10.0000	0.0000	3.440546000
150.0000	10.0000	0.0000	4.409212000
160.0000	10.0000	0.0000	2.103716900
170.0000	10.0000	0.0000	0.550701300
180.0000	10.0000	0.0000	0.213058020
190.0000	10.0000	0.0000	1.595617500
200.0000	10.0000	0.0000	1.243992100
210.0000	10.0000	0.0000	0.262002920
220.0000	10.0000	0.0000	0.346921380
230.0000	10.0000	0.0000	1.507392600
240.0000	10.0000	0.0000	1.360852600
250.0000	10.0000	0.0000	1.504469900
260.0000	10.0000	0.0000	0.472259670
270.0000	10.0000	0.0000	0.374950170
280.0000	10.0000	0.0000	1.260596500
290.0000	10.0000	0.0000	2.560037900
300.0000	10.0000	0.0000	2.959997400
310.0000	10.0000	0.0000	4.233952000
320.0000	10.0000	0.0000	3.385598400
330.0000	10.0000	0.0000	2.588834000
340.0000	10.0000	0.0000	1.461793400
350.0000	10.0000	0.0000	0.472651150
360.0000	10.0000	0.0000	1.000000000
0.0000	20.0000	0.0000	0.421053680
10.0000	20.0000	0.0000	1.156271800
20.0000	20.0000	0.0000	2.932224800
30.0000	20.0000	0.0000	1.749934400
40.0000	20.0000	0.0000	1.665111000
50.0000	20.0000	0.0000	1.639808800
60.0000	20.0000	0.0000	0.106176004
70.0000	20.0000	0.0000	0.152983600
80.0000	20.0000	0.0000	0.152724970
90.0000	20.0000	0.0000	0.178756130
100.0000	20.0000	0.0000	0.902031060
110.0000	20.0000	0.0000	0.864837940
120.0000	20.0000	0.0000	0.848267600
130.0000	20.0000	0.0000	1.279012200
140.0000	20.0000	0.0000	0.495688020
150.0000	20.0000	0.0000	0.648028700
160.0000	20.0000	0.0000	1.934296000
170.0000	20.0000	0.0000	0.701484300
180.0000	20.0000	0.0000	0.353181870
190.0000	20.0000	0.0000	0.549033000
200.0000	20.0000	0.0000	0.825102200
210.0000	20.0000	0.0000	0.851536330
220.0000	20.0000	0.0000	0.305950220
230.0000	20.0000	0.0000	0.444479350
240.0000	20.0000	0.0000	0.266426620
250.0000	20.0000	0.0000	0.150152600
260.0000	20.0000	0.0000	0.110739455
270.0000	20.0000	0.0000	0.289903900
280.0000	20.0000	0.0000	1.080073200
290.0000	20.0000	0.0000	0.830783200
300.0000	20.0000	0.0000	1.906176000
310.0000	20.0000	0.0000	8.548449000
320.0000	20.0000	0.0000	1.191243500
330.0000	20.0000	0.0000	0.636978200
340.0000	20.0000	0.0000	0.781477870
350.0000	20.0000	0.0000	0.428377930
360.0000	20.0000	0.0000	1.000000000
0.0000	30.0000	0.0000	0.999320000
10.0000	30.0000	0.0000	1.798927200
20.0000	30.0000	0.0000	2.626652000
30.0000	30.0000	0.0000	1.492448400
40.0000	30.0000	0.0000	0.511104100
50.0000	30.0000	0.0000	0.197157590
60.0000	30.0000	0.0000	0.052505407
70.0000	30.0000	0.0000	0.101293610
80.0000	30.0000	0.0000	0.139717150
90.0000	30.0000	0.0000	0.186789470
100.0000	30.0000	0.0000	0.662288900
110.0000	30.0000	0.0000	0.223821570
120.0000	30.0000	0.0000	0.234620330
130.0000	30.0000	0.0000	1.221550300
140.0000	30.0000	0.0000	1.741288500
150.0000	30.0000	0.0000	2.518041100
160.0000	30.0000	0.0000	7.310556000
170.0000	30.0000	0.0000	2.609242400
180.0000	30.0000	0.0000	1.771514400
190.0000	30.0000	0.0000	1.866695300
200.0000	30.0000	0.0000	1.241505600
210.0000	30.0000	0.0000	0.599549350
220.0000	30.0000	0.0000	0.194899800
230.0000	30.0000	0.0000	0.111972384
240.0000	30.0000	0.0000	0.174918680
250.0000	30.0000	0.0000	0.189853580
260.0000	30.0000	0.0000	0.098413640
270.0000	30.0000	0.0000	0.165155230
280.0000	30.0000	0.0000	0.485024960
290.0000	30.0000	0.0000	0.226313320
300.0000	30.0000	0.0000	0.339837370
310.0000	30.0000	0.0000	0.938649300
320.0000	30.0000	0.0000	0.558596800
330.0000	30.0000	0.0000	0.881736900
340.0000	30.0000	0.0000	2.552987300
350.0000	30.0000	0.0000	1.028054500
360.0000	30.0000	0.0000	1.000000000
0.0000	40.0000	0.0000	3.490549800
10.0000	40.0000	0.0000	6.360570000
20.0000	40.0000	0.0000	5.088104700
30.0000	40.0000	0.0000	2.356651300
40.0000	40.0000	0.0000	3.425164200
50.0000	40.0000	0.0000	0.584491900
60.0000	40.0000	0.0000	1.002655900
70.0000	40.0000	0.0000	4.463707000
80.0000	40.0000	0.0000	1.071219000
90.0000	40.0000	0.0000	0.698615000
100.0000	40.0000	0.0000	1.250064600
110.0000	40.0000	0.0000	0.575853200
120.0000	40.0000	0.0000	0.365477920
130.0000	40.0000	0.0000	1.134651200
140.0000	40.0000	0.0000	2.818776800
150.0000	40.0000	0.0000	3.643746000
160.0000	40.0000	0.0000	6.775119000
170.0000	40.0000	0.0000	4.216441600
180.0000	40.0000	0.0000	3.812276100
190.0000	40.0000	0.0000	4.661855000
200.0000	40.0000	0.0000	1.553873200
210.0000	40.0000	0.0000	0.684688700
220.0000	40.0000	0.0000	0.824986300
230.0000	40.0000	0.0000	0.394053760
240.0000	40.0000	0.0000	0.734401940
250.0000	40.0000	0.0000	2.214880500
260.0000	40.0000	0.0000	0.634351300
270.0000	40.0000	0.0000	0.436297480
280.0000	40.0000	0.0000	0.973170640
290.0000	40.0000	0.0000	1.698270800
300.0000	40.0000	0.0000	0.775135930
310.0000	40.0000	0.0000	1.100482800
320.0000	40.0000	0.0000	1.963827500
330.0000	40.0000	0.0000	3.092844200
340.0000	40.0000	0.0000	6.089030000
350.0000	40.0000	0.0000	3.285637000
360.0000	40.0000	0.0000	1.000000000
0.0000	50.0000	0.0000	10.021652000
10.0000	50.0000	0.0000	12.771694000
20.0000	50.0000	0.0000	4.476425000
30.0000	50.0000	0.0000	2.425667300
40.0000	50.0000	0.0000	1.554879900
50.0000	50.0000	0.0000	0.412961160
60.0000	50.0000	0.0000	0.521586400
70.0000	50.0000	0.0000	1.488656600
80.0000	50.0000	0.0000	0.649804830
90.0000	50.0000	0.0000	0.656082100
100.0000	50.0000	0.0000	1.325239500
110.0000	50.0000	0.0000	0.939302900
120.0000	50.0000	0.0000	0.396116100
130.0000	50.0000	0.0000	0.518354540
140.0000	50.0000	0.0000	1.529904500
150.0000	50.0000	0.0000	2.128099000
160.0000	50.0000	0.0000	2.962992400
170.0000	50.0000	0.0000	1.383063100
180.0000	50.0000	0.0000	1.459854000
190.0000	50.0000	0.0000	2.804886800
200.0000	50.0000	0.0000	2.507704000
210.0000	50.0000	0.0000	2.706560400
220.0000	50.0000	0.0000	2.862781000
230.0000	50.0000	0.0000	0.777978360
240.0000	50.0000	0.0000	0.617866460
250.0000	50.0000	0.0000	0.629664960
260.0000	50.0000	0.0000	0.386085200
270.0000	50.0000	0.0000	0.616522000
280.0000	50.0000	0.0000	2.533676900
290.0000	50.0000	0.0000	3.459422800
300.0000	50.0000	0.0000	0.596567150
310.0000	50.0000	0.0000	0.612160100
320.0000	50.0000	0.0000	2.795900300
330.0000	50.0000	0.0000	3.753960400
340.0000	50.0000	0.0000	6.828508000
350.0000	50.0000	0.0000	6.832247000
360.0000	50.0000	0.0000	1.000000000
0.0000	60.0000	0.0000	4.399992500
10.0000	60.0000	0.0000	4.009052300
20.0000	60.0000	0.0000	1.784458300
30.0000	60.0000	0.0000	0.929588500
40.0000	60.0000	0.0000	0.434187470
50.0000	60.0000	0.0000	0.211923800
60.0000	60.0000	0.0000	0.156153890
70.0000	60.0000	0.0000	0.357585160
80.0000	60.0000	0.0000	0.255533280
90.0000	60.0000	0.0000	0.200052740
100.0000	60.0000	0.0000	0.274004370
110.0000	60.0000	0.0000	0.223967220
120.0000	60.0000	0.0000	0.332782860
130.0000	60.0000	0.0000	0.416640600
140.0000	60.0000	0.0000	1.011153300
150.0000	60.0000	0.0000	1.616412000
160.0000	60.0000	0.0000	0.973136370
170.0000	60.0000	0.0000	0.354252930
180.0000	60.0000	0.0000	0.394613680
190.0000	60.0000	0.0000	1.508415600
200.0000	60.0000	0.0000	3.153087000
210.0000	60.0000	0.0000	2.326964000
220.0000	60.0000	0.0000	2.594772000
230.0000	60.0000	0.0000	1.199008000
240.0000	60.0000	0.0000	0.266759220
250.0000	60.0000	0.0000	0.210941910
260.0000	60.0000	0.0000	0.182212870
270.0000	60.0000	0.0000	0.265625830
280.0000	60.0000	0.0000	0.695654750
290.0000	60.0000	0.0000	0.440356640
300.0000	60.0000	0.0000	0.213548170
310.0000	60.0000	0.0000	0.094882560
320.0000	60.0000	0.0000	0.279200500
330.0000	60.0000	0.0000	1.606568600
340.0000	60.0000	0.0000	3.844744700
350.0000	60.0000	0.0000	4.451967700
360.0000	60.0000	0.0000	1.000000000
0.0000	70.0000	0.0000	0.431758760
10.0000	70.0000	0.0000	0.558184100
20.0000	70.0000	0.0000	1.188938300
30.0000	70.0000	0.0000	1.057771300
40.0000	70.0000	0.0000	0.470603350
50.0000	70.0000	0.0000	0.449001800
60.0000	70.0000	0.0000	0.400438700
70.0000	70.0000	0.0000	0.467108800
80.0000	70.0000	0.0000	0.210089450
90.0000	70.0000	0.0000	0.179935460
100.0000	70.0000	0.0000	0.214108650
110.0000	70.0000	0.0000	0.239964250
120.0000	70.0000	0.0000	1.009933600
130.0000	70.0000	0.0000	0.982451860
140.0000	70.0000	0.0000	1.067349900
150.0000	70.0000	0.0000	1.621437900
160.0000	70.0000	0.0000	1.648541100
170.0000	70.0000	0.0000	0.353384440
180.0000	70.0000	0.0000	0.278632220
190.0000	70.0000	0.0000	1.062977900
200.0000	70.0000	0.0000	2.452159400
210.0000	70.0000	0.0000	1.722153700
220.0000	70.0000	0.0000	4.264483000
230.0000	70.0000	0.0000	3.518405700
240.0000	70.0000	0.0000	0.268925850
250.0000	70.0000	0.0000	0.214814570
260.0000	70.0000	0.0000	0.149604680
270.0000	70.0000	0.0000	0.208611980
280.0000	70.0000	0.0000	0.308445570
290.0000	70.0000	0.0000	0.292979300
300.0000	70.0000	0.0000	0.800276940
310.0000	70.0000	0.0000	0.413544450
320.0000	70.0000	0.0000	0.406147200
330.0000	70.0000	0.0000	2.043113000
340.0000	70.0000	0.0000	3.028673400
350.0000	70.0000	0.0000	1.289884600
360.0000	70.0000	0.0000	1.000000000
0.0000	80.0000	0.0000	0.120163400
10.0000	80.0000	0.0000	0.196391390
20.0000	80.0000	0.0000	1.722489200
30.0000	80.0000	0.0000	2.694613000
40.0000	80.0000	0.0000	1.222273800
50.0000	80.0000	0.0000	1.129329900
60.0000	80.0000	0.0000	1.177576400
70.0000	80.0000	0.0000	0.690519500
80.0000	80.0000	0.0000	0.176485670
90.0000	80.0000	0.0000	0.158805160
100.0000	80.0000	0.0000	0.335026120
110.0000	80.0000	0.0000	0.998769100
120.0000	80.0000	0.0000	1.856923500
130.0000	80.0000	0.0000	2.069741000
140.0000	80.0000	0.0000	2.462680000
150.0000	80.0000	0.0000	2.179902000
160.0000	80.0000	0.0000	3.041804000
170.0000	80.0000	0.0000	0.408398720
180.0000	80.0000	0.0000	0.197201800
190.0000	80.0000	0.0000	0.828506800
200.0000	80.0000	0.0000	2.168712400
210.0000	80.0000	0.0000	3.172312500
220.0000	80.0000	0.0000	4.460781600
230.0000	80.0000	0.0000	2.915160000
240.0000	80.0000	0.0000	0.819809140
250.0000	80.0000	0.0000	0.468765800
260.0000	80.0000	0.0000	0.109692850
270.0000	80.0000	0.0000	0.132647170
280.0000	80.0000	0.0000	0.314472880
290.0000	80.0000	0.0000	1.029302600
300.0000	80.0000	0.0000	1.671792500
310.0000	80.0000	0.0000	0.629148200
320.0000	80.0000	0.0000	0.639563500
330.0000	80.0000	0.0000	1.687435400
340.0000	80.0000	0.0000	2.285014000
350.0000	80.0000	0.0000	0.641981070
360.0000	80.0000	0.0000	1.000000000
0.0000	90.0000	0.0000	0.105873585
10.0000	90.0000	0.0000	0.145460070
20.0000	90.0000	0.0000	1.555829500
30.0000	90.0000	0.0000	2.981894300
40.0000	90.0000	0.0000	2.216843400
50.0000	90.0000	0.0000	2.918320400
60.0000	90.0000	0.0000	3.801080700
70.0000	90.0000	0.0000	1.479863300
80.0000	90.0000	0.0000	0.302803280
90.0000	90.0000	0.0000	0.197760510
100.0000	90.0000	0.0000	0.528282600
110.0000	90.0000	0.0000	3.183633600
120.0000	90.0000	0.0000	1.769617000
130.0000	90.0000	0.0000	2.111195000
140.0000	90.0000	0.0000	3.833108400
150.0000	90.0000	0.0000	3.067957400
160.0000	90.0000	0.0000	3.204687800
170.0000	90.0000	0.0000	0.237145890
180.0000	90.0000	0.0000	0.172953000
190.0000	90.0000	0.0000	0.718307000
200.0000	90.0000	0.0000	2.097953000
210.0000	90.0000	0.0000	3.216930900
220.0000	90.0000	0.0000	3.500919600
230.0000	90.0000	0.0000	3.712650500
240.0000	90.0000	0.0000	3.279484000
250.0000	90.0000	0.0000	1.706320200
260.0000	90.0000	0.0000	0.239598600
270.0000	90.0000	0.0000	0.148757770
280.0000	90.0000	0.0000	0.464867400
290.0000	90.0000	0.0000	3.795660700
300.0000	90.0000	0.0000	1.390042500
310.0000	90.0000	0.0000	0.526327200
320.0000	90.0000	0.0000	0.698074400
330.0000	90.0000	0.0000	1.479969000
340.0000	90.0000	0.0000	1.444876200
350.0000	90.0000	0.0000	0.420198140
360.0000	90.0000	0.0000	1.000000000
0.0000	0.0000	10.0000	1.000000000
10.0000	0.0000	10.0000	1.000000000
20.0000	0.0000	10.0000	1.000000000
30.0000	0.0000	10.0000	1.000000000
40.0000	0.0000	10.0000	1.000000000
50.0000	0.0000	10.0000	1.000000000
60.0000	0.0000	10.0000	1.000000000
70.0000	0.0000	10.0000	1.000000000
80.0000	0.0000	10.0000	1.000000000
90.0000	0.0000	10.0000	1.000000000
100.0000	0.0000	10.0000	1.000000000
110.0000	0.0000	10.0000	1.000000000
120.0000	0.0000	10.0000	1.000000000
130.0000	0.0000	10.0000	1.000000000
140.0000	0.0000	10.0000	1.000000000
150.0000	0.0000	10.0000	1.000000000
160.0000	0.0000	10.0000	1.000000000
170.0000	0.0000	10.0000	1.000000000
180.0000	0.0000	10.0000	1.000000000
190.0000	0.0000	10.0000	1.000000000
200.0000	0.0000	10.0000	1.000000000
210.0000	0.0000	10.0000	1.000000000
220.0000	0.0000	10.0000	1.000000000
230.0000	0.0000	10.0000	1.000000000
240.0000	0.0000	10.0000	1.000000000
250.0000	0.0000	10.0000	1.000000000
260.0000	0.0000	10.0000	1.000000000
270.0000	0.0000	10.0000	1.000000000
280.0000	0.0000	10.0000	1.000000000
290.0000	0.0000	10.0000	1.000000000
300.0000	0.0000	10.0000	1.000000000
310.0000	0.0000	10.0000	1.000000000
320.0000	0.0000	10.0000	1.000000000
330.0000	0.0000	10.0000	1.000000000
340.0000	0.0000	10.0000	1.000000000
350.0000	0.0000	10.0000	1.000000000
360.0000	0.0000	10.0000	1.000000000
0.0000	10.0000	10.0000	0.637672400
10.0000	10.0000	10.0000	4.104483000
20.0000	10.0000	10.0000	6.742035400
30.0000	10.0000	10.0000	1.380141900
40.0000	10.0000	10.0000	1.832465600
50.0000	10.0000	10.0000	1.960556700
60.0000	10.0000	10.0000	0.330911800
70.0000	10.0000	10.0000	0.538877700
80.0000	10.0000	10.0000	0.241515060
90.0000	10.0000	10.0000	0.216718110
100.0000	10.0000	10.0000	1.179834800
110.0000	10.0000	10.0000	1.331193600
120.0000	10.0000	10.0000	1.295851700
130.0000	10.0000	10.0000	2.283932200
140.0000	10.0000	10.0000	3.130729000
150.0000	10.0000	10.0000	2.337591600
160.0000	10.0000	10.0000	1.117373200
170.0000	10.0000	10.0000	0.666509750
180.0000	10.0000	10.0000	0.777033900
190.0000	10.0000	10.0000	2.684962300
200.0000	10.0000	10.0000	1.181790800
210.0000	10.0000	10.0000	0.374596540
220.0000	10.0000	10.0000	0.592415630
230.0000	10.0000	10.0000	1.409375200
240.0000	10.0000	10.0000	0.350969600
250.0000	10.0000	10.0000	0.289752540
260.0000	10.0000	10.0000	0.324643340
270.0000	10.0000	10.0000	0.414978330
280.0000	10.0000	10.0000	1.850447900
290.0000	10.0000	10.0000	1.585327100
300.0000	10.0000	10.0000	2.363170100
310.0000	10.0000	10.0000	5.523764000
320.0000	10.0000	10.0000	3.314866000
330.0000	10.0000	10.0000	1.344873500
340.0000	10.0000	10.0000	0.916919950
350.0000	10.0000	10.0000	0.539671200
360.0000	10.0000	10.0000	1.000000000
0.0000	20.0000	10.0000	1.065612900
10.0000	20.0000	10.0000	3.729223700
20.0000	20.0000	10.0000	3.316518500
30.0000	20.0000	10.0000	1.629774800
40.0000	20.0000	10.0000	1.979299700
50.0000	20.0000	10.0000	1.783637500
60.0000	20.0000	10.0000	0.134151620
70.0000	20.0000	10.0000	0.132445750
80.0000	20.0000	10.0000	0.191084770
90.0000	20.0000	10.0000	0.116984040
100.0000	20.0000	10.0000	0.796442030
110.0000	20.0000	10.0000	0.592610540
120.0000	20.0000	10.0000	0.453447670
130.0000	20.0000	10.0000	1.043358200
140.0000	20.0000	10.0000	1.026192500
150.0000	20.0000	10.0000	1.268896900
160.0000	20.0000	10.0000	0.886354150
170.0000	20.0000	10.0000	0.668624460
180.0000	20.0000	10.0000	0.816785040
190.0000	20.0000	10.0000	1.248885300
200.0000	20.0000	10.0000	0.904756400
210.0000	20.0000	10.0000	0.499817300
220.0000	20.0000	10.0000	0.518830300
230.0000	20.0000	10.0000	0.976397900
240.0000	20.0000	10.0000	0.216965960
250.0000	20.0000	10.0000	0.144535050
260.0000	20.0000	10.0000	0.383210150
270.0000	20.0000	10.0000	0.330310550
280.0000	20.0000	10.0000	1.432605400
290.0000	20.0000	10.0000	1.682731000
300.0000	20.0000	10.0000	3.167522400
310.0000	20.0000	10.0000	2.791183700
320.0000	20.0000	10.0000	1.364188400
330.0000	20.0000	10.0000	1.428915400
340.0000	20.0000	10.0000	0.588598400
350.0000	20.0000	10.0000	0.406908800
360.0000	20.0000	10.0000	1.000000000
0.0000	30.0000	10.0000	1.271845000
10.0000	30.0000	10.0000	1.967858600
20.0000	30.0000	10.0000	1.018825400
30.0000	30.0000	10.0000	0.653878870
40.0000	30.0000	10.0000	0.583596770
50.0000	30.0000	10.0000	0.322987350
60.0000	30.0000	10.0000	0.144936040
70.0000	30.0000	10.0000	0.132701310
80.0000	30.0000	10.0000	0.239869450
90.0000	30.0000	10.0000	0.387753550
100.0000	30.0000	10.0000	1.244800400
110.0000	30.0000	10.0000	0.417309670
120.0000	30.0000	10.0000	0.352224680
130.0000	30.0000	10.0000	1.105208900
140.0000	30.0000	10.0000	1.136494500
150.0000	30.0000	10.0000	1.677753000
160.0000	30.0000	10.0000	1.721097700
170.0000	30.0000	10.0000	1.755225500
180.0000	30.0000	10.0000	2.129884500
190.0000	30.0000	10.0000	1.749723600
200.0000	30.0000	10.0000	0.523560600
210.0000	30.0000	10.0000	0.297108380
220.0000	30.0000	10.0000	0.310564550
230.0000	30.0000	10.0000	0.364404000
240.0000	30.0000	10.0000	0.283288720
250.0000	30.0000	10.0000	0.238968090
260.0000	30.0000	10.0000	0.307441470
270.0000	30.0000	10.0000	0.265421360
280.0000	30.0000	10.0000	0.520604100
290.0000	30.0000	10.0000	0.378334880
300.0000	30.0000	10.0000	0.503465800
310.0000	30.0000	10.0000	0.925538500
320.0000	30.0000	10.0000	1.096481000
330.0000	30.0000	10.0000	1.429341000
340.0000	30.0000	10.0000	0.568556700
350.0000	30.0000	10.0000	0.328487300
360.0000	30.0000	10.0000	1.000000000
0.0000	40.0000	10.0000	2.799033600
10.0000	40.0000	10.0000	3.502400200
20.0000	40.0000	10.0000	1.578136900
30.0000	40.0000	10.0000	0.760177400
40.0000	40.0000	10.0000	0.521603500
50.0000	40.0000	10.0000	0.497324620
60.0000	40.0000	10.0000	1.067213300
70.0000	40.0000	10.0000	0.933818100
80.0000	40.0000	10.0000	1.111925500
90.0000	40.0000	10.0000	2.649509400
100.0000	40.0000	10.0000	2.615001400
110.0000	40.0000	10.0000	0.522566700
120.0000	40.0000	10.0000	0.336708370
130.0000	40.0000	10.0000	0.863293700
140.0000	40.0000	10.0000	1.313997300
150.0000	40.0000	10.0000	2.145669500
160.0000	40.0000	10.0000	3.170713400
170.0000	40.0000	10.0000	2.948439600
180.0000	40.0000	10.0000	3.115104400
190.0000	40.0000	10.0000	2.352500000
200.0000	40.0000	10.0000	0.646789700
210.0000	40.0000	10.0000	0.349445640
220.0000	40.0000	10.0000	0.419110660
230.0000	40.0000	10.0000	0.410838340
240.0000	40.0000	10.0000	0.476056580
250.0000	40.0000	10.0000	0.601657300
260.0000	40.0000	10.0000	0.820166000
270.0000	40.0000	10.0000	1.253508100
280.0000	40.0000	10.0000	1.622261200
290.0000	40.0000	10.0000	0.849073050
300.0000	40.0000	10.0000	0.770576700
310.0000	40.0000	10.0000	1.695495200
320.0000	40.0000	10.0000	2.023182900
330.0000	40.0000	10.0000	2.066191200
340.0000	40.0000	10.0000	1.308253200
350.0000	40.0000	10.0000	0.883200700
360.0000	40.0000	10.0000	1.000000000
0.0000	50.0000	10.0000	6.373207600
10.0000	50.0000	10.0000	5.731924500
20.0000	50.0000	10.0000	2.025701300
30.0000	50.0000	10.0000	2.128435100
40.0000	50.0000	10.0000	0.909313200
50.0000	50.0000	10.0000	0.523024500
60.0000	50.0000	10.0000	1.033168900
70.0000	50.0000	10.0000	0.907137300
80.0000	50.0000	10.0000	0.759006500
90.0000	50.0000	10.0000	1.440996500
100.0000	50.0000	10.0000	1.122524300
110.0000	50.0000	10.0000	0.398116260
120.0000	50.0000	10.0000	0.234511640
130.0000	50.0000	10.0000	0.325520930
140.0000	50.0000	10.0000	1.023644300
150.0000	50.0000	10.0000	1.834538000
160.0000	50.0000	10.0000	2.035234200
170.0000	50.0000	10.0000	1.102277400
180.0000	50.0000	10.0000	1.098394500
190.0000	50.0000	10.0000	1.385154600
200.0000	50.0000	10.0000	0.831869400
210.0000	50.0000	10.0000	0.913693100
220.0000	50.0000	10.0000	1.036314200
230.0000	50.0000	10.0000	0.899993700
240.0000	50.0000	10.0000	0.984907900
250.0000	50.0000	10.0000	0.741393900
260.0000	50.0000	10.0000	0.669984700
270.0000	50.0000	10.0000	1.473433500
280.0000	50.0000	10.0000	2.612247700
290.0000	50.0000	10.0000	1.366662500
300.0000	50.0000	10.0000	0.456377200
310.0000	50.0000	10.0000	0.383560100
320.0000	50.0000	10.0000	1.131689000
330.0000	50.0000	10.0000	1.800726300
340.0000	50.0000	10.0000	2.410956000
350.0000	50.0000	10.0000	3.431659000
360.0000	50.0000	10.0000	1.000000000
0.0000	60.0000	10.0000	3.018294300
10.0000	60.0000	10.0000	2.409803200
20.0000	60.0000	10.0000	1.094226800
30.0000	60.0000	10.0000	1.025602800
40.0000	60.0000	10.0000	0.508141600
50.0000	60.0000	10.0000	0.245140940
60.0000	60.0000	10.0000	0.184962800
70.0000	60.0000	10.0000	0.306606260
80.0000	60.0000	10.0000	0.237166320
90.0000	60.0000	10.0000	0.275534750
100.0000	60.0000	10.0000	0.246834870
110.0000	60.0000	10.0000	0.229143770
120.0000	60.0000	10.0000	0.487680260
130.0000	60.0000	10.0000	0.425296500
140.0000	60.0000	10.0000	0.822841600
150.0000	60.0000	10.0000	1.316433200
160.0000	60.0000	10.0000	0.761870500
170.0000	60.0000	10.0000	0.245649310
180.0000	60.0000	10.0000	0.254408630
190.0000	60.0000	10.0000	0.795001030
200.0000	60.0000	10.0000	1.013454000
210.0000	60.0000	10.0000	1.024739900
220.0000	60.0000	10.0000	1.870089500
230.0000	60.0000	10.0000	0.976397600
240.0000	60.0000	10.0000	0.241035980
250.0000	60.0000	10.0000	0.272210360
260.0000	60.0000	10.0000	0.255628000
270.0000	60.0000	10.0000	0.370832400
280.0000	60.0000	10.0000	0.838011700
290.0000	60.0000	10.0000	0.610458430
300.0000	60.0000	10.0000	0.372364070
310.0000	60.0000	10.0000	0.185435120
320.0000	60.0000	10.0000	0.520564260
330.0000	60.0000	10.0000	2.147119300
340.0000	60.0000	10.0000	2.712519400
350.0000	60.0000	10.0000	2.771045700
360.0000	60.0000	10.0000	1.000000000
0.0000	70.0000	10.0000	0.350855470
10.0000	70.0000	10.0000	0.485812000
20.0000	70.0000	10.0000	0.721345100
30.0000	70.0000	10.0000	0.752099900
40.0000	70.0000	10.0000	0.686272800
50.0000	70.0000	10.0000	0.475734980
60.0000	70.0000	10.0000	0.275672320
70.0000	70.0000	10.0000	0.400805150
80.0000	70.0000	10.0000	0.210221860
90.0000	70.0000	10.0000	0.147006530
100.0000	70.0000	10.0000	0.149144230
110.0000	70.0000	10.0000	0.321262720
120.0000	70.0000	10.0000	1.040735600
130.0000	70.0000	10.0000	0.851002040
140.0000	70.0000	10.0000	1.046973000
150.0000	70.0000	10.0000	1.551642900
160.0000	70.0000	10.0000	0.778345800
170.0000	70.0000	10.0000	0.172780290
180.0000	70.0000	10.0000	0.175762550
190.0000	70.0000	10.0000	0.517542900
200.0000	70.0000	10.0000	0.933777100
210.0000	70.0000	10.0000	1.348168700
220.0000	70.0000	10.0000	3.895015500
230.0000	70.0000	10.0000	1.490809700
240.0000	70.0000	10.0000	0.154251050
250.0000	70.0000	10.0000	0.211805460
260.0000	70.0000	10.0000	0.193791080
270.0000	70.0000	10.0000	0.150913200
280.0000	70.0000	10.0000	0.269527500
290.0000	70.0000	10.0000	0.627927060
300.0000	70.0000	10.0000	1.234199800
310.0000	70.0000	10.0000	0.422021030
320.0000	70.0000	10.0000	0.580316070
330.0000	70.0000	10.0000	2.100012500
340.0000	70.0000	10.0000	1.416837500
350.0000	70.0000	10.0000	0.552472300
360.0000	70.0000	10.0000	1.000000000
0.0000	80.0000	10.0000	0.100862720
10.0000	80.0000	10.0000	0.157047440
20.0000	80.0000	10.0000	0.581963300
30.0000	80.0000	10.0000	0.996817300
40.0000	80.0000	10.0000	1.707936900
50.0000	80.0000	10.0000	2.036309500
60.0000	80.0000	10.0000	1.133449900
70.0000	80.0000	10.0000	0.694790070
80.0000	80.0000	10.0000	0.225089150
90.0000	80.0000	10.0000	0.137543650
100.0000	80.0000	10.0000	0.322518620
110.0000	80.0000	10.0000	1.353958100
120.0000	80.0000	10.0000	1.711972400
130.0000	80.0000	10.0000	1.394540900
140.0000	80.0000	10.0000	1.981799800
150.0000	80.0000	10.0000	2.021135300
160.0000	80.0000	10.0000	0.983187300
170.0000	80.0000	10.0000	0.194344770
180.0000	80.0000	10.0000	0.135464030
190.0000	80.0000	10.0000	0.326727030
200.0000	80.0000	10.0000	0.709229400
210.0000	80.0000	10.0000	1.647631500
220.0000	80.0000	10.0000	2.894857600
230.0000	80.0000	10.0000	2.348157400
240.0000	80.0000	10.0000	0.908075900
250.0000	80.0000	10.0000	0.545737560
260.0000	80.0000	10.0000	0.179613380
270.0000	80.0000	10.0000	0.127092810
280.0000	80.0000	10.0000	0.295796840
290.0000	80.0000	10.0000	0.999850300
300.0000	80.0000	10.0000	1.352475600
310.0000	80.0000	10.0000	0.435474960
320.0000	80.0000	10.0000	0.572685600
330.0000	80.0000	10.0000	1.733755800
340.0000	80.0000	10.0000	0.971379640
350.0000	80.0000	10.0000	0.233848420
360.0000	80.0000	10.0000	1.000000000
0.0000	90.0000	10.0000	0.085936290
10.0000	90.0000	10.0000	0.097447270
20.0000	90.0000	10.0000	0.467678280
30.0000	90.0000	10.0000	0.836754700
40.0000	90.0000	10.0000	2.288628800
50.0000	90.0000	10.0000	3.994481600
60.0000	90.0000	10.0000	3.786267800
70.0000	90.0000	10.0000	1.194876700
80.0000	90.0000	10.0000	0.323402000
90.0000	90.0000	10.0000	0.208106550
100.0000	90.0000	10.0000	0.736551000
110.0000	90.0000	10.0000	4.667524000
120.0000	90.0000	10.0000	2.482428800
130.0000	90.0000	10.0000	2.196924700
140.0000	90.0000	10.0000	3.547230500
150.0000	90.0000	10.0000	2.373109600
160.0000	90.0000	10.0000	0.877784600
170.0000	90.0000	10.0000	0.146865470
180.0000	90.0000	10.0000	0.125630000
190.0000	90.0000	10.0000	0.303621800
200.0000	90.0000	10.0000	0.577416200
210.0000	90.0000	10.0000	1.088937500
220.0000	90.0000	10.0000	1.843508600
230.0000	90.0000	10.0000	2.161522000
240.0000	90.0000	10.0000	2.721223000
250.0000	90.0000	10.0000	1.801713100
260.0000	90.0000	10.0000	0.339352580
270.0000	90.0000	10.0000	0.179884200
280.0000	90.0000	10.0000	0.595819230
290.0000	90.0000	10.0000	2.070431000
300.0000	90.0000	10.0000	1.126399900
310.0000	90.0000	10.0000	0.387789000
320.0000	90.0000	10.0000	0.579474800
330.0000	90.0000	10.0000	2.063077400
340.0000	90.0000	10.0000	0.804151060
350.0000	90.0000	10.0000	0.189033310
360.0000	90.0000	10.0000	1.000000000
0.0000	0.0000	20.0000	1.000000000
10.0000	0.0000	20.0000	1.000000000
20.0000	0.0000	20.0000	1.000000000
30.0000	0.0000	20.0000	1.000000000
40.0000	0.0000	20.0000	1.000000000
50.0000	0.0000	20.0000	1.000000000
60.0000	0.0000	20.0000	1.000000000
70.0000	0.0000	20.0000	1.000000000
80.0000	0.0000	20.0000	1.000000000
90.0000	0.0000	20.0000	1.000000000
100.0000	0.0000	20.0000	1.000000000
110.0000	0.0000	20.0000	1.000000000
120.0000	0.0000	20.0000	1.000000000
130.0000	0.0000	20.0000	1.000000000
140.0000	0.0000	20.0000	1.000000000
150.0000	0.0000	20.0000	1.000000000
160.0000	0.0000	20.0000	1.000000000
170.0000	0.0000	20.0000	1.000000000
180.0000	0.0000	20.0000	1.000000000
190.0000	0.0000	20.0000	1.000000000
200.0000	0.0000	20.0000	1.000000000
210.0000	0.0000	20.0000	1.000000000
220.0000	0.0000	20.0000	1.000000000
230.0000	0.0000	20.0000	1.000000000
240.0000	0.0000	20.0000	1.000000000
250.0000	0.0000	20.0000	1.000000000
260.0000	0.0000	20.0000	1.000000000
270.0000	0.0000	20.0000	1.000000000
280.0000	0.0000	20.0000	1.000000000
290.0000	0.0000	20.0000	1.000000000
300.0000	0.0000	20.0000	1.000000000
310.0000	0.0000	20.0000	1.000000000
320.0000	0.0000	20.0000	1.000000000
330.0000	0.0000	20.0000	1.000000000
340.0000	0.0000	20.0000	1.000000000
350.0000	0.0000	20.0000	1.000000000
360.0000	0.0000	20.0000	1.000000000
0.0000	10.0000	20.0000	2.412789300
10.0000	10.0000	20.0000	6.627127600
20.0000	10.0000	20.0000	4.995695600
30.0000	10.0000	20.0000	2.357723700
40.0000	10.0000	20.0000	1.033878100
50.0000	10.0000	20.0000	0.177519770
60.0000	10.0000	20.0000	0.049621130
70.0000	10.0000	20.0000	0.077196866
80.0000	10.0000	20.0000	0.045475320
90.0000	10.0000	20.0000	0.057871630
100.0000	10.0000	20.0000	0.437041220
110.0000	10.0000	20.0000	0.863322200
120.0000	10.0000	20.0000	0.756736600
130.0000	10.0000	20.0000	1.185714700
140.0000	10.0000	20.0000	0.845584150
150.0000	10.0000	20.0000	0.178267270
160.0000	10.0000	20.0000	0.446666750
170.0000	10.0000	20.0000	1.368225100
180.0000	10.0000	20.0000	2.765313100
190.0000	10.0000	20.0000	1.114551200
200.0000	10.0000	20.0000	0.558403600
210.0000	10.0000	20.0000	0.504802900
220.0000	10.0000	20.0000	1.104244500
230.0000	10.0000	20.0000	0.291582970
240.0000	10.0000	20.0000	0.040059800
250.0000	10.0000	20.0000	0.033674670
260.0000	10.0000	20.0000	0.023279695
270.0000	10.0000	20.0000	0.040927620
280.0000	10.0000	20.0000	0.301123770
290.0000	10.0000	20.0000	0.773431540
300.0000	10.0000	20.0000	1.929499400
310.0000	10.0000	20.0000	3.727837600
320.0000	10.0000	20.0000	0.611660060
330.0000	10.0000	20.0000	0.155217590
340.0000	10.0000	20.0000	0.417009980
350.0000	10.0000	20.0000	1.019714200
360.0000	10.0000	20.0000	1.000000000
0.0000	20.0000	20.0000	2.235758800
10.0000	20.0000	20.0000	4.951240000
20.0000	20.0000	20.0000	2.080699700
30.0000	20.0000	20.0000	1.397905800
40.0000	20.0000	20.0000	0.990447300
50.0000	20.0000	20.0000	0.434268800
60.0000	20.0000	20.0000	0.132427070
70.0000	20.0000	20.0000	0.117779920
80.0000	20.0000	20.0000	0.116680310
90.0000	20.0000	20.0000	0.112617310
100.0000	20.0000	20.0000	0.288354500
110.0000	20.0000	20.0000	0.396772380
120.0000	20.0000	20.0000	0.409218200
130.0000	20.0000	20.0000	0.622359100
140.0000	20.0000	20.0000	0.689078400
150.0000	20.0000	20.0000	0.347775730
160.0000	20.0000	20.0000	0.269236360
170.0000	20.0000	20.0000	0.691134800
180.0000	20.0000	20.0000	1.416928800
190.0000	20.0000	20.0000	1.095662500
200.0000	20.0000	20.0000	0.559716300
210.0000	20.0000	20.0000	0.503381300
220.0000	20.0000	20.0000	0.795086740
230.0000	20.0000	20.0000	0.567687200
240.0000	20.0000	20.0000	0.125321780
250.0000	20.0000	20.0000	0.138958600
260.0000	20.0000	20.0000	0.106101950
270.0000	20.0000	20.0000	0.043633796
280.0000	20.0000	20.0000	0.180554230
290.0000	20.0000	20.0000	2.602233400
300.0000	20.0000	20.0000	2.817437200
310.0000	20.0000	20.0000	0.809363540
320.0000	20.0000	20.0000	0.739439670
330.0000	20.0000	20.0000	0.343283300
340.0000	20.0000	20.0000	0.218414100
350.0000	20.0000	20.0000	0.348741770
360.0000	20.0000	20.0000	1.000000000
0.0000	30.0000	20.0000	1.423377900
10.0000	30.0000	20.0000	1.580729600
20.0000	30.0000	20.0000	0.535316940
30.0000	30.0000	20.0000	0.673309100
40.0000	30.0000	20.0000	0.560103240
50.0000	30.0000	20.0000	0.340187600
60.0000	30.0000	20.0000	0.363301250
70.0000	30.0000	20.0000	0.110435890
80.0000	30.0000	20.0000	0.128992860
90.0000	30.0000	20.0000	0.255175470
100.0000	30.0000	20.0000	0.423709900
110.0000	30.0000	20.0000	0.577953300
120.0000	30.0000	20.0000	0.732351100
130.0000	30.0000	20.0000	0.481989560
140.0000	30.0000	20.0000	0.597176850
150.0000	30.0000	20.0000	0.761940400
160.0000	30.0000	20.0000	0.629908140
170.0000	30.0000	20.0000	1.179500500
180.0000	30.0000	20.0000	2.203489300
190.0000	30.0000	20.0000	1.206183400
200.0000	30.0000	20.0000	0.306062400
210.0000	30.0000	20.0000	0.397003900
220.0000	30.0000	20.0000	0.597407040
230.0000	30.0000	20.0000	0.555957700
240.0000	30.0000	20.0000	0.465820070
250.0000	30.0000	20.0000	0.164912600
260.0000	30.0000	20.0000	0.141564920
270.0000	30.0000	20.0000	0.108562745
280.0000	30.0000	20.0000	0.404194600
290.0000	30.0000	20.0000	1.734316300
300.0000	30.0000	20.0000	1.257757200
310.0000	30.0000	20.0000	0.902824600
320.0000	30.0000	20.0000	1.280931200
330.0000	30.0000	20.0000	0.417847370
340.0000	30.0000	20.0000	0.085155730
350.0000	30.0000	20.0000	0.097137846
360.0000	30.0000	20.0000	1.000000000
0.0000	40.0000	20.0000	1.615456200
10.0000	40.0000	20.0000	1.057176800
20.0000	40.0000	20.0000	0.253935200
30.0000	40.0000	20.0000	0.271114530
40.0000	40.0000	20.0000	0.221003430
50.0000	40.0000	20.0000	0.468404100
60.0000	40.0000	20.0000	1.788958800
70.0000	40.0000	20.0000	0.621370600
80.0000	40.0000	20.0000	0.509763300
90.0000	40.0000	20.0000	1.274985600
100.0000	40.0000	20.0000	0.978456260
110.0000	40.0000	20.0000	0.478447230
120.0000	40.0000	20.0000	0.295293870
130.0000	40.0000	20.0000	0.327424820
140.0000	40.0000	20.0000	0.688790000
150.0000	40.0000	20.0000	1.110674700
160.0000	40.0000	20.0000	1.478910000
170.0000	40.0000	20.0000	1.519573800
180.0000	40.0000	20.0000	1.823278200
190.0000	40.0000	20.0000	0.867994550
200.0000	40.0000	20.0000	0.180900480
210.0000	40.0000	20.0000	0.220786570
220.0000	40.0000	20.0000	0.445396100
230.0000	40.0000	20.0000	0.627623700
240.0000	40.0000	20.0000	0.669094560
250.0000	40.0000	20.0000	0.373045380
260.0000	40.0000	20.0000	0.397042130
270.0000	40.0000	20.0000	1.189522500
280.0000	40.0000	20.0000	1.763838600
290.0000	40.0000	20.0000	0.981859500
300.0000	40.0000	20.0000	0.702398960
310.0000	40.0000	20.0000	0.979772700
320.0000	40.0000	20.0000	0.823970900
330.0000	40.0000	20.0000	0.394935070
340.0000	40.0000	20.0000	0.217026840
350.0000	40.0000	20.0000	0.228133540
360.0000	40.0000	20.0000	1.000000000
0.0000	50.0000	20.0000	1.946688000
10.0000	50.0000	20.0000	0.958116000
20.0000	50.0000	20.0000	0.205691810
30.0000	50.0000	20.0000	0.245110440
40.0000	50.0000	20.0000	0.352527740
50.0000	50.0000	20.0000	0.748590050
60.0000	50.0000	20.0000	1.289569400
70.0000	50.0000	20.0000	0.681704940
80.0000	50.0000	20.0000	0.618335840
90.0000	50.0000	20.0000	0.955210570
100.0000	50.0000	20.0000	0.682147700
110.0000	50.0000	20.0000	0.237401080
120.0000	50.0000	20.0000	0.126411830
130.0000	50.0000	20.0000	0.253007770
140.0000	50.0000	20.0000	1.177968300
150.0000	50.0000	20.0000	1.274894700
160.0000	50.0000	20.0000	0.716878700
170.0000	50.0000	20.0000	0.418323300
180.0000	50.0000	20.0000	0.719221000
190.0000	50.0000	20.0000	0.648134400
200.0000	50.0000	20.0000	0.156429960
210.0000	50.0000	20.0000	0.187710540
220.0000	50.0000	20.0000	0.637329460
230.0000	50.0000	20.0000	1.131533000
240.0000	50.0000	20.0000	1.007452000
250.0000	50.0000	20.0000	0.528676030
260.0000	50.0000	20.0000	0.474729420
270.0000	50.0000	20.0000	1.412644300
280.0000	50.0000	20.0000	2.463100700
290.0000	50.0000	20.0000	0.872699600
300.0000	50.0000	20.0000	0.234412550
310.0000	50.0000	20.0000	0.258319500
320.0000	50.0000	20.0000	0.701897440
330.0000	50.0000	20.0000	0.893898300
340.0000	50.0000	20.0000	1.176917800
350.0000	50.0000	20.0000	1.502052400
360.0000	50.0000	20.0000	1.000000000
0.0000	60.0000	20.0000	1.199820300
10.0000	60.0000	20.0000	0.770894940
20.0000	60.0000	20.0000	0.323546100
30.0000	60.0000	20.0000	0.405348000
40.0000	60.0000	20.0000	0.504207300
50.0000	60.0000	20.0000	0.537078800
60.0000	60.0000	20.0000	0.346598830
70.0000	60.0000	20.0000	0.292338220
80.0000	60.0000	20.0000	0.222957920
90.0000	60.0000	20.0000	0.361803350
100.0000	60.0000	20.0000	0.274299530
110.0000	60.0000	20.0000	0.484096080
120.0000	60.0000	20.0000	0.534193000
130.0000	60.0000	20.0000	0.476680730
140.0000	60.0000	20.0000	1.217173100
150.0000	60.0000	20.0000	1.281031100
160.0000	60.0000	20.0000	0.358806700
170.0000	60.0000	20.0000	0.133523720
180.0000	60.0000	20.0000	0.212313400
190.0000	60.0000	20.0000	0.466232360
200.0000	60.0000	20.0000	0.271903630
210.0000	60.0000	20.0000	0.342353700
220.0000	60.0000	20.0000	0.996037800
230.0000	60.0000	20.0000	1.107999200
240.0000	60.0000	20.0000	0.431873170
250.0000	60.0000	20.0000	0.363820800
260.0000	60.0000	20.0000	0.206559820
270.0000	60.0000	20.0000	0.299501240
280.0000	60.0000	20.0000	0.883489200
290.0000	60.0000	20.0000	1.274595600
300.0000	60.0000	20.0000	0.561037300
310.0000	60.0000	20.0000	0.499078660
320.0000	60.0000	20.0000	1.461755500
330.0000	60.0000	20.0000	1.694663300
340.0000	60.0000	20.0000	1.580537100
350.0000	60.0000	20.0000	1.742086800
360.0000	60.0000	20.0000	1.000000000
0.0000	70.0000	20.0000	0.376408370
10.0000	70.0000	20.0000	0.445439040
20.0000	70.0000	20.0000	0.351315530
30.0000	70.0000	20.0000	0.340384200
40.0000	70.0000	20.0000	0.810049600
50.0000	70.0000	20.0000	0.588956600
60.0000	70.0000	20.0000	0.400198100
70.0000	70.0000	20.0000	0.589620230
80.0000	70.0000	20.0000	0.192464200
90.0000	70.0000	20.0000	0.126933190
100.0000	70.0000	20.0000	0.159541160
110.0000	70.0000	20.0000	0.515383800
120.0000	70.0000	20.0000	0.934267040
130.0000	70.0000	20.0000	0.647749200
140.0000	70.0000	20.0000	1.200127800
150.0000	70.0000	20.0000	1.651543300
160.0000	70.0000	20.0000	0.288590100
170.0000	70.0000	20.0000	0.090241750
180.0000	70.0000	20.0000	0.174501990
190.0000	70.0000	20.0000	0.319726440
200.0000	70.0000	20.0000	0.290677160
210.0000	70.0000	20.0000	0.456567260
220.0000	70.0000	20.0000	1.274700900
230.0000	70.0000	20.0000	0.822765400
240.0000	70.0000	20.0000	0.205719110
250.0000	70.0000	20.0000	0.340017380
260.0000	70.0000	20.0000	0.198492120
270.0000	70.0000	20.0000	0.151352910
280.0000	70.0000	20.0000	0.456464200
290.0000	70.0000	20.0000	1.523139200
300.0000	70.0000	20.0000	1.516026400
310.0000	70.0000	20.0000	0.626092600
320.0000	70.0000	20.0000	1.131545500
330.0000	70.0000	20.0000	1.726174600
340.0000	70.0000	20.0000	0.709590600
350.0000	70.0000	20.0000	0.543472400
360.0000	70.0000	20.0000	1.000000000
0.0000	80.0000	20.0000	0.177538740
10.0000	80.0000	20.0000	0.199897930
20.0000	80.0000	20.0000	0.184931890
30.0000	80.0000	20.0000	0.325088620
40.0000	80.0000	20.0000	2.420843600
50.0000	80.0000	20.0000	1.810608100
60.0000	80.0000	20.0000	0.762630640
70.0000	80.0000	20.0000	1.052589900
80.0000	80.0000	20.0000	0.252671630
90.0000	80.0000	20.0000	0.126424800
100.0000	80.0000	20.0000	0.301191870
110.0000	80.0000	20.0000	1.424081400
120.0000	80.0000	20.0000	1.607021100
130.0000	80.0000	20.0000	0.853535400
140.0000	80.0000	20.0000	1.231853200
150.0000	80.0000	20.0000	1.335093300
160.0000	80.0000	20.0000	0.281289200
170.0000	80.0000	20.0000	0.112376854
180.0000	80.0000	20.0000	0.116374210
190.0000	80.0000	20.0000	0.219445690
200.0000	80.0000	20.0000	0.224599670
210.0000	80.0000	20.0000	0.461838750
220.0000	80.0000	20.0000	0.879027250
230.0000	80.0000	20.0000	1.026784000
240.0000	80.0000	20.0000	0.595261340
250.0000	80.0000	20.0000	0.722666560
260.0000	80.0000	20.0000	0.341621070
270.0000	80.0000	20.0000	0.212037180
280.0000	80.0000	20.0000	0.468041270
290.0000	80.0000	20.0000	1.521745000
300.0000	80.0000	20.0000	1.562667000
310.0000	80.0000	20.0000	0.359453950
320.0000	80.0000	20.0000	0.449537130
330.0000	80.0000	20.0000	1.400298500
340.0000	80.0000	20.0000	0.427750470
350.0000	80.0000	20.0000	0.281504420
360.0000	80.0000	20.0000	1.000000000
0.0000	90.0000	20.0000	0.139978590
10.0000	90.0000	20.0000	0.131596250
20.0000	90.0000	20.0000	0.194590790
30.0000	90.0000	20.0000	0.377523750
40.0000	90.0000	20.0000	3.705991000
50.0000	90.0000	20.0000	3.041629000
60.0000	90.0000	20.0000	1.439845100
70.0000	90.0000	20.0000	1.363929300
80.0000	90.0000	20.0000	0.319821630
90.0000	90.0000	20.0000	0.230235040
100.0000	90.0000	20.0000	0.965698400
110.0000	90.0000	20.0000	4.734103700
120.0000	90.0000	20.0000	2.580711000
130.0000	90.0000	20.0000	1.170757700
140.0000	90.0000	20.0000	1.272365100
150.0000	90.0000	20.0000	0.648874160
160.0000	90.0000	20.0000	0.205025120
170.0000	90.0000	20.0000	0.108212700
180.0000	90.0000	20.0000	0.100475320
190.0000	90.0000	20.0000	0.253130850
200.0000	90.0000	20.0000	0.283893850
210.0000	90.0000	20.0000	0.465793130
220.0000	90.0000	20.0000	0.546550400
230.0000	90.0000	20.0000	0.719600560
240.0000	90.0000	20.0000	1.280397300
250.0000	90.0000	20.0000	1.500495900
260.0000	90.0000	20.0000	0.611418250
270.0000	90.0000	20.0000	0.383773650
280.0000	90.0000	20.0000	0.783701400
290.0000	90.0000	20.0000	1.668205900
300.0000	90.0000	20.0000	1.142503600
310.0000	90.0000	20.0000	0.283296200
320.0000	90.0000	20.0000	0.334431000
330.0000	90.0000	20.0000	1.164095800
340.0000	90.0000	20.0000	0.305672800
350.0000	90.0000	20.0000	0.206498580
360.0000	90.0000	20.0000	1.000000000
0.0000	0.0000	30.0000	1.000000000
10.0000	0.0000	30.0000	1.000000000
20.0000	0.0000	30.0000	1.000000000
30.0000	0.0000	30.0000	1.000000000
40.0000	0.0000	30.0000	1.000000000
50.0000	0.0000	30.0000	1.000000000
60.0000	0.0000	30.0000	1.000000000
70.0000	0.0000	30.0000	1.000000000
80.0000	0.0000	30.0000	1.000000000
90.0000	0.0000	30.0000	1.000000000
100.0000	0.0000	30.0000	1.000000000
110.0000	0.0000	30.0000	1.000000000
120.0000	0.0000	30.0000	1.000000000
130.0000	0.0000	30.0000	1.000000000
140.0000	0.0000	30.0000	1.000000000
150.0000	0.0000	30.0000	1.000000000
160.0000	0.0000	30.0000	1.000000000
170.0000	0.0000	30.0000	1.000000000
180.0000	0.0000	30.0000	1.000000000
190.0000	0.0000	30.0000	1.000000000
200.0000	0.0000	30.0000	1.000000000
210.0000	0.0000	30.0000	1.000000000
220.0000	0.0000	30.0000	1.000000000
230.0000	0.0000	30.0000	1.000000000
240.0000	0.0000	30.0000	1.000000000
250.0000	0.0000	30.0000	1.000000000
260.0000	0.0000	30.0000	1.000000000
270.0000	0.0000	30.0000	1.000000000
280.0000	0.0000	30.0000	1.000000000
290.0000	0.0000	30.0000	1.000000000
300.0000	0.0000	30.0000	1.000000000
310.0000	0.0000	30.0000	1.000000000
320.0000	0.0000	30.0000	1.000000000
330.0000	0.0000	30.0000	1.000000000
340.0000	0.0000	30.0000	1.000000000
350.0000	0.0000	30.0000	1.000000000
360.0000	0.0000	30.0000	1.000000000
0.0000	10.0000	30.0000	0.626576070
10.0000	10.0000	30.0000	3.333239300
20.0000	10.0000	30.0000	4.067528000
30.0000	10.0000	30.0000	0.898927870
40.0000	10.0000	30.0000	0.421906700
50.0000	10.0000	30.0000	0.091200516
60.0000	10.0000	30.0000	0.116275094
70.0000	10.0000	30.0000	0.230942890
80.0000	10.0000	30.0000	0.297477900
90.0000	10.0000	30.0000	1.478123300
100.0000	10.0000	30.0000	4.978173700
110.0000	10.0000	30.0000	2.710832600
120.0000	10.0000	30.0000	1.421791300
130.0000	10.0000	30.0000	0.746507000
140.0000	10.0000	30.0000	0.227031560
150.0000	10.0000	30.0000	0.093720170
160.0000	10.0000	30.0000	0.539992750
170.0000	10.0000	30.0000	2.375721200
180.0000	10.0000	30.0000	0.292110380
190.0000	10.0000	30.0000	0.386351050
200.0000	10.0000	30.0000	0.538410540
210.0000	10.0000	30.0000	1.066302200
220.0000	10.0000	30.0000	0.909415250
230.0000	10.0000	30.0000	0.073872800
240.0000	10.0000	30.0000	0.061453340
250.0000	10.0000	30.0000	0.090490940
260.0000	10.0000	30.0000	0.093742880
270.0000	10.0000	30.0000	0.375683840
280.0000	10.0000	30.0000	1.563533800
290.0000	10.0000	30.0000	1.687929400
300.0000	10.0000	30.0000	2.274260300
310.0000	10.0000	30.0000	0.845325500
320.0000	10.0000	30.0000	0.184178490
330.0000	10.0000	30.0000	0.096281230
340.0000	10.0000	30.0000	0.437088200
350.0000	10.0000	30.0000	1.769332300
360.0000	10.0000	30.0000	1.000000000
0.0000	20.0000	30.0000	1.600117900
10.0000	20.0000	30.0000	2.017430300
20.0000	20.0000	30.0000	1.523546200
30.0000	20.0000	30.0000	1.370457500
40.0000	20.0000	30.0000	0.419217560
50.0000	20.0000	30.0000	0.144778060
60.0000	20.0000	30.0000	0.088528860
70.0000	20.0000	30.0000	0.227315130
80.0000	20.0000	30.0000	0.382987530
90.0000	20.0000	30.0000	0.386054250
100.0000	20.0000	30.0000	0.541764700
110.0000	20.0000	30.0000	0.656676600
120.0000	20.0000	30.0000	0.686104700
130.0000	20.0000	30.0000	0.511370200
140.0000	20.0000	30.0000	0.343569760
150.0000	20.0000	30.0000	0.110700280
160.0000	20.0000	30.0000	0.207023490
170.0000	20.0000	30.0000	1.270619800
180.0000	20.0000	30.0000	0.854314000
190.0000	20.0000	30.0000	0.399729200
200.0000	20.0000	30.0000	0.474569860
210.0000	20.0000	30.0000	1.284661800
220.0000	20.0000	30.0000	0.783997900
230.0000	20.0000	30.0000	0.278527770
240.0000	20.0000	30.0000	0.142517520
250.0000	20.0000	30.0000	0.259700600
260.0000	20.0000	30.0000	0.221526300
270.0000	20.0000	30.0000	0.089511750
280.0000	20.0000	30.0000	0.222729850
290.0000	20.0000	30.0000	1.445469000
300.0000	20.0000	30.0000	1.613717000
310.0000	20.0000	30.0000	0.638423500
320.0000	20.0000	30.0000	0.424393450
330.0000	20.0000	30.0000	0.091200836
340.0000	20.0000	30.0000	0.119290520
350.0000	20.0000	30.0000	0.579843600
360.0000	20.0000	30.0000	1.000000000
0.0000	30.0000	30.0000	1.366003600
10.0000	30.0000	30.0000	1.087506900
20.0000	30.0000	30.0000	0.771870260
30.0000	30.0000	30.0000	1.129933800
40.0000	30.0000	30.0000	0.429942200
50.0000	30.0000	30.0000	0.189905970
60.0000	30.0000	30.0000	0.232975260
70.0000	30.0000	30.0000	0.214419100
80.0000	30.0000	30.0000	0.207746640
90.0000	30.0000	30.0000	0.315522940
100.0000	30.0000	30.0000	0.283177080
110.0000	30.0000	30.0000	0.386927430
120.0000	30.0000	30.0000	0.368109700
130.0000	30.0000	30.0000	0.316200100
140.0000	30.0000	30.0000	0.504948440
150.0000	30.0000	30.0000	0.380763560
160.0000	30.0000	30.0000	0.488337280
170.0000	30.0000	30.0000	1.451204700
180.0000	30.0000	30.0000	1.498791800
190.0000	30.0000	30.0000	0.573628500
200.0000	30.0000	30.0000	0.404399340
210.0000	30.0000	30.0000	1.083341700
220.0000	30.0000	30.0000	0.923985300
230.0000	30.0000	30.0000	0.618443700
240.0000	30.0000	30.0000	0.384288280
250.0000	30.0000	30.0000	0.230667800
260.0000	30.0000	30.0000	0.246398970
270.0000	30.0000	30.0000	0.137826410
280.0000	30.0000	30.0000	0.390938500
290.0000	30.0000	30.0000	1.356361900
300.0000	30.0000	30.0000	0.804618540
310.0000	30.0000	30.0000	0.471754280
320.0000	30.0000	30.0000	0.344760150
330.0000	30.0000	30.0000	0.083333210
340.0000	30.0000	30.0000	0.081207170
350.0000	30.0000	30.0000	0.282928080
360.0000	30.0000	30.0000	1.000000000
0.0000	40.0000	30.0000	1.537256000
10.0000	40.0000	30.0000	0.868483700
20.0000	40.0000	30.0000	0.368691500
30.0000	40.0000	30.0000	0.528565100
40.0000	40.0000	30.0000	0.356957700
50.0000	40.0000	30.0000	0.423754200
60.0000	40.0000	30.0000	0.708102460
70.0000	40.0000	30.0000	0.641950900
80.0000	40.0000	30.0000	0.660498500
90.0000	40.0000	30.0000	0.753777100
100.0000	40.0000	30.0000	0.336759500
110.0000	40.0000	30.0000	0.287501870
120.0000	40.0000	30.0000	0.193569990
130.0000	40.0000	30.0000	0.383993480
140.0000	40.0000	30.0000	0.867421100
150.0000	40.0000	30.0000	0.857174160
160.0000	40.0000	30.0000	1.198109500
170.0000	40.0000	30.0000	0.959854660
180.0000	40.0000	30.0000	1.264679300
190.0000	40.0000	30.0000	0.546713400
200.0000	40.0000	30.0000	0.215089160
210.0000	40.0000	30.0000	0.747116740
220.0000	40.0000	30.0000	1.329167200
230.0000	40.0000	30.0000	0.938114800
240.0000	40.0000	30.0000	0.649673940
250.0000	40.0000	30.0000	0.358228860
260.0000	40.0000	30.0000	0.547639250
270.0000	40.0000	30.0000	1.250380600
280.0000	40.0000	30.0000	1.499773400
290.0000	40.0000	30.0000	0.416779000
300.0000	40.0000	30.0000	0.163044620
310.0000	40.0000	30.0000	0.270776330
320.0000	40.0000	30.0000	0.385694560
330.0000	40.0000	30.0000	0.275641900
340.0000	40.0000	30.0000	0.366764100
350.0000	40.0000	30.0000	0.615759430
360.0000	40.0000	30.0000	1.000000000
0.0000	50.0000	30.0000	1.905752700
10.0000	50.0000	30.0000	0.797858100
20.0000	50.0000	30.0000	0.177293450
30.0000	50.0000	30.0000	0.226521300
40.0000	50.0000	30.0000	0.416815220
50.0000	50.0000	30.0000	0.724228700
60.0000	50.0000	30.0000	0.610686100
70.0000	50.0000	30.0000	0.588870470
80.0000	50.0000	30.0000	0.778026800
90.0000	50.0000	30.0000	0.856017800
100.0000	50.0000	30.0000	0.492917840
110.0000	50.0000	30.0000	0.324296560
120.0000	50.0000	30.0000	0.285944070
130.0000	50.0000	30.0000	0.676094350
140.0000	50.0000	30.0000	1.615276300
150.0000	50.0000	30.0000	0.962930000
160.0000	50.0000	30.0000	0.704691100
170.0000	50.0000	30.0000	0.569551200
180.0000	50.0000	30.0000	0.863634470
190.0000	50.0000	30.0000	0.393722180
200.0000	50.0000	30.0000	0.102193430
210.0000	50.0000	30.0000	0.386940570
220.0000	50.0000	30.0000	1.440167500
230.0000	50.0000	30.0000	0.678647100
240.0000	50.0000	30.0000	0.705371560
250.0000	50.0000	30.0000	0.551348100
260.0000	50.0000	30.0000	0.569137400
270.0000	50.0000	30.0000	2.682344400
280.0000	50.0000	30.0000	4.206054000
290.0000	50.0000	30.0000	0.322915820
300.0000	50.0000	30.0000	0.145475850
310.0000	50.0000	30.0000	0.342711750
320.0000	50.0000	30.0000	0.796627340
330.0000	50.0000	30.0000	0.603289200
340.0000	50.0000	30.0000	1.109155000
350.0000	50.0000	30.0000	1.318928600
360.0000	50.0000	30.0000	1.000000000
0.0000	60.0000	30.0000	1.446586600
10.0000	60.0000	30.0000	0.637688760
20.0000	60.0000	30.0000	0.156190650
30.0000	60.0000	30.0000	0.312910100
40.0000	60.0000	30.0000	0.605153100
50.0000	60.0000	30.0000	0.457149270
60.0000	60.0000	30.0000	0.288573000
70.0000	60.0000	30.0000	0.268113970
80.0000	60.0000	30.0000	0.334840710
90.0000	60.0000	30.0000	0.687722270
100.0000	60.0000	30.0000	0.649664400
110.0000	60.0000	30.0000	1.233159100
120.0000	60.0000	30.0000	0.697971760
130.0000	60.0000	30.0000	0.705326260
140.0000	60.0000	30.0000	2.053894300
150.0000	60.0000	30.0000	1.381790600
160.0000	60.0000	30.0000	0.528084040
170.0000	60.0000	30.0000	0.486358430
180.0000	60.0000	30.0000	0.469887470
190.0000	60.0000	30.0000	0.305227670
200.0000	60.0000	30.0000	0.164964940
210.0000	60.0000	30.0000	0.376338840
220.0000	60.0000	30.0000	0.712899700
230.0000	60.0000	30.0000	0.535977800
240.0000	60.0000	30.0000	0.472834400
250.0000	60.0000	30.0000	0.503037800
260.0000	60.0000	30.0000	0.294285920
270.0000	60.0000	30.0000	1.148636800
280.0000	60.0000	30.0000	2.216542000
290.0000	60.0000	30.0000	0.930866660
300.0000	60.0000	30.0000	0.428355500
310.0000	60.0000	30.0000	0.617555800
320.0000	60.0000	30.0000	1.620844700
330.0000	60.0000	30.0000	1.462155800
340.0000	60.0000	30.0000	2.018249500
350.0000	60.0000	30.0000	1.639279600
360.0000	60.0000	30.0000	1.000000000
0.0000	70.0000	30.0000	0.526386000
10.0000	70.0000	30.0000	0.331039400
20.0000	70.0000	30.0000	0.238107470
30.0000	70.0000	30.0000	0.548583150
40.0000	70.0000	30.0000	0.816483500
50.0000	70.0000	30.0000	0.524170800
60.0000	70.0000	30.0000	0.355383570
70.0000	70.0000	30.0000	0.332179500
80.0000	70.0000	30.0000	0.185457970
90.0000	70.0000	30.0000	0.185733540
100.0000	70.0000	30.0000	0.355124380
110.0000	70.0000	30.0000	1.668137700
120.0000	70.0000	30.0000	1.226033200
130.0000	70.0000	30.0000	0.589639500
140.0000	70.0000	30.0000	1.132643600
150.0000	70.0000	30.0000	1.221396300
160.0000	70.0000	30.0000	0.369744360
170.0000	70.0000	30.0000	0.353200080
180.0000	70.0000	30.0000	0.349624540
190.0000	70.0000	30.0000	0.275098860
200.0000	70.0000	30.0000	0.316973060
210.0000	70.0000	30.0000	0.361869000
220.0000	70.0000	30.0000	0.505147930
230.0000	70.0000	30.0000	0.513452050
240.0000	70.0000	30.0000	0.234315450
250.0000	70.0000	30.0000	0.427481800
260.0000	70.0000	30.0000	0.365549700
270.0000	70.0000	30.0000	0.590645730
280.0000	70.0000	30.0000	1.220423600
290.0000	70.0000	30.0000	1.625735200
300.0000	70.0000	30.0000	0.939549100
310.0000	70.0000	30.0000	0.496492180
320.0000	70.0000	30.0000	0.930147300
330.0000	70.0000	30.0000	1.801418300
340.0000	70.0000	30.0000	1.199824000
350.0000	70.0000	30.0000	1.564138000
360.0000	70.0000	30.0000	1.000000000
0.0000	80.0000	30.0000	0.289355640
10.0000	80.0000	30.0000	0.193963080
20.0000	80.0000	30.0000	0.214493230
30.0000	80.0000	30.0000	0.396017970
40.0000	80.0000	30.0000	1.149218400
50.0000	80.0000	30.0000	0.998732300
60.0000	80.0000	30.0000	0.831455650
70.0000	80.0000	30.0000	1.355995900
80.0000	80.0000	30.0000	0.300964240
90.0000	80.0000	30.0000	0.205148280
100.0000	80.0000	30.0000	0.608995260
110.0000	80.0000	30.0000	2.022457100
120.0000	80.0000	30.0000	1.357500700
130.0000	80.0000	30.0000	0.440473050
140.0000	80.0000	30.0000	0.541284800
150.0000	80.0000	30.0000	0.425167740
160.0000	80.0000	30.0000	0.256488200
170.0000	80.0000	30.0000	0.248533890
180.0000	80.0000	30.0000	0.208539550
190.0000	80.0000	30.0000	0.344109680
200.0000	80.0000	30.0000	0.416624900
210.0000	80.0000	30.0000	0.320508570
220.0000	80.0000	30.0000	0.459722760
230.0000	80.0000	30.0000	0.864666800
240.0000	80.0000	30.0000	0.608438250
250.0000	80.0000	30.0000	0.974398700
260.0000	80.0000	30.0000	0.821911930
270.0000	80.0000	30.0000	0.997254670
280.0000	80.0000	30.0000	1.616426600
290.0000	80.0000	30.0000	2.498947900
300.0000	80.0000	30.0000	1.236256000
310.0000	80.0000	30.0000	0.268770200
320.0000	80.0000	30.0000	0.349541200
330.0000	80.0000	30.0000	0.689766000
340.0000	80.0000	30.0000	0.455194150
350.0000	80.0000	30.0000	0.877729360
360.0000	80.0000	30.0000	1.000000000
0.0000	90.0000	30.0000	0.206847250
10.0000	90.0000	30.0000	0.164386940
20.0000	90.0000	30.0000	0.191058050
30.0000	90.0000	30.0000	0.278450300
40.0000	90.0000	30.0000	1.060257900
50.0000	90.0000	30.0000	1.165368000
60.0000	90.0000	30.0000	1.079928800
70.0000	90.0000	30.0000	2.281467200
80.0000	90.0000	30.0000	0.552876300
90.0000	90.0000	30.0000	0.426975880
100.0000	90.0000	30.0000	1.964066100
110.0000	90.0000	30.0000	4.071384000
120.0000	90.0000	30.0000	1.660234200
130.0000	90.0000	30.0000	0.596035400
140.0000	90.0000	30.0000	0.398859700
150.0000	90.0000	30.0000	0.174241700
160.0000	90.0000	30.0000	0.156744930
170.0000	90.0000	30.0000	0.152981550
180.0000	90.0000	30.0000	0.157428440
190.0000	90.0000	30.0000	0.503508300
200.0000	90.0000	30.0000	0.551522400
210.0000	90.0000	30.0000	0.324056420
220.0000	90.0000	30.0000	0.418571650
230.0000	90.0000	30.0000	1.125013100
240.0000	90.0000	30.0000	1.480861900
250.0000	90.0000	30.0000	2.827448400
260.0000	90.0000	30.0000	1.694007000
270.0000	90.0000	30.0000	1.473553000
280.0000	90.0000	30.0000	2.081333600
290.0000	90.0000	30.0000	2.508267600
300.0000	90.0000	30.0000	0.943907700
310.0000	90.0000	30.0000	0.231447150
320.0000	90.0000	30.0000	0.182536240
330.0000	90.0000	30.0000	0.380507320
340.0000	90.0000	30.0000	0.292880450
350.0000	90.0000	30.0000	0.540673900
360.0000	90.0000	30.0000	1.000000000
0.0000	0.0000	40.0000	1.000000000
10.0000	0.0000	40.0000	1.000000000
20.0000	0.0000	40.0000	1.000000000
30.0000	0.0000	40.0000	1.000000000
40.0000	0.0000	40.0000	1.000000000
50.0000	0.0000	40.0000	1.000000000
60.0000	0.0000	40.0000	1.000000000
70.0000	0.0000	40.0000	1.000000000
80.0000	0.0000	40.0000	1.000000000
90.0000	0.0000	40.0000	1.000000000
100.0000	0.0000	40.0000	1.000000000
110.0000	0.0000	40.0000	1.000000000
120.0000	0.0000	40.0000	1.000000000
130.0000	0.0000	40.0000	1.000000000
140.0000	0.0000	40.0000	1.000000000
150.0000	0.0000	40.0000	1.000000000
160.0000	0.0000	40.0000	1.000000000
170.0000	0.0000	40.0000	1.000000000
180.0000	0.0000	40.0000	1.000000000
190.0000	0.0000	40.0000	1.000000000
200.0000	0.0000	40.0000	1.000000000
210.0000	0.0000	40.0000	1.000000000
220.0000	0.0000	40.0000	1.000000000
230.0000	0.0000	40.0000	1.000000000
240.0000	0.0000	40.0000	1.000000000
250.0000	0.0000	40.0000	1.000000000
260.0000	0.0000	40.0000	1.000000000
270.0000	0.0000	40.0000	1.000000000
280.0000	0.0000	40.0000	1.000000000
290.0000	0.0000	40.0000	1.000000000
300.0000	0.0000	40.0000	1.000000000
310.0000	0.0000	40.0000	1.000000000
320.0000	0.0000	40.0000	1.000000000
330.0000	0.0000	40.0000	1.000000000
340.0000	0.0000	40.0000	1.000000000
350.0000	0.0000	40.0000	1.000000000
360.0000	0.0000	40.0000	1.000000000
0.0000	10.0000	40.0000	0.531831000
10.0000	10.0000	40.0000	2.615577000
20.0000	10.0000	40.0000	4.019563000
30.0000	10.0000	40.0000	0.197970930
40.0000	10.0000	40.0000	0.064802855
50.0000	10.0000	40.0000	0.055856550
60.0000	10.0000	40.0000	0.173660810
70.0000	10.0000	40.0000	0.797446200
80.0000	10.0000	40.0000	1.470690000
90.0000	10.0000	40.0000	6.598678600
100.0000	10.0000	40.0000	14.044764500
110.0000	10.0000	40.0000	3.230527600
120.0000	10.0000	40.0000	0.770775900
130.0000	10.0000	40.0000	0.109550010
140.0000	10.0000	40.0000	0.049833930
150.0000	10.0000	40.0000	0.070140980
160.0000	10.0000	40.0000	1.386730100
170.0000	10.0000	40.0000	1.707619200
180.0000	10.0000	40.0000	0.200987620
190.0000	10.0000	40.0000	0.521208400
200.0000	10.0000	40.0000	1.053536800
210.0000	10.0000	40.0000	0.466481830
220.0000	10.0000	40.0000	0.054745916
230.0000	10.0000	40.0000	0.045600798
240.0000	10.0000	40.0000	0.103601374
250.0000	10.0000	40.0000	0.368777500
260.0000	10.0000	40.0000	1.501037200
270.0000	10.0000	40.0000	5.998982400
280.0000	10.0000	40.0000	10.023847000
290.0000	10.0000	40.0000	1.688845000
300.0000	10.0000	40.0000	0.635073600
310.0000	10.0000	40.0000	0.129744750
320.0000	10.0000	40.0000	0.058348310
330.0000	10.0000	40.0000	0.071460930
340.0000	10.0000	40.0000	1.127852900
350.0000	10.0000	40.0000	2.096544000
360.0000	10.0000	40.0000	1.000000000
0.0000	20.0000	40.0000	0.957959350
10.0000	20.0000	40.0000	1.569426000
20.0000	20.0000	40.0000	1.748924100
30.0000	20.0000	40.0000	0.345372300
40.0000	20.0000	40.0000	0.087479750
50.0000	20.0000	40.0000	0.096865460
60.0000	20.0000	40.0000	0.196382340
70.0000	20.0000	40.0000	0.368646500
80.0000	20.0000	40.0000	0.937666000
90.0000	20.0000	40.0000	4.629510400
100.0000	20.0000	40.0000	1.903144200
110.0000	20.0000	40.0000	0.463341900
120.0000	20.0000	40.0000	0.471492080
130.0000	20.0000	40.0000	0.240456030
140.0000	20.0000	40.0000	0.105987930
150.0000	20.0000	40.0000	0.160594870
160.0000	20.0000	40.0000	0.735567570
170.0000	20.0000	40.0000	1.425550100
180.0000	20.0000	40.0000	0.505822600
190.0000	20.0000	40.0000	0.465209720
200.0000	20.0000	40.0000	0.927522540
210.0000	20.0000	40.0000	0.690872600
220.0000	20.0000	40.0000	0.183278290
230.0000	20.0000	40.0000	0.200837790
240.0000	20.0000	40.0000	0.387001480
250.0000	20.0000	40.0000	0.355637200
260.0000	20.0000	40.0000	0.876693550
270.0000	20.0000	40.0000	3.417807300
280.0000	20.0000	40.0000	0.963708800
290.0000	20.0000	40.0000	0.396412300
300.0000	20.0000	40.0000	0.920551660
310.0000	20.0000	40.0000	0.353096800
320.0000	20.0000	40.0000	0.127272640
330.0000	20.0000	40.0000	0.132739620
340.0000	20.0000	40.0000	0.426900570
350.0000	20.0000	40.0000	1.123017100
360.0000	20.0000	40.0000	1.000000000
0.0000	30.0000	40.0000	0.998346000
10.0000	30.0000	40.0000	0.994598150
20.0000	30.0000	40.0000	1.738968500
30.0000	30.0000	40.0000	0.543732050
40.0000	30.0000	40.0000	0.198830960
50.0000	30.0000	40.0000	0.305406450
60.0000	30.0000	40.0000	0.284046470
70.0000	30.0000	40.0000	0.286439750
80.0000	30.0000	40.0000	0.447496060
90.0000	30.0000	40.0000	0.917778970
100.0000	30.0000	40.0000	0.813927650
110.0000	30.0000	40.0000	0.279505220
120.0000	30.0000	40.0000	0.272636300
130.0000	30.0000	40.0000	0.340176940
140.0000	30.0000	40.0000	0.293667820
150.0000	30.0000	40.0000	0.546050670
160.0000	30.0000	40.0000	0.900964100
170.0000	30.0000	40.0000	1.215220000
180.0000	30.0000	40.0000	0.973456500
190.0000	30.0000	40.0000	0.784537600
200.0000	30.0000	40.0000	1.116541900
210.0000	30.0000	40.0000	1.097719100
220.0000	30.0000	40.0000	0.814999500
230.0000	30.0000	40.0000	0.596216600
240.0000	30.0000	40.0000	0.278693700
250.0000	30.0000	40.0000	0.236371580
260.0000	30.0000	40.0000	0.361423820
270.0000	30.0000	40.0000	0.767692270
280.0000	30.0000	40.0000	0.619443660
290.0000	30.0000	40.0000	0.476768640
300.0000	30.0000	40.0000	0.672340100
310.0000	30.0000	40.0000	0.366135450
320.0000	30.0000	40.0000	0.235532980
330.0000	30.0000	40.0000	0.245182250
340.0000	30.0000	40.0000	0.478004570
350.0000	30.0000	40.0000	1.169856400
360.0000	30.0000	40.0000	1.000000000
0.0000	40.0000	40.0000	0.986194200
10.0000	40.0000	40.0000	0.955273900
20.0000	40.0000	40.0000	1.583686800
30.0000	40.0000	40.0000	0.894682200
40.0000	40.0000	40.0000	0.496550200
50.0000	40.0000	40.0000	0.426709560
60.0000	40.0000	40.0000	0.329096400
70.0000	40.0000	40.0000	0.354973380
80.0000	40.0000	40.0000	0.439641300
90.0000	40.0000	40.0000	0.677631300
100.0000	40.0000	40.0000	0.485178350
110.0000	40.0000	40.0000	0.212892760
120.0000	40.0000	40.0000	0.243116600
130.0000	40.0000	40.0000	0.607553540
140.0000	40.0000	40.0000	0.817744700
150.0000	40.0000	40.0000	1.500795600
160.0000	40.0000	40.0000	1.244405600
170.0000	40.0000	40.0000	0.605422800
180.0000	40.0000	40.0000	0.801718300
190.0000	40.0000	40.0000	0.686138030
200.0000	40.0000	40.0000	0.825901270
210.0000	40.0000	40.0000	2.436654000
220.0000	40.0000	40.0000	2.251103900
230.0000	40.0000	40.0000	0.992255000
240.0000	40.0000	40.0000	0.330079320
250.0000	40.0000	40.0000	0.211835620
260.0000	40.0000	40.0000	0.369326230
270.0000	40.0000	40.0000	0.958922800
280.0000	40.0000	40.0000	0.892140800
290.0000	40.0000	40.0000	0.180171400
300.0000	40.0000	40.0000	0.084816515
310.0000	40.0000	40.0000	0.153625680
320.0000	40.0000	40.0000	0.334211020
330.0000	40.0000	40.0000	0.439387080
340.0000	40.0000	40.0000	1.088002100
350.0000	40.0000	40.0000	1.303373600
360.0000	40.0000	40.0000	1.000000000
0.0000	50.0000	40.0000	1.095921200
10.0000	50.0000	40.0000	0.870424450
20.0000	50.0000	40.0000	0.913730100
30.0000	50.0000	40.0000	2.103611000
40.0000	50.0000	40.0000	1.532481900
50.0000	50.0000	40.0000	0.470573750
60.0000	50.0000	40.0000	0.340448100
70.0000	50.0000	40.0000	0.484770660
80.0000	50.0000	40.0000	1.073634100
90.0000	50.0000	40.0000	1.731633400
100.0000	50.0000	40.0000	0.820588230
110.0000	50.0000	40.0000	0.503915100
120.0000	50.0000	40.0000	0.729575750
130.0000	50.0000	40.0000	1.363482800
140.0000	50.0000	40.0000	2.042867200
150.0000	50.0000	40.0000	2.873980000
160.0000	50.0000	40.0000	1.839415900
170.0000	50.0000	40.0000	0.451606330
180.0000	50.0000	40.0000	0.466235900
190.0000	50.0000	40.0000	0.315446380
200.0000	50.0000	40.0000	0.439791920
210.0000	50.0000	40.0000	3.473147000
220.0000	50.0000	40.0000	2.938549800
230.0000	50.0000	40.0000	0.761551560
240.0000	50.0000	40.0000	0.624996360
250.0000	50.0000	40.0000	0.630303860
260.0000	50.0000	40.0000	1.062404800
270.0000	50.0000	40.0000	3.834561800
280.0000	50.0000	40.0000	2.557051700
290.0000	50.0000	40.0000	0.312735230
300.0000	50.0000	40.0000	0.221948770
310.0000	50.0000	40.0000	0.560775160
320.0000	50.0000	40.0000	1.222261400
330.0000	50.0000	40.0000	1.348818700
340.0000	50.0000	40.0000	1.380335800
350.0000	50.0000	40.0000	0.708045200
360.0000	50.0000	40.0000	1.000000000
0.0000	60.0000	40.0000	0.980948030
10.0000	60.0000	40.0000	0.761446500
20.0000	60.0000	40.0000	0.808234300
30.0000	60.0000	40.0000	4.053067000
40.0000	60.0000	40.0000	1.631075000
50.0000	60.0000	40.0000	0.200713520
60.0000	60.0000	40.0000	0.255219300
70.0000	60.0000	40.0000	0.466026280
80.0000	60.0000	40.0000	0.792558970
90.0000	60.0000	40.0000	1.344612800
100.0000	60.0000	40.0000	1.573073300
110.0000	60.0000	40.0000	1.886398600
120.0000	60.0000	40.0000	1.003592400
130.0000	60.0000	40.0000	0.833033700
140.0000	60.0000	40.0000	1.594440700
150.0000	60.0000	40.0000	1.932548200
160.0000	60.0000	40.0000	1.484806100
170.0000	60.0000	40.0000	0.633676100
180.0000	60.0000	40.0000	0.388539760
190.0000	60.0000	40.0000	0.333667930
200.0000	60.0000	40.0000	0.496569300
210.0000	60.0000	40.0000	1.627019600
220.0000	60.0000	40.0000	0.995274960
230.0000	60.0000	40.0000	0.310951170
240.0000	60.0000	40.0000	0.636471750
250.0000	60.0000	40.0000	1.156123800
260.0000	60.0000	40.0000	0.947504040
270.0000	60.0000	40.0000	2.533239800
280.0000	60.0000	40.0000	2.731938000
290.0000	60.0000	40.0000	0.682712440
300.0000	60.0000	40.0000	0.382997480
310.0000	60.0000	40.0000	0.364845720
320.0000	60.0000	40.0000	0.929860700
330.0000	60.0000	40.0000	3.261507000
340.0000	60.0000	40.0000	2.135593400
350.0000	60.0000	40.0000	0.644495070
360.0000	60.0000	40.0000	1.000000000
0.0000	70.0000	40.0000	0.594298960
10.0000	70.0000	40.0000	0.696688500
20.0000	70.0000	40.0000	1.414112700
30.0000	70.0000	40.0000	2.184774400
40.0000	70.0000	40.0000	0.630416400
50.0000	70.0000	40.0000	0.119348550
60.0000	70.0000	40.0000	0.172178520
70.0000	70.0000	40.0000	0.298869730
80.0000	70.0000	40.0000	0.281121430
90.0000	70.0000	40.0000	0.455248650
100.0000	70.0000	40.0000	1.126645900
110.0000	70.0000	40.0000	2.306223000
120.0000	70.0000	40.0000	0.802312300
130.0000	70.0000	40.0000	0.269521920
140.0000	70.0000	40.0000	0.358089030
150.0000	70.0000	40.0000	0.552275300
160.0000	70.0000	40.0000	0.948425530
170.0000	70.0000	40.0000	1.028225100
180.0000	70.0000	40.0000	0.562125500
190.0000	70.0000	40.0000	0.521591600
200.0000	70.0000	40.0000	0.665444250
210.0000	70.0000	40.0000	0.495376000
220.0000	70.0000	40.0000	0.277337600
230.0000	70.0000	40.0000	0.180141360
240.0000	70.0000	40.0000	0.354666320
250.0000	70.0000	40.0000	0.889786000
260.0000	70.0000	40.0000	0.624391440
270.0000	70.0000	40.0000	1.102189900
280.0000	70.0000	40.0000	1.207185500
290.0000	70.0000	40.0000	0.711660700
300.0000	70.0000	40.0000	0.386863230
310.0000	70.0000	40.0000	0.146153610
320.0000	70.0000	40.0000	0.356317520
330.0000	70.0000	40.0000	1.908177400
340.0000	70.0000	40.0000	1.327914000
350.0000	70.0000	40.0000	0.813831870
360.0000	70.0000	40.0000	1.000000000
0.0000	80.0000	40.0000	0.559222640
10.0000	80.0000	40.0000	0.582061400
20.0000	80.0000	40.0000	1.627211300
30.0000	80.0000	40.0000	0.979694900
40.0000	80.0000	40.0000	0.922933500
50.0000	80.0000	40.0000	1.346171700
60.0000	80.0000	40.0000	1.013203100
70.0000	80.0000	40.0000	1.331238500
80.0000	80.0000	40.0000	0.668628450
90.0000	80.0000	40.0000	0.974550000
100.0000	80.0000	40.0000	3.176656200
110.0000	80.0000	40.0000	3.675775000
120.0000	80.0000	40.0000	1.032628000
130.0000	80.0000	40.0000	0.494719540
140.0000	80.0000	40.0000	0.377712800
150.0000	80.0000	40.0000	0.528078800
160.0000	80.0000	40.0000	1.296097500
170.0000	80.0000	40.0000	0.881612200
180.0000	80.0000	40.0000	0.718210340
190.0000	80.0000	40.0000	1.301893500
200.0000	80.0000	40.0000	1.786711900
210.0000	80.0000	40.0000	0.471667830
220.0000	80.0000	40.0000	0.381076840
230.0000	80.0000	40.0000	0.703761400
240.0000	80.0000	40.0000	0.756869200
250.0000	80.0000	40.0000	1.569068100
260.0000	80.0000	40.0000	1.727198000
270.0000	80.0000	40.0000	2.049662400
280.0000	80.0000	40.0000	2.077159400
290.0000	80.0000	40.0000	1.342502500
300.0000	80.0000	40.0000	0.490820470
310.0000	80.0000	40.0000	0.246118930
320.0000	80.0000	40.0000	0.313306200
330.0000	80.0000	40.0000	0.649806700
340.0000	80.0000	40.0000	0.807374840
350.0000	80.0000	40.0000	1.007980200
360.0000	80.0000	40.0000	1.000000000
0.0000	90.0000	40.0000	0.511742900
10.0000	90.0000	40.0000	0.382729260
20.0000	90.0000	40.0000	1.369479200
30.0000	90.0000	40.0000	0.815155700
40.0000	90.0000	40.0000	1.236869700
50.0000	90.0000	40.0000	2.921322300
60.0000	90.0000	40.0000	2.117543000
70.0000	90.0000	40.0000	4.477177600
80.0000	90.0000	40.0000	1.645165200
90.0000	90.0000	40.0000	2.097948000
100.0000	90.0000	40.0000	8.524553000
110.0000	90.0000	40.0000	8.088019000
120.0000	90.0000	40.0000	1.814665300
130.0000	90.0000	40.0000	1.980146900
140.0000	90.0000	40.0000	0.719753400
150.0000	90.0000	40.0000	0.754432560
160.0000	90.0000	40.0000	1.874117600
170.0000	90.0000	40.0000	0.522244900
180.0000	90.0000	40.0000	0.639272100
190.0000	90.0000	40.0000	2.005872700
200.0000	90.0000	40.0000	2.770647800
210.0000	90.0000	40.0000	0.530164660
220.0000	90.0000	40.0000	0.639792260
230.0000	90.0000	40.0000	1.853174400
240.0000	90.0000	40.0000	1.807900400
250.0000	90.0000	40.0000	4.235750700
260.0000	90.0000	40.0000	3.127983300
270.0000	90.0000	40.0000	2.843817200
280.0000	90.0000	40.0000	3.457691700
290.0000	90.0000	40.0000	2.467462300
300.0000	90.0000	40.0000	0.697386260
310.0000	90.0000	40.0000	0.491532400
320.0000	90.0000	40.0000	0.361343860
330.0000	90.0000	40.0000	0.541875500
340.0000	90.0000	40.0000	1.219240000
350.0000	90.0000	40.0000	1.746360700
360.0000	90.0000	40.0000	1.000000000
0.0000	0.0000	50.0000	1.000000000
10.0000	0.0000	50.0000	1.000000000
20.0000	0.0000	50.0000	1.000000000
30.0000	0.0000	50.0000	1.000000000
40.0000	0.0000	50.0000	1.000000000
50.0000	0.0000	50.0000	1.000000000
60.0000	0.0000	50.0000	1.000000000
70.0000	0.0000	50.0000	1.000000000
80.0000	0.0000	50.0000	1.000000000
90.0000	0.0000	50.0000	1.000000000
100.0000	0.0000	50.0000	1.000000000
110.0000	0.0000	50.0000	1.000000000
120.0000	0.0000	50.0000	1.000000000
130.0000	0.0000	50.0000	1.000000000
140.0000	0.0000	50.0000	1.000000000
150.0000	0.0000	50.0000	1.000000000
160.0000	0.0000	50.0000	1.000000000
170.0000	0.0000	50.0000	1.000000000
180.0000	0.0000	50.0000	1.000000000
190.0000	0.0000	50.0000	1.000000000
200.0000	0.0000	50.0000	1.000000000
210.0000	0.0000	50.0000	1.000000000
220.0000	0.0000	50.0000	1.000000000
230.0000	0.0000	50.0000	1.000000000
240.0000	0.0000	50.0000	1.000000000
250.0000	0.0000	50.0000	1.000000000
260.0000	0.0000	50.0000	1.000000000
270.0000	0.0000	50.0000	1.000000000
280.0000	0.0000	50.0000	1.000000000
290.0000	0.0000	50.0000	1.000000000
300.0000	0.0000	50.0000	1.000000000
310.0000	0.0000	50.0000	1.000000000
320.0000	0.0000	50.0000	1.000000000
330.0000	0.0000	50.0000	1.000000000
340.0000	0.0000	50.0000	1.000000000
350.0000	0.0000	50.0000	1.000000000
360.0000	0.0000	50.0000	1.000000000
0.0000	10.0000	50.0000	0.551699300
10.0000	10.0000	50.0000	2.905365200
20.0000	10.0000	50.0000	2.385370000
30.0000	10.0000	50.0000	0.052562410
40.0000	10.0000	50.0000	0.043846082
50.0000	10.0000	50.0000	0.116829080
60.0000	10.0000	50.0000	1.180715600
70.0000	10.0000	50.0000	3.451661300
80.0000	10.0000	50.0000	2.869719000
90.0000	10.0000	50.0000	6.174903400
100.0000	10.0000	50.0000	7.080244500
110.0000	10.0000	50.0000	0.353942330
120.0000	10.0000	50.0000	0.067727715
130.0000	10.0000	50.0000	0.044835635
140.0000	10.0000	50.0000	0.078512770
150.0000	10.0000	50.0000	0.282802500
160.0000	10.0000	50.0000	1.796405300
170.0000	10.0000	50.0000	0.909849050
180.0000	10.0000	50.0000	0.303227960
190.0000	10.0000	50.0000	0.912460400
200.0000	10.0000	50.0000	0.572829840
210.0000	10.0000	50.0000	0.050208340
220.0000	10.0000	50.0000	0.043212596
230.0000	10.0000	50.0000	0.175554750
240.0000	10.0000	50.0000	1.093355900
250.0000	10.0000	50.0000	1.712725300
260.0000	10.0000	50.0000	2.846214500
270.0000	10.0000	50.0000	6.634456600
280.0000	10.0000	50.0000	8.746122000
290.0000	10.0000	50.0000	0.489869620
300.0000	10.0000	50.0000	0.107105440
310.0000	10.0000	50.0000	0.072003270
320.0000	10.0000	50.0000	0.100050130
330.0000	10.0000	50.0000	0.308444800
340.0000	10.0000	50.0000	1.630476400
350.0000	10.0000	50.0000	1.549579300
360.0000	10.0000	50.0000	1.000000000
0.0000	20.0000	50.0000	0.997937700
10.0000	20.0000	50.0000	1.925499700
20.0000	20.0000	50.0000	0.650027400
30.0000	20.0000	50.0000	0.094867125
40.0000	20.0000	50.0000	0.079825720
50.0000	20.0000	50.0000	0.173168960
60.0000	20.0000	50.0000	0.528503540
70.0000	20.0000	50.0000	0.820650300
80.0000	20.0000	50.0000	1.343549400
90.0000	20.0000	50.0000	4.081309000
100.0000	20.0000	50.0000	1.592675900
110.0000	20.0000	50.0000	0.338233600
120.0000	20.0000	50.0000	0.260839220
130.0000	20.0000	50.0000	0.139075320
140.0000	20.0000	50.0000	0.143974810
150.0000	20.0000	50.0000	0.584055600
160.0000	20.0000	50.0000	1.363695100
170.0000	20.0000	50.0000	0.876974100
180.0000	20.0000	50.0000	0.589848200
190.0000	20.0000	50.0000	0.775768000
200.0000	20.0000	50.0000	0.618581400
210.0000	20.0000	50.0000	0.192042900
220.0000	20.0000	50.0000	0.092552650
230.0000	20.0000	50.0000	0.244870510
240.0000	20.0000	50.0000	0.666446030
250.0000	20.0000	50.0000	0.429236050
260.0000	20.0000	50.0000	0.868245900
270.0000	20.0000	50.0000	3.537017000
280.0000	20.0000	50.0000	1.006929000
290.0000	20.0000	50.0000	0.248449000
300.0000	20.0000	50.0000	0.402710830
310.0000	20.0000	50.0000	0.207302840
320.0000	20.0000	50.0000	0.126833000
330.0000	20.0000	50.0000	0.334168520
340.0000	20.0000	50.0000	0.956546000
350.0000	20.0000	50.0000	0.929327000
360.0000	20.0000	50.0000	1.000000000
0.0000	30.0000	50.0000	0.900367260
10.0000	30.0000	50.0000	0.944187940
20.0000	30.0000	50.0000	0.401228550
30.0000	30.0000	50.0000	0.192592460
40.0000	30.0000	50.0000	0.137690160
50.0000	30.0000	50.0000	0.334491130
60.0000	30.0000	50.0000	0.417785020
70.0000	30.0000	50.0000	0.380599470
80.0000	30.0000	50.0000	0.507594760
90.0000	30.0000	50.0000	0.901391740
100.0000	30.0000	50.0000	0.841863450
110.0000	30.0000	50.0000	0.335229000
120.0000	30.0000	50.0000	0.260533800
130.0000	30.0000	50.0000	0.220203030
140.0000	30.0000	50.0000	0.419088600
150.0000	30.0000	50.0000	1.305369300
160.0000	30.0000	50.0000	1.645236100
170.0000	30.0000	50.0000	0.908822800
180.0000	30.0000	50.0000	1.330721600
190.0000	30.0000	50.0000	1.749784800
200.0000	30.0000	50.0000	1.200130200
210.0000	30.0000	50.0000	0.867632400
220.0000	30.0000	50.0000	0.412912200
230.0000	30.0000	50.0000	0.286696430
240.0000	30.0000	50.0000	0.359189330
250.0000	30.0000	50.0000	0.277384000
260.0000	30.0000	50.0000	0.325274560
270.0000	30.0000	50.0000	0.739476900
280.0000	30.0000	50.0000	0.517125300
290.0000	30.0000	50.0000	0.310739070
300.0000	30.0000	50.0000	0.533560340
310.0000	30.0000	50.0000	0.580891130
320.0000	30.0000	50.0000	0.292164560
330.0000	30.0000	50.0000	0.442912640
340.0000	30.0000	50.0000	1.207274400
350.0000	30.0000	50.0000	0.719773600
360.0000	30.0000	50.0000	1.000000000
0.0000	40.0000	50.0000	0.902118560
10.0000	40.0000	50.0000	1.077235900
20.0000	40.0000	50.0000	0.902644340
30.0000	40.0000	50.0000	0.547430630
40.0000	40.0000	50.0000	0.375736100
50.0000	40.0000	50.0000	0.210100130
60.0000	40.0000	50.0000	0.125864480
70.0000	40.0000	50.0000	0.160663300
80.0000	40.0000	50.0000	0.506419540
90.0000	40.0000	50.0000	0.775228140
100.0000	40.0000	50.0000	0.490364640
110.0000	40.0000	50.0000	0.277025760
120.0000	40.0000	50.0000	0.286998630
130.0000	40.0000	50.0000	0.464804830
140.0000	40.0000	50.0000	1.761691700
150.0000	40.0000	50.0000	3.290044000
160.0000	40.0000	50.0000	1.101233700
170.0000	40.0000	50.0000	0.623827000
180.0000	40.0000	50.0000	1.310276400
190.0000	40.0000	50.0000	1.404923700
200.0000	40.0000	50.0000	1.441453500
210.0000	40.0000	50.0000	2.418349700
220.0000	40.0000	50.0000	1.358209700
230.0000	40.0000	50.0000	0.584148800
240.0000	40.0000	50.0000	0.157696320
250.0000	40.0000	50.0000	0.119382980
260.0000	40.0000	50.0000	0.292411240
270.0000	40.0000	50.0000	0.734982600
280.0000	40.0000	50.0000	0.532510640
290.0000	40.0000	50.0000	0.372539600
300.0000	40.0000	50.0000	0.292221800
310.0000	40.0000	50.0000	0.415037840
320.0000	40.0000	50.0000	0.584747100
330.0000	40.0000	50.0000	0.713684100
340.0000	40.0000	50.0000	1.204024200
350.0000	40.0000	50.0000	0.519536800
360.0000	40.0000	50.0000	1.000000000
0.0000	50.0000	50.0000	1.074780300
10.0000	50.0000	50.0000	1.315736200
20.0000	50.0000	50.0000	1.542705900
30.0000	50.0000	50.0000	2.143104300
40.0000	50.0000	50.0000	1.335671500
50.0000	50.0000	50.0000	0.388500750
60.0000	50.0000	50.0000	0.210540250
70.0000	50.0000	50.0000	0.277641200
80.0000	50.0000	50.0000	1.641385200
90.0000	50.0000	50.0000	3.019173600
100.0000	50.0000	50.0000	0.820173140
110.0000	50.0000	50.0000	0.509423430
120.0000	50.0000	50.0000	0.737288800
130.0000	50.0000	50.0000	1.080927400
140.0000	50.0000	50.0000	3.830284600
150.0000	50.0000	50.0000	4.563697000
160.0000	50.0000	50.0000	0.534226300
170.0000	50.0000	50.0000	0.258569120
180.0000	50.0000	50.0000	0.616944700
190.0000	50.0000	50.0000	0.789301340
200.0000	50.0000	50.0000	1.267371700
210.0000	50.0000	50.0000	2.949927000
220.0000	50.0000	50.0000	2.571096200
230.0000	50.0000	50.0000	1.329773400
240.0000	50.0000	50.0000	0.560228050
250.0000	50.0000	50.0000	0.437021700
260.0000	50.0000	50.0000	0.975059000
270.0000	50.0000	50.0000	2.145792000
280.0000	50.0000	50.0000	1.125753300
290.0000	50.0000	50.0000	0.464209000
300.0000	50.0000	50.0000	0.368511970
310.0000	50.0000	50.0000	0.609015050
320.0000	50.0000	50.0000	1.422450200
330.0000	50.0000	50.0000	1.641076400
340.0000	50.0000	50.0000	0.729610260
350.0000	50.0000	50.0000	0.318790320
360.0000	50.0000	50.0000	1.000000000
0.0000	60.0000	50.0000	0.828242600
10.0000	60.0000	50.0000	1.048015100
20.0000	60.0000	50.0000	2.611562500
30.0000	60.0000	50.0000	5.460031000
40.0000	60.0000	50.0000	1.006041800
50.0000	60.0000	50.0000	0.298812420
60.0000	60.0000	50.0000	0.452382400
70.0000	60.0000	50.0000	0.870266700
80.0000	60.0000	50.0000	1.839206100
90.0000	60.0000	50.0000	2.776286000
100.0000	60.0000	50.0000	1.629114300
110.0000	60.0000	50.0000	1.109009900
120.0000	60.0000	50.0000	0.542326300
130.0000	60.0000	50.0000	0.485632700
140.0000	60.0000	50.0000	1.306669000
150.0000	60.0000	50.0000	1.509688700
160.0000	60.0000	50.0000	0.439854380
170.0000	60.0000	50.0000	0.269460800
180.0000	60.0000	50.0000	0.407453660
190.0000	60.0000	50.0000	0.753229400
200.0000	60.0000	50.0000	1.171586600
210.0000	60.0000	50.0000	1.792573300
220.0000	60.0000	50.0000	1.394511500
230.0000	60.0000	50.0000	0.676543300
240.0000	60.0000	50.0000	1.144701600
250.0000	60.0000	50.0000	2.236088500
260.0000	60.0000	50.0000	1.302389500
270.0000	60.0000	50.0000	1.675954700
280.0000	60.0000	50.0000	1.169714500
290.0000	60.0000	50.0000	0.424807250
300.0000	60.0000	50.0000	0.323300200
310.0000	60.0000	50.0000	0.272625400
320.0000	60.0000	50.0000	1.056289800
330.0000	60.0000	50.0000	2.124086600
340.0000	60.0000	50.0000	0.501232270
350.0000	60.0000	50.0000	0.252034630
360.0000	60.0000	50.0000	1.000000000
0.0000	70.0000	50.0000	0.514485900
10.0000	70.0000	50.0000	0.912636000
20.0000	70.0000	50.0000	2.968877300
30.0000	70.0000	50.0000	3.060260500
40.0000	70.0000	50.0000	0.403482350
50.0000	70.0000	50.0000	0.180849940
60.0000	70.0000	50.0000	0.605360150
70.0000	70.0000	50.0000	1.017909600
80.0000	70.0000	50.0000	1.158164700
90.0000	70.0000	50.0000	1.480095600
100.0000	70.0000	50.0000	1.123770000
110.0000	70.0000	50.0000	0.818188400
120.0000	70.0000	50.0000	0.253779050
130.0000	70.0000	50.0000	0.177268600
140.0000	70.0000	50.0000	0.268010080
150.0000	70.0000	50.0000	0.560250300
160.0000	70.0000	50.0000	0.855945200
170.0000	70.0000	50.0000	0.523746400
180.0000	70.0000	50.0000	0.545480100
190.0000	70.0000	50.0000	0.861395100
200.0000	70.0000	50.0000	0.734833660
210.0000	70.0000	50.0000	0.542817060
220.0000	70.0000	50.0000	0.284643300
230.0000	70.0000	50.0000	0.222888900
240.0000	70.0000	50.0000	0.962877800
250.0000	70.0000	50.0000	2.295486700
260.0000	70.0000	50.0000	0.836499500
270.0000	70.0000	50.0000	0.449390350
280.0000	70.0000	50.0000	0.316715100
290.0000	70.0000	50.0000	0.293122530
300.0000	70.0000	50.0000	0.180339070
310.0000	70.0000	50.0000	0.106554370
320.0000	70.0000	50.0000	0.453175220
330.0000	70.0000	50.0000	1.450851700
340.0000	70.0000	50.0000	0.614470100
350.0000	70.0000	50.0000	0.423767500
360.0000	70.0000	50.0000	1.000000000
0.0000	80.0000	50.0000	0.575509000
10.0000	80.0000	50.0000	0.877257940
20.0000	80.0000	50.0000	2.517799400
30.0000	80.0000	50.0000	1.027858700
40.0000	80.0000	50.0000	0.387607280
50.0000	80.0000	50.0000	0.344554630
60.0000	80.0000	50.0000	0.966653470
70.0000	80.0000	50.0000	1.700158200
80.0000	80.0000	50.0000	2.732706500
90.0000	80.0000	50.0000	3.922953600
100.0000	80.0000	50.0000	3.924288500
110.0000	80.0000	50.0000	2.298762600
120.0000	80.0000	50.0000	1.114772100
130.0000	80.0000	50.0000	1.200485500
140.0000	80.0000	50.0000	0.418439450
150.0000	80.0000	50.0000	0.609408260
160.0000	80.0000	50.0000	1.922246900
170.0000	80.0000	50.0000	0.595638040
180.0000	80.0000	50.0000	0.593867360
190.0000	80.0000	50.0000	1.182954700
200.0000	80.0000	50.0000	0.684471130
210.0000	80.0000	50.0000	0.345341030
220.0000	80.0000	50.0000	0.247113200
230.0000	80.0000	50.0000	0.321290730
240.0000	80.0000	50.0000	0.964643240
250.0000	80.0000	50.0000	1.872984200
260.0000	80.0000	50.0000	1.288616300
270.0000	80.0000	50.0000	0.630604800
280.0000	80.0000	50.0000	0.621226200
290.0000	80.0000	50.0000	0.870217740
300.0000	80.0000	50.0000	0.610620900
310.0000	80.0000	50.0000	0.595568300
320.0000	80.0000	50.0000	0.608824730
330.0000	80.0000	50.0000	1.064510000
340.0000	80.0000	50.0000	1.346523500
350.0000	80.0000	50.0000	0.864152850
360.0000	80.0000	50.0000	1.000000000
0.0000	90.0000	50.0000	0.533036350
10.0000	90.0000	50.0000	0.649450200
20.0000	90.0000	50.0000	3.399859400
30.0000	90.0000	50.0000	0.980084100
40.0000	90.0000	50.0000	0.666781070
50.0000	90.0000	50.0000	1.321705200
60.0000	90.0000	50.0000	1.898136300
70.0000	90.0000	50.0000	4.637108000
80.0000	90.0000	50.0000	5.515723000
90.0000	90.0000	50.0000	6.962127700
100.0000	90.0000	50.0000	10.801750000
110.0000	90.0000	50.0000	6.833943400
120.0000	90.0000	50.0000	2.426069000
130.0000	90.0000	50.0000	2.779677000
140.0000	90.0000	50.0000	0.710879200
150.0000	90.0000	50.0000	0.644733900
160.0000	90.0000	50.0000	2.156481700
170.0000	90.0000	50.0000	0.383878830
180.0000	90.0000	50.0000	0.515936300
190.0000	90.0000	50.0000	1.543370800
200.0000	90.0000	50.0000	1.069206400
210.0000	90.0000	50.0000	0.405325470
220.0000	90.0000	50.0000	0.452266160
230.0000	90.0000	50.0000	0.849507150
240.0000	90.0000	50.0000	1.299212600
250.0000	90.0000	50.0000	2.313956700
260.0000	90.0000	50.0000	1.314008000
270.0000	90.0000	50.0000	1.032718800
280.0000	90.0000	50.0000	1.558329700
290.0000	90.0000	50.0000	2.717686000
300.0000	90.0000	50.0000	1.546062400
310.0000	90.0000	50.0000	1.630928800
320.0000	90.0000	50.0000	0.816393800
330.0000	90.0000	50.0000	0.890660170
340.0000	90.0000	50.0000	1.655634800
350.0000	90.0000	50.0000	1.108686400
360.0000	90.0000	50.0000	1.000000000
0.0000	0.0000	60.0000	1.000000000
10.0000	0.0000	60.0000	1.000000000
20.0000	0.0000	60.0000	1.000000000
30.0000	0.0000	60.0000	1.000000000
40.0000	0.0000	60.0000	1.000000000
50.0000	0.0000	60.0000	1.000000000
60.0000	0.0000	60.0000	1.000000000
70.0000	0.0000	60.0000	1.000000000
80.0000	0.0000	60.0000	1.000000000
90.0000	0.0000	60.0000	1.000000000
100.0000	0.0000	60.0000	1.000000000
110.0000	0.0000	60.0000	1.000000000
120.0000	0.0000	60.0000	1.000000000
130.0000	0.0000	60.0000	1.000000000
140.0000	0.0000	60.0000	1.000000000
150.0000	0.0000	60.0000	1.000000000
160.0000	0.0000	60.0000	1.000000000
170.0000	0.0000	60.0000	1.000000000
180.0000	0.0000	60.0000	1.000000000
190.0000	0.0000	60.0000	1.000000000
200.0000	0.0000	60.0000	1.000000000
210.0000	0.0000	60.0000	1.000000000
220.0000	0.0000	60.0000	1.000000000
230.0000	0.0000	60.0000	1.000000000
240.0000	0.0000	60.0000	1.000000000
250.0000	0.0000	60.0000	1.000000000
260.0000	0.0000	60.0000	1.000000000
270.0000	0.0000	60.0000	1.000000000
280.0000	0.0000	60.0000	1.000000000
290.0000	0.0000	60.0000	1.000000000
300.0000	0.0000	60.0000	1.000000000
310.0000	0.0000	60.0000	1.000000000
320.0000	0.0000	60.0000	1.000000000
330.0000	0.0000	60.0000	1.000000000
340.0000	0.0000	60.0000	1.000000000
350.0000	0.0000	60.0000	1.000000000
360.0000	0.0000	60.0000	1.000000000
0.0000	10.0000	60.0000	0.785770600
10.0000	10.0000	60.0000	3.459205900
20.0000	10.0000	60.0000	0.718995330
30.0000	10.0000	60.0000	0.071523900
40.0000	10.0000	60.0000	0.189197900
50.0000	10.0000	60.0000	0.775564970
60.0000	10.0000	60.0000	2.263551700
70.0000	10.0000	60.0000	2.933450700
80.0000	10.0000	60.0000	2.188644400
90.0000	10.0000	60.0000	0.553001700
100.0000	10.0000	60.0000	0.108715580
110.0000	10.0000	60.0000	0.071987870
120.0000	10.0000	60.0000	0.053977743
130.0000	10.0000	60.0000	0.097449526
140.0000	10.0000	60.0000	0.529800300
150.0000	10.0000	60.0000	0.681452100
160.0000	10.0000	60.0000	1.027193300
170.0000	10.0000	60.0000	1.090981400
180.0000	10.0000	60.0000	0.492203240
190.0000	10.0000	60.0000	0.869969370
200.0000	10.0000	60.0000	0.224094120
210.0000	10.0000	60.0000	0.069672720
220.0000	10.0000	60.0000	0.235066730
230.0000	10.0000	60.0000	1.289851900
240.0000	10.0000	60.0000	1.725806000
250.0000	10.0000	60.0000	1.417121400
260.0000	10.0000	60.0000	4.045239000
270.0000	10.0000	60.0000	1.737427000
280.0000	10.0000	60.0000	0.333020900
290.0000	10.0000	60.0000	0.241313130
300.0000	10.0000	60.0000	0.111918820
310.0000	10.0000	60.0000	0.176118960
320.0000	10.0000	60.0000	0.751778400
330.0000	10.0000	60.0000	0.851775050
340.0000	10.0000	60.0000	1.517060900
350.0000	10.0000	60.0000	1.786315600
360.0000	10.0000	60.0000	1.000000000
0.0000	20.0000	60.0000	1.634071000
10.0000	20.0000	60.0000	1.847929600
20.0000	20.0000	60.0000	0.149524300
30.0000	20.0000	60.0000	0.065389640
40.0000	20.0000	60.0000	0.281711070
50.0000	20.0000	60.0000	0.568156400
60.0000	20.0000	60.0000	1.931243000
70.0000	20.0000	60.0000	2.485904700
80.0000	20.0000	60.0000	0.236792340
90.0000	20.0000	60.0000	0.099038790
100.0000	20.0000	60.0000	0.174900190
110.0000	20.0000	60.0000	0.146614580
120.0000	20.0000	60.0000	0.126265530
130.0000	20.0000	60.0000	0.278325600
140.0000	20.0000	60.0000	0.839215760
150.0000	20.0000	60.0000	1.566327200
160.0000	20.0000	60.0000	0.808085500
170.0000	20.0000	60.0000	0.892345130
180.0000	20.0000	60.0000	0.987412330
190.0000	20.0000	60.0000	0.540904760
200.0000	20.0000	60.0000	0.173098430
210.0000	20.0000	60.0000	0.102043115
220.0000	20.0000	60.0000	0.224330140
230.0000	20.0000	60.0000	0.466227260
240.0000	20.0000	60.0000	0.855150400
250.0000	20.0000	60.0000	0.588809670
260.0000	20.0000	60.0000	0.331802870
270.0000	20.0000	60.0000	0.430856820
280.0000	20.0000	60.0000	0.433632970
290.0000	20.0000	60.0000	0.156477320
300.0000	20.0000	60.0000	0.146810140
310.0000	20.0000	60.0000	0.206362550
320.0000	20.0000	60.0000	0.443859640
330.0000	20.0000	60.0000	1.273477700
340.0000	20.0000	60.0000	1.174116000
350.0000	20.0000	60.0000	1.032260700
360.0000	20.0000	60.0000	1.000000000
0.0000	30.0000	60.0000	1.170099000
10.0000	30.0000	60.0000	0.637769040
20.0000	30.0000	60.0000	0.064367830
30.0000	30.0000	60.0000	0.084719420
40.0000	30.0000	60.0000	0.217702140
50.0000	30.0000	60.0000	0.321589470
60.0000	30.0000	60.0000	0.578090370
70.0000	30.0000	60.0000	1.256498200
80.0000	30.0000	60.0000	0.447193400
90.0000	30.0000	60.0000	0.154363080
100.0000	30.0000	60.0000	0.251042960
110.0000	30.0000	60.0000	0.323170840
120.0000	30.0000	60.0000	0.319738780
130.0000	30.0000	60.0000	0.351722270
140.0000	30.0000	60.0000	0.957963300
150.0000	30.0000	60.0000	1.330836500
160.0000	30.0000	60.0000	0.558938150
170.0000	30.0000	60.0000	0.967424800
180.0000	30.0000	60.0000	1.972820200
190.0000	30.0000	60.0000	1.451906400
200.0000	30.0000	60.0000	0.795641900
210.0000	30.0000	60.0000	0.488245900
220.0000	30.0000	60.0000	0.391209800
230.0000	30.0000	60.0000	0.362149150
240.0000	30.0000	60.0000	0.424730100
250.0000	30.0000	60.0000	0.368841800
260.0000	30.0000	60.0000	0.260657160
270.0000	30.0000	60.0000	0.290981700
280.0000	30.0000	60.0000	0.228087500
290.0000	30.0000	60.0000	0.110023595
300.0000	30.0000	60.0000	0.315299180
310.0000	30.0000	60.0000	0.311905500
320.0000	30.0000	60.0000	0.354623260
330.0000	30.0000	60.0000	0.821445300
340.0000	30.0000	60.0000	0.777039100
350.0000	30.0000	60.0000	0.720168100
360.0000	30.0000	60.0000	1.000000000
0.0000	40.0000	60.0000	1.265389700
10.0000	40.0000	60.0000	0.807276300
20.0000	40.0000	60.0000	0.232116500
30.0000	40.0000	60.0000	0.238457770
40.0000	40.0000	60.0000	0.337601600
50.0000	40.0000	60.0000	0.266673450
60.0000	40.0000	60.0000	0.152445050
70.0000	40.0000	60.0000	0.390944840
80.0000	40.0000	60.0000	1.289300400
90.0000	40.0000	60.0000	0.918192860
100.0000	40.0000	60.0000	0.599408200
110.0000	40.0000	60.0000	0.506843570
120.0000	40.0000	60.0000	0.409869940
130.0000	40.0000	60.0000	0.661255840
140.0000	40.0000	60.0000	1.770094000
150.0000	40.0000	60.0000	1.036080700
160.0000	40.0000	60.0000	0.285594850
170.0000	40.0000	60.0000	0.774319230
180.0000	40.0000	60.0000	2.096239600
190.0000	40.0000	60.0000	1.333554600
200.0000	40.0000	60.0000	1.503629400
210.0000	40.0000	60.0000	1.518737700
220.0000	40.0000	60.0000	0.850280460
230.0000	40.0000	60.0000	0.394009650
240.0000	40.0000	60.0000	0.198240060
250.0000	40.0000	60.0000	0.199842810
260.0000	40.0000	60.0000	0.442708700
270.0000	40.0000	60.0000	0.735100200
280.0000	40.0000	60.0000	0.480326980
290.0000	40.0000	60.0000	0.495447900
300.0000	40.0000	60.0000	0.681282460
310.0000	40.0000	60.0000	0.641629700
320.0000	40.0000	60.0000	0.422723800
330.0000	40.0000	60.0000	0.447027030
340.0000	40.0000	60.0000	0.326996480
350.0000	40.0000	60.0000	0.475130860
360.0000	40.0000	60.0000	1.000000000
0.0000	50.0000	60.0000	1.753448400
10.0000	50.0000	60.0000	1.451762400
20.0000	50.0000	60.0000	0.766519370
30.0000	50.0000	60.0000	0.640555740
40.0000	50.0000	60.0000	0.679630200
50.0000	50.0000	60.0000	0.296866920
60.0000	50.0000	60.0000	0.126746330
70.0000	50.0000	60.0000	0.219799700
80.0000	50.0000	60.0000	2.120658600
90.0000	50.0000	60.0000	1.741433000
100.0000	50.0000	60.0000	0.571222960
110.0000	50.0000	60.0000	0.465078600
120.0000	50.0000	60.0000	0.673914250
130.0000	50.0000	60.0000	1.556323200
140.0000	50.0000	60.0000	3.002039000
150.0000	50.0000	60.0000	0.494260520
160.0000	50.0000	60.0000	0.097115405
170.0000	50.0000	60.0000	0.334631170
180.0000	50.0000	60.0000	1.268910500
190.0000	50.0000	60.0000	0.776319560
200.0000	50.0000	60.0000	0.641253770
210.0000	50.0000	60.0000	1.327004700
220.0000	50.0000	60.0000	1.527262900
230.0000	50.0000	60.0000	0.569235700
240.0000	50.0000	60.0000	0.272298840
250.0000	50.0000	60.0000	0.290553780
260.0000	50.0000	60.0000	0.495609020
270.0000	50.0000	60.0000	0.925234140
280.0000	50.0000	60.0000	0.630361400
290.0000	50.0000	60.0000	0.612383800
300.0000	50.0000	60.0000	0.695362270
310.0000	50.0000	60.0000	0.642992400
320.0000	50.0000	60.0000	0.486708520
330.0000	50.0000	60.0000	0.299638960
340.0000	50.0000	60.0000	0.175044860
350.0000	50.0000	60.0000	0.339087700
360.0000	50.0000	60.0000	1.000000000
0.0000	60.0000	60.0000	1.216962900
10.0000	60.0000	60.0000	1.088223600
20.0000	60.0000	60.0000	1.521371200
30.0000	60.0000	60.0000	1.619761700
40.0000	60.0000	60.0000	0.718002140
50.0000	60.0000	60.0000	0.461554470
60.0000	60.0000	60.0000	0.649175200
70.0000	60.0000	60.0000	0.950914800
80.0000	60.0000	60.0000	2.053156900
90.0000	60.0000	60.0000	2.586345700
100.0000	60.0000	60.0000	0.510215340
110.0000	60.0000	60.0000	0.361197500
120.0000	60.0000	60.0000	0.339950770
130.0000	60.0000	60.0000	0.493064340
140.0000	60.0000	60.0000	0.923957100
150.0000	60.0000	60.0000	0.490489240
160.0000	60.0000	60.0000	0.144627290
170.0000	60.0000	60.0000	0.261921400
180.0000	60.0000	60.0000	0.458917000
190.0000	60.0000	60.0000	0.530886700
200.0000	60.0000	60.0000	0.496060250
210.0000	60.0000	60.0000	1.247022500
220.0000	60.0000	60.0000	1.376567400
230.0000	60.0000	60.0000	0.683621600
240.0000	60.0000	60.0000	0.885039270
250.0000	60.0000	60.0000	1.509070200
260.0000	60.0000	60.0000	0.665439000
270.0000	60.0000	60.0000	0.520286300
280.0000	60.0000	60.0000	0.420532440
290.0000	60.0000	60.0000	0.318774250
300.0000	60.0000	60.0000	0.386352120
310.0000	60.0000	60.0000	0.373300460
320.0000	60.0000	60.0000	0.571061900
330.0000	60.0000	60.0000	0.524883030
340.0000	60.0000	60.0000	0.188611780
350.0000	60.0000	60.0000	0.271395620
360.0000	60.0000	60.0000	1.000000000
0.0000	70.0000	60.0000	0.404542900
10.0000	70.0000	60.0000	0.459448750
20.0000	70.0000	60.0000	1.065499000
30.0000	70.0000	60.0000	2.336597200
40.0000	70.0000	60.0000	0.680870000
50.0000	70.0000	60.0000	0.595518800
60.0000	70.0000	60.0000	2.056244400
70.0000	70.0000	60.0000	2.236284500
80.0000	70.0000	60.0000	1.711613300
90.0000	70.0000	60.0000	1.148107000
100.0000	70.0000	60.0000	0.362852360
110.0000	70.0000	60.0000	0.366292700
120.0000	70.0000	60.0000	0.256439500
130.0000	70.0000	60.0000	0.264554530
140.0000	70.0000	60.0000	0.455140800
150.0000	70.0000	60.0000	0.539948050
160.0000	70.0000	60.0000	0.292519270
170.0000	70.0000	60.0000	0.231146570
180.0000	70.0000	60.0000	0.286997530
190.0000	70.0000	60.0000	0.561650300
200.0000	70.0000	60.0000	0.382010370
210.0000	70.0000	60.0000	0.845106100
220.0000	70.0000	60.0000	0.660206260
230.0000	70.0000	60.0000	0.471012950
240.0000	70.0000	60.0000	1.352150700
250.0000	70.0000	60.0000	2.152228800
260.0000	70.0000	60.0000	0.412783920
270.0000	70.0000	60.0000	0.142491390
280.0000	70.0000	60.0000	0.189827810
290.0000	70.0000	60.0000	0.290634240
300.0000	70.0000	60.0000	0.239689420
310.0000	70.0000	60.0000	0.368817120
320.0000	70.0000	60.0000	0.797397850
330.0000	70.0000	60.0000	0.714607400
340.0000	70.0000	60.0000	0.296969440
350.0000	70.0000	60.0000	0.334376420
360.0000	70.0000	60.0000	1.000000000
0.0000	80.0000	60.0000	0.213188530
10.0000	80.0000	60.0000	0.315595950
20.0000	80.0000	60.0000	0.622927200
30.0000	80.0000	60.0000	0.877113640
40.0000	80.0000	60.0000	0.302801460
50.0000	80.0000	60.0000	0.258018670
60.0000	80.0000	60.0000	1.496288800
70.0000	80.0000	60.0000	2.772464800
80.0000	80.0000	60.0000	2.876267700
90.0000	80.0000	60.0000	1.666729900
100.0000	80.0000	60.0000	1.006347300
110.0000	80.0000	60.0000	1.090669000
120.0000	80.0000	60.0000	0.742573440
130.0000	80.0000	60.0000	0.602820340
140.0000	80.0000	60.0000	0.361569550
150.0000	80.0000	60.0000	0.249597160
160.0000	80.0000	60.0000	0.295447260
170.0000	80.0000	60.0000	0.173655150
180.0000	80.0000	60.0000	0.168326450
190.0000	80.0000	60.0000	0.414148120
200.0000	80.0000	60.0000	0.218967690
210.0000	80.0000	60.0000	0.470552360
220.0000	80.0000	60.0000	0.488434430
230.0000	80.0000	60.0000	0.446880340
240.0000	80.0000	60.0000	1.145913800
250.0000	80.0000	60.0000	1.177683500
260.0000	80.0000	60.0000	0.380055460
270.0000	80.0000	60.0000	0.179373650
280.0000	80.0000	60.0000	0.332170960
290.0000	80.0000	60.0000	0.962925600
300.0000	80.0000	60.0000	0.747418460
310.0000	80.0000	60.0000	1.041479700
320.0000	80.0000	60.0000	1.373382300
330.0000	80.0000	60.0000	0.545848200
340.0000	80.0000	60.0000	0.301218600
350.0000	80.0000	60.0000	0.374668030
360.0000	80.0000	60.0000	1.000000000
0.0000	90.0000	60.0000	0.166266140
10.0000	90.0000	60.0000	0.245495890
20.0000	90.0000	60.0000	0.464586760
30.0000	90.0000	60.0000	0.383046800
40.0000	90.0000	60.0000	0.135412720
50.0000	90.0000	60.0000	0.153397700
60.0000	90.0000	60.0000	1.245136000
70.0000	90.0000	60.0000	3.164879300
80.0000	90.0000	60.0000	4.137720000
90.0000	90.0000	60.0000	3.031707500
100.0000	90.0000	60.0000	2.492381600
110.0000	90.0000	60.0000	2.234341600
120.0000	90.0000	60.0000	1.061961900
130.0000	90.0000	60.0000	0.773411750
140.0000	90.0000	60.0000	0.301041870
150.0000	90.0000	60.0000	0.163661120
160.0000	90.0000	60.0000	0.345387580
170.0000	90.0000	60.0000	0.205471530
180.0000	90.0000	60.0000	0.137233640
190.0000	90.0000	60.0000	0.235120610
200.0000	90.0000	60.0000	0.172885660
210.0000	90.0000	60.0000	0.358659860
220.0000	90.0000	60.0000	0.455518480
230.0000	90.0000	60.0000	0.720419000
240.0000	90.0000	60.0000	1.547836300
250.0000	90.0000	60.0000	0.814111350
260.0000	90.0000	60.0000	0.367623240
270.0000	90.0000	60.0000	0.339866500
280.0000	90.0000	60.0000	0.847768500
290.0000	90.0000	60.0000	2.786104700
300.0000	90.0000	60.0000	1.667362100
310.0000	90.0000	60.0000	1.582872400
320.0000	90.0000	60.0000	1.294000900
330.0000	90.0000	60.0000	0.476603120
340.0000	90.0000	60.0000	0.378574700
350.0000	90.0000	60.0000	0.393766280
360.0000	90.0000	60.0000	1.000000000
