0.0000	0.0000	0.0000	0.231483940
10.0000	0.0000	0.0000	0.215757560
20.0000	0.0000	0.0000	0.521920440
30.0000	0.0000	0.0000	0.520918900
40.0000	0.0000	0.0000	0.814334330
50.0000	0.0000	0.0000	0.991907840
60.0000	0.0000	0.0000	0.348128530
70.0000	0.0000	0.0000	0.474659830
80.0000	0.0000	0.0000	0.334915760
90.0000	0.0000	0.0000	0.958853240
100.0000	0.0000	0.0000	1.899053200
110.0000	0.0000	0.0000	2.393418600
120.0000	0.0000	0.0000	2.099200700
130.0000	0.0000	0.0000	2.284422600
140.0000	0.0000	0.0000	2.068092300
150.0000	0.0000	0.0000	1.352630600
160.0000	0.0000	0.0000	0.973699100
170.0000	0.0000	0.0000	0.321423700
180.0000	0.0000	0.0000	0.133441540
190.0000	0.0000	0.0000	0.815525230
200.0000	0.0000	0.0000	0.604614560
210.0000	0.0000	0.0000	0.265103200
220.0000	0.0000	0.0000	0.431323800
230.0000	0.0000	0.0000	0.633878770
240.0000	0.0000	0.0000	0.154716360
250.0000	0.0000	0.0000	0.495961600
260.0000	0.0000	0.0000	0.487413260
270.0000	0.0000	0.0000	1.135485500
280.0000	0.0000	0.0000	1.734397600
290.0000	0.0000	0.0000	1.753958500
300.0000	0.0000	0.0000	1.775873100
310.0000	0.0000	0.0000	2.522861200
320.0000	0.0000	0.0000	1.770421300
330.0000	0.0000	0.0000	0.932380860
340.0000	0.0000	0.0000	0.885143500
350.0000	0.0000	0.0000	1.498506800
360.0000	0.0000	0.0000	1.000000000
0.0000	10.0000	0.0000	0.685794530
10.0000	10.0000	0.0000	1.123140100
20.0000	10.0000	0.0000	2.384106000
30.0000	10.0000	0.0000	0.331629070
40.0000	10.0000	0.0000	2.743258500
50.0000	10.0000	0.0000	0.530787650
60.0000	10.0000	0.0000	0.831611930
70.0000	10.0000	0.0000	6.400461000
80.0000	10.0000	0.0000	0.127004410
90.0000	10.0000	0.0000	0.700613300
100.0000	10.0000	0.0000	1.851479300
110.0000	10.0000	0.0000	2.879982700
120.0000	10.0000	0.0000	3.684649500
130.0000	10.0000	0.0000	4.026695300
140.0000	10.0000	0.0000	1.185293900
150.0000	10.0000	0.0000	0.286286320
160.0000	10.0000	0.0000	1.328007800
170.0000	10.0000	0.0000	2.205485000
180.0000	10.0000	0.0000	1.627592900
190.0000	10.0000	0.0000	6.406034000
200.0000	10.0000	0.0000	1.137475100
210.0000	10.0000	0.0000	0.114129364
220.0000	10.0000	0.0000	3.012838600
230.0000	10.0000	0.0000	1.314589100
240.0000	10.0000	0.0000	0.145820050
250.0000	10.0000	0.0000	0.502360050
260.0000	10.0000	0.0000	0.234901760
270.0000	10.0000	0.0000	2.049799000
280.0000	10.0000	0.0000	2.527508700
290.0000	10.0000	0.0000	2.274389500
300.0000	10.0000	0.0000	2.265661200
310.0000	10.0000	0.0000	3.055681500
320.0000	10.0000	0.0000	1.161020800
330.0000	10.0000	0.0000	0.388249200
340.0000	10.0000	0.0000	2.266866000
350.0000	10.0000	0.0000	4.328980400
360.0000	10.0000	0.0000	1.000000000
0.0000	20.0000	0.0000	2.218693000
10.0000	20.0000	0.0000	3.197294000
20.0000	20.0000	0.0000	0.271159500
30.0000	20.0000	0.0000	0.061240103
40.0000	20.0000	0.0000	0.375867000
50.0000	20.0000	0.0000	1.031729600
60.0000	20.0000	0.0000	2.144120200
70.0000	20.0000	0.0000	0.880995100
80.0000	20.0000	0.0000	0.315824270
90.0000	20.0000	0.0000	0.316578540
100.0000	20.0000	0.0000	1.840664300
110.0000	20.0000	0.0000	1.801871400
120.0000	20.0000	0.0000	2.702778300
130.0000	20.0000	0.0000	4.771928300
140.0000	20.0000	0.0000	0.264917940
150.0000	20.0000	0.0000	0.037997950
160.0000	20.0000	0.0000	0.424310400
170.0000	20.0000	0.0000	1.426130400
180.0000	20.0000	0.0000	1.254702900
190.0000	20.0000	0.0000	4.814903300
200.0000	20.0000	0.0000	0.186264630
210.0000	20.0000	0.0000	0.102199376
220.0000	20.0000	0.0000	1.413112000
230.0000	20.0000	0.0000	1.063818700
240.0000	20.0000	0.0000	0.974517760
250.0000	20.0000	0.0000	1.291627300
260.0000	20.0000	0.0000	0.561436100
270.0000	20.0000	0.0000	0.652257600
280.0000	20.0000	0.0000	1.919966100
290.0000	20.0000	0.0000	3.110934500
300.0000	20.0000	0.0000	2.162686000
310.0000	20.0000	0.0000	1.900420800
320.0000	20.0000	0.0000	0.848870200
330.0000	20.0000	0.0000	0.067868490
340.0000	20.0000	0.0000	0.282789380
350.0000	20.0000	0.0000	0.492874800
360.0000	20.0000	0.0000	1.000000000
0.0000	30.0000	0.0000	1.686437800
10.0000	30.0000	0.0000	1.837572800
20.0000	30.0000	0.0000	0.073427840
30.0000	30.0000	0.0000	0.132671430
40.0000	30.0000	0.0000	0.654675070
50.0000	30.0000	0.0000	3.697816000
60.0000	30.0000	0.0000	2.971812500
70.0000	30.0000	0.0000	0.638579500
80.0000	30.0000	0.0000	0.608060300
90.0000	30.0000	0.0000	0.803370100
100.0000	30.0000	0.0000	1.661180300
110.0000	30.0000	0.0000	0.848918560
120.0000	30.0000	0.0000	1.254305100
130.0000	30.0000	0.0000	0.996770000
140.0000	30.0000	0.0000	0.122013316
150.0000	30.0000	0.0000	0.048405524
160.0000	30.0000	0.0000	0.417859320
170.0000	30.0000	0.0000	2.980813700
180.0000	30.0000	0.0000	3.046225300
190.0000	30.0000	0.0000	1.559069900
200.0000	30.0000	0.0000	0.082630330
210.0000	30.0000	0.0000	0.247749120
220.0000	30.0000	0.0000	1.193723400
230.0000	30.0000	0.0000	1.598078100
240.0000	30.0000	0.0000	0.944567100
250.0000	30.0000	0.0000	0.489302280
260.0000	30.0000	0.0000	0.646368400
270.0000	30.0000	0.0000	0.610122140
280.0000	30.0000	0.0000	0.766850500
290.0000	30.0000	0.0000	1.368328200
300.0000	30.0000	0.0000	0.899825040
310.0000	30.0000	0.0000	0.566989300
320.0000	30.0000	0.0000	0.347104400
330.0000	30.0000	0.0000	0.104139920
340.0000	30.0000	0.0000	0.238357020
350.0000	30.0000	0.0000	0.858109300
360.0000	30.0000	0.0000	1.000000000
0.0000	40.0000	0.0000	0.457585200
10.0000	40.0000	0.0000	0.491291800
20.0000	40.0000	0.0000	0.046927260
30.0000	40.0000	0.0000	0.232956620
40.0000	40.0000	0.0000	0.788335260
50.0000	40.0000	0.0000	1.234112400
60.0000	40.0000	0.0000	3.236555800
70.0000	40.0000	0.0000	0.546033740
80.0000	40.0000	0.0000	0.238815860
90.0000	40.0000	0.0000	0.996250200
100.0000	40.0000	0.0000	1.903916200
110.0000	40.0000	0.0000	0.898662500
120.0000	40.0000	0.0000	0.370041850
130.0000	40.0000	0.0000	0.421651360
140.0000	40.0000	0.0000	0.423358560
150.0000	40.0000	0.0000	0.201698570
160.0000	40.0000	0.0000	1.422334600
170.0000	40.0000	0.0000	1.527385200
180.0000	40.0000	0.0000	2.073523500
190.0000	40.0000	0.0000	2.072787000
200.0000	40.0000	0.0000	0.101763470
210.0000	40.0000	0.0000	0.298636970
220.0000	40.0000	0.0000	0.881824850
230.0000	40.0000	0.0000	1.836673900
240.0000	40.0000	0.0000	0.476411730
250.0000	40.0000	0.0000	0.222231240
260.0000	40.0000	0.0000	0.303416900
270.0000	40.0000	0.0000	0.275056450
280.0000	40.0000	0.0000	0.367719440
290.0000	40.0000	0.0000	0.598850370
300.0000	40.0000	0.0000	1.046399700
310.0000	40.0000	0.0000	0.545688870
320.0000	40.0000	0.0000	0.439282770
330.0000	40.0000	0.0000	0.779803930
340.0000	40.0000	0.0000	3.562936000
350.0000	40.0000	0.0000	1.543817400
360.0000	40.0000	0.0000	1.000000000
0.0000	50.0000	0.0000	2.606336000
10.0000	50.0000	0.0000	1.458745800
20.0000	50.0000	0.0000	0.126760570
30.0000	50.0000	0.0000	0.560037000
40.0000	50.0000	0.0000	0.463748200
50.0000	50.0000	0.0000	0.224818770
60.0000	50.0000	0.0000	0.144438360
70.0000	50.0000	0.0000	0.101651790
80.0000	50.0000	0.0000	0.309641700
90.0000	50.0000	0.0000	1.130270000
100.0000	50.0000	0.0000	0.546007040
110.0000	50.0000	0.0000	0.395751100
120.0000	50.0000	0.0000	0.704050060
130.0000	50.0000	0.0000	0.550365900
140.0000	50.0000	0.0000	0.632376800
150.0000	50.0000	0.0000	0.496465860
160.0000	50.0000	0.0000	0.902684150
170.0000	50.0000	0.0000	0.915674450
180.0000	50.0000	0.0000	1.567629500
190.0000	50.0000	0.0000	1.216365600
200.0000	50.0000	0.0000	0.161272230
210.0000	50.0000	0.0000	0.363046080
220.0000	50.0000	0.0000	0.704885540
230.0000	50.0000	0.0000	0.737571800
240.0000	50.0000	0.0000	0.752832400
250.0000	50.0000	0.0000	1.148684700
260.0000	50.0000	0.0000	0.598709700
270.0000	50.0000	0.0000	0.447743330
280.0000	50.0000	0.0000	0.609413270
290.0000	50.0000	0.0000	0.373013050
300.0000	50.0000	0.0000	0.373229380
310.0000	50.0000	0.0000	0.459650750
320.0000	50.0000	0.0000	0.479316230
330.0000	50.0000	0.0000	0.834199670
340.0000	50.0000	0.0000	1.674854500
350.0000	50.0000	0.0000	0.739357300
360.0000	50.0000	0.0000	1.000000000
0.0000	60.0000	0.0000	1.225722000
10.0000	60.0000	0.0000	0.815895300
20.0000	60.0000	0.0000	0.940949700
30.0000	60.0000	0.0000	1.239318400
40.0000	60.0000	0.0000	0.436833920
50.0000	60.0000	0.0000	0.324601740
60.0000	60.0000	0.0000	0.124553785
70.0000	60.0000	0.0000	0.054452192
80.0000	60.0000	0.0000	0.153564800
90.0000	60.0000	0.0000	0.441240880
100.0000	60.0000	0.0000	0.393065660
110.0000	60.0000	0.0000	0.570388700
120.0000	60.0000	0.0000	0.921253600
130.0000	60.0000	0.0000	0.453675700
140.0000	60.0000	0.0000	0.282368930
150.0000	60.0000	0.0000	0.289273650
160.0000	60.0000	0.0000	0.563196200
170.0000	60.0000	0.0000	1.704337800
180.0000	60.0000	0.0000	1.960628000
190.0000	60.0000	0.0000	1.366323600
200.0000	60.0000	0.0000	0.669841350
210.0000	60.0000	0.0000	0.672774900
220.0000	60.0000	0.0000	0.958082400
230.0000	60.0000	0.0000	0.919319330
240.0000	60.0000	0.0000	0.639420150
250.0000	60.0000	0.0000	1.692343700
260.0000	60.0000	0.0000	2.079309000
270.0000	60.0000	0.0000	0.800531500
280.0000	60.0000	0.0000	0.594897570
290.0000	60.0000	0.0000	0.407590180
300.0000	60.0000	0.0000	0.290706430
310.0000	60.0000	0.0000	0.213766380
320.0000	60.0000	0.0000	0.253705500
330.0000	60.0000	0.0000	0.151442700
340.0000	60.0000	0.0000	0.473661120
350.0000	60.0000	0.0000	3.163439300
360.0000	60.0000	0.0000	1.000000000
0.0000	70.0000	0.0000	1.683753600
10.0000	70.0000	0.0000	1.611984800
20.0000	70.0000	0.0000	1.297270300
30.0000	70.0000	0.0000	0.734245900
40.0000	70.0000	0.0000	0.347289530
50.0000	70.0000	0.0000	0.192520860
60.0000	70.0000	0.0000	0.285823940
70.0000	70.0000	0.0000	0.089935300
80.0000	70.0000	0.0000	0.027664686
90.0000	70.0000	0.0000	0.094542840
100.0000	70.0000	0.0000	0.425365570
110.0000	70.0000	0.0000	0.491783400
120.0000	70.0000	0.0000	0.406928960
130.0000	70.0000	0.0000	0.506846960
140.0000	70.0000	0.0000	0.225241530
150.0000	70.0000	0.0000	0.212066600
160.0000	70.0000	0.0000	0.606412700
170.0000	70.0000	0.0000	1.138497100
180.0000	70.0000	0.0000	1.059934100
190.0000	70.0000	0.0000	2.148665000
200.0000	70.0000	0.0000	1.239611000
210.0000	70.0000	0.0000	0.695429400
220.0000	70.0000	0.0000	0.548669200
230.0000	70.0000	0.0000	0.223183410
240.0000	70.0000	0.0000	0.263103660
250.0000	70.0000	0.0000	1.140524400
260.0000	70.0000	0.0000	1.276096700
270.0000	70.0000	0.0000	0.378133240
280.0000	70.0000	0.0000	0.418923100
290.0000	70.0000	0.0000	0.629954930
300.0000	70.0000	0.0000	0.291681140
310.0000	70.0000	0.0000	0.179939850
320.0000	70.0000	0.0000	0.215611830
330.0000	70.0000	0.0000	0.260155830
340.0000	70.0000	0.0000	0.604369500
350.0000	70.0000	0.0000	2.467792000
360.0000	70.0000	0.0000	1.000000000
0.0000	80.0000	0.0000	0.298958400
10.0000	80.0000	0.0000	0.838555160
20.0000	80.0000	0.0000	1.342962700
30.0000	80.0000	0.0000	0.325957150
40.0000	80.0000	0.0000	0.444124970
50.0000	80.0000	0.0000	0.366810620
60.0000	80.0000	0.0000	0.383949700
70.0000	80.0000	0.0000	0.251041350
80.0000	80.0000	0.0000	0.087891586
90.0000	80.0000	0.0000	0.199162210
100.0000	80.0000	0.0000	0.521099750
110.0000	80.0000	0.0000	0.338712220
120.0000	80.0000	0.0000	0.207143860
130.0000	80.0000	0.0000	0.474681820
140.0000	80.0000	0.0000	0.589517200
150.0000	80.0000	0.0000	0.838181560
160.0000	80.0000	0.0000	1.555202200
170.0000	80.0000	0.0000	1.807544600
180.0000	80.0000	0.0000	2.818177700
190.0000	80.0000	0.0000	3.999743700
200.0000	80.0000	0.0000	0.990641400
210.0000	80.0000	0.0000	0.983716370
220.0000	80.0000	0.0000	0.591135260
230.0000	80.0000	0.0000	0.117285690
240.0000	80.0000	0.0000	0.355159760
250.0000	80.0000	0.0000	0.752452970
260.0000	80.0000	0.0000	0.588541750
270.0000	80.0000	0.0000	0.636368500
280.0000	80.0000	0.0000	0.667038860
290.0000	80.0000	0.0000	0.738378000
300.0000	80.0000	0.0000	0.322667420
310.0000	80.0000	0.0000	0.575057200
320.0000	80.0000	0.0000	0.867583100
330.0000	80.0000	0.0000	1.039537700
340.0000	80.0000	0.0000	0.952077300
350.0000	80.0000	0.0000	1.308536600
360.0000	80.0000	0.0000	1.000000000
0.0000	90.0000	0.0000	5.759732700
10.0000	90.0000	0.0000	2.396697300
20.0000	90.0000	0.0000	2.082466100
30.0000	90.0000	0.0000	0.331588300
40.0000	90.0000	0.0000	0.682487300
50.0000	90.0000	0.0000	1.115040300
60.0000	90.0000	0.0000	0.664914550
70.0000	90.0000	0.0000	0.289711060
80.0000	90.0000	0.0000	0.130377430
90.0000	90.0000	0.0000	0.429082630
100.0000	90.0000	0.0000	0.842007200
110.0000	90.0000	0.0000	0.411420900
120.0000	90.0000	0.0000	0.219908520
130.0000	90.0000	0.0000	0.418922600
140.0000	90.0000	0.0000	1.427293700
150.0000	90.0000	0.0000	3.141120400
160.0000	90.0000	0.0000	4.102236000
170.0000	90.0000	0.0000	2.774926400
180.0000	90.0000	0.0000	3.599412400
190.0000	90.0000	0.0000	2.828904900
200.0000	90.0000	0.0000	1.043950200
210.0000	90.0000	0.0000	3.262256600
220.0000	90.0000	0.0000	1.402672500
230.0000	90.0000	0.0000	0.235457390
240.0000	90.0000	0.0000	0.446491240
250.0000	90.0000	0.0000	0.549047050
260.0000	90.0000	0.0000	0.445989820
270.0000	90.0000	0.0000	0.680996200
280.0000	90.0000	0.0000	0.898054200
290.0000	90.0000	0.0000	1.513425100
300.0000	90.0000	0.0000	0.582388640
310.0000	90.0000	0.0000	1.404402300
320.0000	90.0000	0.0000	2.016224000
330.0000	90.0000	0.0000	1.677300200
340.0000	90.0000	0.0000	1.629570000
350.0000	90.0000	0.0000	3.365080000
360.0000	90.0000	0.0000	1.000000000
0.0000	0.0000	10.0000	1.000000000
10.0000	0.0000	10.0000	1.000000000
20.0000	0.0000	10.0000	1.000000000
30.0000	0.0000	10.0000	1.000000000
40.0000	0.0000	10.0000	1.000000000
50.0000	0.0000	10.0000	1.000000000
60.0000	0.0000	10.0000	1.000000000
70.0000	0.0000	10.0000	1.000000000
80.0000	0.0000	10.0000	1.000000000
90.0000	0.0000	10.0000	1.000000000
100.0000	0.0000	10.0000	1.000000000
110.0000	0.0000	10.0000	1.000000000
120.0000	0.0000	10.0000	1.000000000
130.0000	0.0000	10.0000	1.000000000
140.0000	0.0000	10.0000	1.000000000
150.0000	0.0000	10.0000	1.000000000
160.0000	0.0000	10.0000	1.000000000
170.0000	0.0000	10.0000	1.000000000
180.0000	0.0000	10.0000	1.000000000
190.0000	0.0000	10.0000	1.000000000
200.0000	0.0000	10.0000	1.000000000
210.0000	0.0000	10.0000	1.000000000
220.0000	0.0000	10.0000	1.000000000
230.0000	0.0000	10.0000	1.000000000
240.0000	0.0000	10.0000	1.000000000
250.0000	0.0000	10.0000	1.000000000
260.0000	0.0000	10.0000	1.000000000
270.0000	0.0000	10.0000	1.000000000
280.0000	0.0000	10.0000	1.000000000
290.0000	0.0000	10.0000	1.000000000
300.0000	0.0000	10.0000	1.000000000
310.0000	0.0000	10.0000	1.000000000
320.0000	0.0000	10.0000	1.000000000
330.0000	0.0000	10.0000	1.000000000
340.0000	0.0000	10.0000	1.000000000
350.0000	0.0000	10.0000	1.000000000
360.0000	0.0000	10.0000	1.000000000
0.0000	10.0000	10.0000	0.718399600
10.0000	10.0000	10.0000	0.732614100
20.0000	10.0000	10.0000	1.765774600
30.0000	10.0000	10.0000	0.393943280
40.0000	10.0000	10.0000	0.828222750
50.0000	10.0000	10.0000	1.428396000
60.0000	10.0000	10.0000	2.682586400
70.0000	10.0000	10.0000	1.246673600
80.0000	10.0000	10.0000	0.227159370
90.0000	10.0000	10.0000	0.829269230
100.0000	10.0000	10.0000	1.659971200
110.0000	10.0000	10.0000	2.411420000
120.0000	10.0000	10.0000	2.917852200
130.0000	10.0000	10.0000	1.865068100
140.0000	10.0000	10.0000	0.709605200
150.0000	10.0000	10.0000	0.359179260
160.0000	10.0000	10.0000	1.782153000
170.0000	10.0000	10.0000	2.597409700
180.0000	10.0000	10.0000	1.804447400
190.0000	10.0000	10.0000	2.602178300
200.0000	10.0000	10.0000	1.097950600
210.0000	10.0000	10.0000	0.230255340
220.0000	10.0000	10.0000	1.594166300
230.0000	10.0000	10.0000	0.884862960
240.0000	10.0000	10.0000	0.490548730
250.0000	10.0000	10.0000	0.512203100
260.0000	10.0000	10.0000	0.118523106
270.0000	10.0000	10.0000	1.134426700
280.0000	10.0000	10.0000	2.061138600
290.0000	10.0000	10.0000	1.772207100
300.0000	10.0000	10.0000	1.968881700
310.0000	10.0000	10.0000	1.841449700
320.0000	10.0000	10.0000	0.824106630
330.0000	10.0000	10.0000	0.477924940
340.0000	10.0000	10.0000	2.911951500
350.0000	10.0000	10.0000	4.800843700
360.0000	10.0000	10.0000	1.000000000
0.0000	20.0000	10.0000	2.132161100
10.0000	20.0000	10.0000	1.937292100
20.0000	20.0000	10.0000	0.247747270
30.0000	20.0000	10.0000	0.104393624
40.0000	20.0000	10.0000	0.352851800
50.0000	20.0000	10.0000	1.419900200
60.0000	20.0000	10.0000	1.205082300
70.0000	20.0000	10.0000	0.330312160
80.0000	20.0000	10.0000	0.283923630
90.0000	20.0000	10.0000	0.443264280
100.0000	20.0000	10.0000	1.191420600
110.0000	20.0000	10.0000	1.235142200
120.0000	20.0000	10.0000	0.760202050
130.0000	20.0000	10.0000	0.288283470
140.0000	20.0000	10.0000	0.071559470
150.0000	20.0000	10.0000	0.060975920
160.0000	20.0000	10.0000	0.667383300
170.0000	20.0000	10.0000	1.358666300
180.0000	20.0000	10.0000	0.862353500
190.0000	20.0000	10.0000	1.524378000
200.0000	20.0000	10.0000	0.262786150
210.0000	20.0000	10.0000	0.187843380
220.0000	20.0000	10.0000	0.567675200
230.0000	20.0000	10.0000	1.138254400
240.0000	20.0000	10.0000	1.030237200
250.0000	20.0000	10.0000	1.179327700
260.0000	20.0000	10.0000	0.592197240
270.0000	20.0000	10.0000	0.334639800
280.0000	20.0000	10.0000	0.902487750
290.0000	20.0000	10.0000	0.974108460
300.0000	20.0000	10.0000	0.472080300
310.0000	20.0000	10.0000	0.601772900
320.0000	20.0000	10.0000	0.231799920
330.0000	20.0000	10.0000	0.045863970
340.0000	20.0000	10.0000	0.405705480
350.0000	20.0000	10.0000	0.547307500
360.0000	20.0000	10.0000	1.000000000
0.0000	30.0000	10.0000	1.350453900
10.0000	30.0000	10.0000	0.775352000
20.0000	30.0000	10.0000	0.056399886
30.0000	30.0000	10.0000	0.210645590
40.0000	30.0000	10.0000	0.970576640
50.0000	30.0000	10.0000	1.854669500
60.0000	30.0000	10.0000	0.950908360
70.0000	30.0000	10.0000	0.515826800
80.0000	30.0000	10.0000	0.697800100
90.0000	30.0000	10.0000	0.721676700
100.0000	30.0000	10.0000	1.293035100
110.0000	30.0000	10.0000	1.698914800
120.0000	30.0000	10.0000	2.038459800
130.0000	30.0000	10.0000	0.591304700
140.0000	30.0000	10.0000	0.109197930
150.0000	30.0000	10.0000	0.202969360
160.0000	30.0000	10.0000	1.997701200
170.0000	30.0000	10.0000	3.138205300
180.0000	30.0000	10.0000	1.734817500
190.0000	30.0000	10.0000	0.411569700
200.0000	30.0000	10.0000	0.057311524
210.0000	30.0000	10.0000	0.211774990
220.0000	30.0000	10.0000	0.818780700
230.0000	30.0000	10.0000	1.643065000
240.0000	30.0000	10.0000	1.055436100
250.0000	30.0000	10.0000	0.622439900
260.0000	30.0000	10.0000	0.714037500
270.0000	30.0000	10.0000	0.461155950
280.0000	30.0000	10.0000	0.666669850
290.0000	30.0000	10.0000	3.239259000
300.0000	30.0000	10.0000	1.616525300
310.0000	30.0000	10.0000	1.179873700
320.0000	30.0000	10.0000	0.333066600
330.0000	30.0000	10.0000	0.173990580
340.0000	30.0000	10.0000	0.339974940
350.0000	30.0000	10.0000	0.751393740
360.0000	30.0000	10.0000	1.000000000
0.0000	40.0000	10.0000	0.236825700
10.0000	40.0000	10.0000	0.161975160
20.0000	40.0000	10.0000	0.046128270
30.0000	40.0000	10.0000	0.364663330
40.0000	40.0000	10.0000	1.354487100
50.0000	40.0000	10.0000	0.910440860
60.0000	40.0000	10.0000	0.542300760
70.0000	40.0000	10.0000	0.445859900
80.0000	40.0000	10.0000	0.403658660
90.0000	40.0000	10.0000	0.818104450
100.0000	40.0000	10.0000	1.334105400
110.0000	40.0000	10.0000	1.197575600
120.0000	40.0000	10.0000	0.808332600
130.0000	40.0000	10.0000	0.531446460
140.0000	40.0000	10.0000	0.443658860
150.0000	40.0000	10.0000	0.539125100
160.0000	40.0000	10.0000	1.749363000
170.0000	40.0000	10.0000	0.969319340
180.0000	40.0000	10.0000	1.420180400
190.0000	40.0000	10.0000	0.589837600
200.0000	40.0000	10.0000	0.093323380
210.0000	40.0000	10.0000	0.540856540
220.0000	40.0000	10.0000	1.567123700
230.0000	40.0000	10.0000	1.687126000
240.0000	40.0000	10.0000	0.729187850
250.0000	40.0000	10.0000	0.344392240
260.0000	40.0000	10.0000	0.368982020
270.0000	40.0000	10.0000	0.354228500
280.0000	40.0000	10.0000	0.430286020
290.0000	40.0000	10.0000	1.013820600
300.0000	40.0000	10.0000	1.070474400
310.0000	40.0000	10.0000	0.822379500
320.0000	40.0000	10.0000	0.488664930
330.0000	40.0000	10.0000	0.813507600
340.0000	40.0000	10.0000	2.245602600
350.0000	40.0000	10.0000	1.187980400
360.0000	40.0000	10.0000	1.000000000
0.0000	50.0000	10.0000	1.369918300
10.0000	50.0000	10.0000	0.575812400
20.0000	50.0000	10.0000	0.131551530
30.0000	50.0000	10.0000	0.476094870
40.0000	50.0000	10.0000	0.778518260
50.0000	50.0000	10.0000	0.446289180
60.0000	50.0000	10.0000	0.156016360
70.0000	50.0000	10.0000	0.205210950
80.0000	50.0000	10.0000	0.699039940
90.0000	50.0000	10.0000	1.115591000
100.0000	50.0000	10.0000	0.637425700
110.0000	50.0000	10.0000	0.540818750
120.0000	50.0000	10.0000	0.511413930
130.0000	50.0000	10.0000	0.572199760
140.0000	50.0000	10.0000	0.771451060
150.0000	50.0000	10.0000	0.468061150
160.0000	50.0000	10.0000	0.341404940
170.0000	50.0000	10.0000	0.481223640
180.0000	50.0000	10.0000	1.069140900
190.0000	50.0000	10.0000	0.431606230
200.0000	50.0000	10.0000	0.139200670
210.0000	50.0000	10.0000	0.557572900
220.0000	50.0000	10.0000	1.069387200
230.0000	50.0000	10.0000	1.077226300
240.0000	50.0000	10.0000	0.979575630
250.0000	50.0000	10.0000	1.213545600
260.0000	50.0000	10.0000	0.508427600
270.0000	50.0000	10.0000	0.435288040
280.0000	50.0000	10.0000	0.633813300
290.0000	50.0000	10.0000	0.623488700
300.0000	50.0000	10.0000	0.533192700
310.0000	50.0000	10.0000	0.542069700
320.0000	50.0000	10.0000	0.401007800
330.0000	50.0000	10.0000	0.604465000
340.0000	50.0000	10.0000	0.926092600
350.0000	50.0000	10.0000	0.526452300
360.0000	50.0000	10.0000	1.000000000
0.0000	60.0000	10.0000	0.579513400
10.0000	60.0000	10.0000	0.349698800
20.0000	60.0000	10.0000	0.406305670
30.0000	60.0000	10.0000	0.581102670
40.0000	60.0000	10.0000	0.501764240
50.0000	60.0000	10.0000	0.546017400
60.0000	60.0000	10.0000	0.285603800
70.0000	60.0000	10.0000	0.393516240
80.0000	60.0000	10.0000	0.859364700
90.0000	60.0000	10.0000	0.370898900
100.0000	60.0000	10.0000	0.240121890
110.0000	60.0000	10.0000	0.589898940
120.0000	60.0000	10.0000	0.573848000
130.0000	60.0000	10.0000	0.291703880
140.0000	60.0000	10.0000	0.284471100
150.0000	60.0000	10.0000	0.339015360
160.0000	60.0000	10.0000	0.400800880
170.0000	60.0000	10.0000	1.029186700
180.0000	60.0000	10.0000	1.227425600
190.0000	60.0000	10.0000	0.499017630
200.0000	60.0000	10.0000	0.249159840
210.0000	60.0000	10.0000	0.576302300
220.0000	60.0000	10.0000	0.925164600
230.0000	60.0000	10.0000	1.140661800
240.0000	60.0000	10.0000	0.890253200
250.0000	60.0000	10.0000	1.542630400
260.0000	60.0000	10.0000	1.165686800
270.0000	60.0000	10.0000	0.643485800
280.0000	60.0000	10.0000	0.479009100
290.0000	60.0000	10.0000	0.318212600
300.0000	60.0000	10.0000	0.235067700
310.0000	60.0000	10.0000	0.204668400
320.0000	60.0000	10.0000	0.283481840
330.0000	60.0000	10.0000	0.388371740
340.0000	60.0000	10.0000	0.776051400
350.0000	60.0000	10.0000	1.780419300
360.0000	60.0000	10.0000	1.000000000
0.0000	70.0000	10.0000	1.259261000
10.0000	70.0000	10.0000	0.730973840
20.0000	70.0000	10.0000	0.398342300
30.0000	70.0000	10.0000	0.391971770
40.0000	70.0000	10.0000	0.427424130
50.0000	70.0000	10.0000	0.555507900
60.0000	70.0000	10.0000	0.576177400
70.0000	70.0000	10.0000	0.582147840
80.0000	70.0000	10.0000	0.209489900
90.0000	70.0000	10.0000	0.111326910
100.0000	70.0000	10.0000	0.198554580
110.0000	70.0000	10.0000	0.425055980
120.0000	70.0000	10.0000	0.350834640
130.0000	70.0000	10.0000	0.231721100
140.0000	70.0000	10.0000	0.211573210
150.0000	70.0000	10.0000	0.351865900
160.0000	70.0000	10.0000	0.865635930
170.0000	70.0000	10.0000	1.051951400
180.0000	70.0000	10.0000	0.812260900
190.0000	70.0000	10.0000	1.037082200
200.0000	70.0000	10.0000	0.781183660
210.0000	70.0000	10.0000	0.701899350
220.0000	70.0000	10.0000	0.707365600
230.0000	70.0000	10.0000	0.562764600
240.0000	70.0000	10.0000	0.343661640
250.0000	70.0000	10.0000	0.572926040
260.0000	70.0000	10.0000	0.475911350
270.0000	70.0000	10.0000	0.338794140
280.0000	70.0000	10.0000	0.323947900
290.0000	70.0000	10.0000	0.296913400
300.0000	70.0000	10.0000	0.260031970
310.0000	70.0000	10.0000	0.196973680
320.0000	70.0000	10.0000	0.299888580
330.0000	70.0000	10.0000	0.487734020
340.0000	70.0000	10.0000	0.785717670
350.0000	70.0000	10.0000	1.865518300
360.0000	70.0000	10.0000	1.000000000
0.0000	80.0000	10.0000	0.190740140
10.0000	80.0000	10.0000	0.372056840
20.0000	80.0000	10.0000	0.820582200
30.0000	80.0000	10.0000	0.465928100
40.0000	80.0000	10.0000	0.505568100
50.0000	80.0000	10.0000	0.378463720
60.0000	80.0000	10.0000	0.364896120
70.0000	80.0000	10.0000	0.449579570
80.0000	80.0000	10.0000	0.382447240
90.0000	80.0000	10.0000	0.330191200
100.0000	80.0000	10.0000	0.358375070
110.0000	80.0000	10.0000	0.420305670
120.0000	80.0000	10.0000	0.323527460
130.0000	80.0000	10.0000	0.292607870
140.0000	80.0000	10.0000	0.441956730
150.0000	80.0000	10.0000	0.741518400
160.0000	80.0000	10.0000	2.013981800
170.0000	80.0000	10.0000	2.939748500
180.0000	80.0000	10.0000	2.852846000
190.0000	80.0000	10.0000	3.309877200
200.0000	80.0000	10.0000	1.845874100
210.0000	80.0000	10.0000	1.276100600
220.0000	80.0000	10.0000	0.571494040
230.0000	80.0000	10.0000	0.237923640
240.0000	80.0000	10.0000	0.289404360
250.0000	80.0000	10.0000	0.426039930
260.0000	80.0000	10.0000	0.318017180
270.0000	80.0000	10.0000	0.407621200
280.0000	80.0000	10.0000	0.618627000
290.0000	80.0000	10.0000	0.631480700
300.0000	80.0000	10.0000	0.269741600
310.0000	80.0000	10.0000	0.324249180
320.0000	80.0000	10.0000	0.560012040
330.0000	80.0000	10.0000	0.675267340
340.0000	80.0000	10.0000	0.816962000
350.0000	80.0000	10.0000	1.623444200
360.0000	80.0000	10.0000	1.000000000
0.0000	90.0000	10.0000	4.754132300
10.0000	90.0000	10.0000	1.812852600
20.0000	90.0000	10.0000	2.136812400
30.0000	90.0000	10.0000	0.580969500
40.0000	90.0000	10.0000	0.607504700
50.0000	90.0000	10.0000	0.264024850
60.0000	90.0000	10.0000	0.153148490
70.0000	90.0000	10.0000	0.330787900
80.0000	90.0000	10.0000	0.502277730
90.0000	90.0000	10.0000	0.721668540
100.0000	90.0000	10.0000	0.455863570
110.0000	90.0000	10.0000	0.836997500
120.0000	90.0000	10.0000	0.485153880
130.0000	90.0000	10.0000	0.372073260
140.0000	90.0000	10.0000	0.813010750
150.0000	90.0000	10.0000	1.646611900
160.0000	90.0000	10.0000	4.560600300
170.0000	90.0000	10.0000	5.183578000
180.0000	90.0000	10.0000	4.896418000
190.0000	90.0000	10.0000	4.755047300
200.0000	90.0000	10.0000	1.853351100
210.0000	90.0000	10.0000	1.971939800
220.0000	90.0000	10.0000	0.627313440
230.0000	90.0000	10.0000	0.205880930
240.0000	90.0000	10.0000	0.391482740
250.0000	90.0000	10.0000	0.429084660
260.0000	90.0000	10.0000	0.449263700
270.0000	90.0000	10.0000	0.549730800
280.0000	90.0000	10.0000	0.726766400
290.0000	90.0000	10.0000	1.617043500
300.0000	90.0000	10.0000	0.332643870
310.0000	90.0000	10.0000	0.443059980
320.0000	90.0000	10.0000	0.938374760
330.0000	90.0000	10.0000	0.939044400
340.0000	90.0000	10.0000	1.428801800
350.0000	90.0000	10.0000	3.044395200
360.0000	90.0000	10.0000	1.000000000
0.0000	0.0000	20.0000	1.000000000
10.0000	0.0000	20.0000	1.000000000
20.0000	0.0000	20.0000	1.000000000
30.0000	0.0000	20.0000	1.000000000
40.0000	0.0000	20.0000	1.000000000
50.0000	0.0000	20.0000	1.000000000
60.0000	0.0000	20.0000	1.000000000
70.0000	0.0000	20.0000	1.000000000
80.0000	0.0000	20.0000	1.000000000
90.0000	0.0000	20.0000	1.000000000
100.0000	0.0000	20.0000	1.000000000
110.0000	0.0000	20.0000	1.000000000
120.0000	0.0000	20.0000	1.000000000
130.0000	0.0000	20.0000	1.000000000
140.0000	0.0000	20.0000	1.000000000
150.0000	0.0000	20.0000	1.000000000
160.0000	0.0000	20.0000	1.000000000
170.0000	0.0000	20.0000	1.000000000
180.0000	0.0000	20.0000	1.000000000
190.0000	0.0000	20.0000	1.000000000
200.0000	0.0000	20.0000	1.000000000
210.0000	0.0000	20.0000	1.000000000
220.0000	0.0000	20.0000	1.000000000
230.0000	0.0000	20.0000	1.000000000
240.0000	0.0000	20.0000	1.000000000
250.0000	0.0000	20.0000	1.000000000
260.0000	0.0000	20.0000	1.000000000
270.0000	0.0000	20.0000	1.000000000
280.0000	0.0000	20.0000	1.000000000
290.0000	0.0000	20.0000	1.000000000
300.0000	0.0000	20.0000	1.000000000
310.0000	0.0000	20.0000	1.000000000
320.0000	0.0000	20.0000	1.000000000
330.0000	0.0000	20.0000	1.000000000
340.0000	0.0000	20.0000	1.000000000
350.0000	0.0000	20.0000	1.000000000
360.0000	0.0000	20.0000	1.000000000
0.0000	10.0000	20.0000	0.669031700
10.0000	10.0000	20.0000	0.512279450
20.0000	10.0000	20.0000	3.070348000
30.0000	10.0000	20.0000	0.231744140
40.0000	10.0000	20.0000	0.431133420
50.0000	10.0000	20.0000	1.713564300
60.0000	10.0000	20.0000	0.734895700
70.0000	10.0000	20.0000	0.142294600
80.0000	10.0000	20.0000	0.684115400
90.0000	10.0000	20.0000	1.497054700
100.0000	10.0000	20.0000	0.880972500
110.0000	10.0000	20.0000	0.602770300
120.0000	10.0000	20.0000	0.161659060
130.0000	10.0000	20.0000	0.065752864
140.0000	10.0000	20.0000	0.222310590
150.0000	10.0000	20.0000	0.176459390
160.0000	10.0000	20.0000	1.792227300
170.0000	10.0000	20.0000	4.422285600
180.0000	10.0000	20.0000	1.169597700
190.0000	10.0000	20.0000	1.206204700
200.0000	10.0000	20.0000	3.412435800
210.0000	10.0000	20.0000	0.428266800
220.0000	10.0000	20.0000	0.356929330
230.0000	10.0000	20.0000	0.579662560
240.0000	10.0000	20.0000	0.755530360
250.0000	10.0000	20.0000	0.460602900
260.0000	10.0000	20.0000	0.190520520
270.0000	10.0000	20.0000	0.462910000
280.0000	10.0000	20.0000	1.059092900
290.0000	10.0000	20.0000	1.534003000
300.0000	10.0000	20.0000	0.341324030
310.0000	10.0000	20.0000	0.093700826
320.0000	10.0000	20.0000	0.260225470
330.0000	10.0000	20.0000	0.385894360
340.0000	10.0000	20.0000	3.015937800
350.0000	10.0000	20.0000	6.991940500
360.0000	10.0000	20.0000	1.000000000
0.0000	20.0000	20.0000	1.959788300
10.0000	20.0000	20.0000	1.492068600
20.0000	20.0000	20.0000	0.598422000
30.0000	20.0000	20.0000	0.352524250
40.0000	20.0000	20.0000	0.612612840
50.0000	20.0000	20.0000	1.485885300
60.0000	20.0000	20.0000	0.633756940
70.0000	20.0000	20.0000	0.217670100
80.0000	20.0000	20.0000	0.378296580
90.0000	20.0000	20.0000	1.276627800
100.0000	20.0000	20.0000	2.541581200
110.0000	20.0000	20.0000	1.958380000
120.0000	20.0000	20.0000	0.355267380
130.0000	20.0000	20.0000	0.078754745
140.0000	20.0000	20.0000	0.130393490
150.0000	20.0000	20.0000	0.301622330
160.0000	20.0000	20.0000	0.793793900
170.0000	20.0000	20.0000	1.526307600
180.0000	20.0000	20.0000	0.528151000
190.0000	20.0000	20.0000	0.986275260
200.0000	20.0000	20.0000	0.934488900
210.0000	20.0000	20.0000	0.332937400
220.0000	20.0000	20.0000	0.535893740
230.0000	20.0000	20.0000	1.538896900
240.0000	20.0000	20.0000	0.986943070
250.0000	20.0000	20.0000	0.730740300
260.0000	20.0000	20.0000	0.410599470
270.0000	20.0000	20.0000	0.580911800
280.0000	20.0000	20.0000	1.445484000
290.0000	20.0000	20.0000	1.123620300
300.0000	20.0000	20.0000	0.407925900
310.0000	20.0000	20.0000	0.154801250
320.0000	20.0000	20.0000	0.112863280
330.0000	20.0000	20.0000	0.136052640
340.0000	20.0000	20.0000	0.774765730
350.0000	20.0000	20.0000	0.789311050
360.0000	20.0000	20.0000	1.000000000
0.0000	30.0000	20.0000	0.855520600
10.0000	30.0000	20.0000	0.632521500
20.0000	30.0000	20.0000	0.296122850
30.0000	30.0000	20.0000	0.587433100
40.0000	30.0000	20.0000	0.805371100
50.0000	30.0000	20.0000	0.449170050
60.0000	30.0000	20.0000	0.297104400
70.0000	30.0000	20.0000	0.448676760
80.0000	30.0000	20.0000	0.559385960
90.0000	30.0000	20.0000	0.657204300
100.0000	30.0000	20.0000	1.120947500
110.0000	30.0000	20.0000	1.188615300
120.0000	30.0000	20.0000	0.757408200
130.0000	30.0000	20.0000	0.414902330
140.0000	30.0000	20.0000	0.463661580
150.0000	30.0000	20.0000	1.757034700
160.0000	30.0000	20.0000	3.171700200
170.0000	30.0000	20.0000	2.818260000
180.0000	30.0000	20.0000	1.112912300
190.0000	30.0000	20.0000	0.432704270
200.0000	30.0000	20.0000	0.363106340
210.0000	30.0000	20.0000	0.581496060
220.0000	30.0000	20.0000	1.583785900
230.0000	30.0000	20.0000	1.455838600
240.0000	30.0000	20.0000	1.007192900
250.0000	30.0000	20.0000	0.741329500
260.0000	30.0000	20.0000	0.696627700
270.0000	30.0000	20.0000	0.630392800
280.0000	30.0000	20.0000	0.803800000
290.0000	30.0000	20.0000	1.253638300
300.0000	30.0000	20.0000	0.702526700
310.0000	30.0000	20.0000	0.396754470
320.0000	30.0000	20.0000	0.256049070
330.0000	30.0000	20.0000	0.216625760
340.0000	30.0000	20.0000	0.233641340
350.0000	30.0000	20.0000	0.825477000
360.0000	30.0000	20.0000	1.000000000
0.0000	40.0000	20.0000	0.162002790
10.0000	40.0000	20.0000	0.165910450
20.0000	40.0000	20.0000	0.233394280
30.0000	40.0000	20.0000	0.698304300
40.0000	40.0000	20.0000	1.166372900
50.0000	40.0000	20.0000	0.449206050
60.0000	40.0000	20.0000	0.219558720
70.0000	40.0000	20.0000	0.386273900
80.0000	40.0000	20.0000	0.356867100
90.0000	40.0000	20.0000	0.432814870
100.0000	40.0000	20.0000	0.779162400
110.0000	40.0000	20.0000	0.621178870
120.0000	40.0000	20.0000	0.660750750
130.0000	40.0000	20.0000	0.775154900
140.0000	40.0000	20.0000	0.544395300
150.0000	40.0000	20.0000	1.267904800
160.0000	40.0000	20.0000	1.606639300
170.0000	40.0000	20.0000	0.851686540
180.0000	40.0000	20.0000	0.915996900
190.0000	40.0000	20.0000	0.524625900
200.0000	40.0000	20.0000	0.440366450
210.0000	40.0000	20.0000	1.426903100
220.0000	40.0000	20.0000	2.427766000
230.0000	40.0000	20.0000	1.190435500
240.0000	40.0000	20.0000	0.745107350
250.0000	40.0000	20.0000	0.636844160
260.0000	40.0000	20.0000	0.554134670
270.0000	40.0000	20.0000	0.599677100
280.0000	40.0000	20.0000	0.654690000
290.0000	40.0000	20.0000	1.274935600
300.0000	40.0000	20.0000	0.860421200
310.0000	40.0000	20.0000	0.968000050
320.0000	40.0000	20.0000	0.692603500
330.0000	40.0000	20.0000	0.690365900
340.0000	40.0000	20.0000	1.046672300
350.0000	40.0000	20.0000	1.252477000
360.0000	40.0000	20.0000	1.000000000
0.0000	50.0000	20.0000	1.038385500
10.0000	50.0000	20.0000	0.651518050
20.0000	50.0000	20.0000	0.503262640
30.0000	50.0000	20.0000	0.921472670
40.0000	50.0000	20.0000	1.884023200
50.0000	50.0000	20.0000	1.424456700
60.0000	50.0000	20.0000	0.847773000
70.0000	50.0000	20.0000	0.636723760
80.0000	50.0000	20.0000	0.681472840
90.0000	50.0000	20.0000	0.741814600
100.0000	50.0000	20.0000	0.762667950
110.0000	50.0000	20.0000	0.623665100
120.0000	50.0000	20.0000	0.423172740
130.0000	50.0000	20.0000	0.572473500
140.0000	50.0000	20.0000	0.513062000
150.0000	50.0000	20.0000	0.593981150
160.0000	50.0000	20.0000	0.423560470
170.0000	50.0000	20.0000	0.748591300
180.0000	50.0000	20.0000	0.854406500
190.0000	50.0000	20.0000	0.494016300
200.0000	50.0000	20.0000	0.663645900
210.0000	50.0000	20.0000	1.661512300
220.0000	50.0000	20.0000	1.640553800
230.0000	50.0000	20.0000	0.814709540
240.0000	50.0000	20.0000	0.782301070
250.0000	50.0000	20.0000	0.671644700
260.0000	50.0000	20.0000	0.490736370
270.0000	50.0000	20.0000	0.531933200
280.0000	50.0000	20.0000	0.797631100
290.0000	50.0000	20.0000	0.727234100
300.0000	50.0000	20.0000	0.901674150
310.0000	50.0000	20.0000	0.516069600
320.0000	50.0000	20.0000	0.459205540
330.0000	50.0000	20.0000	0.760598200
340.0000	50.0000	20.0000	0.758276640
350.0000	50.0000	20.0000	0.989759860
360.0000	50.0000	20.0000	1.000000000
0.0000	60.0000	20.0000	0.402507750
10.0000	60.0000	20.0000	0.312359200
20.0000	60.0000	20.0000	0.583210050
30.0000	60.0000	20.0000	0.590649300
40.0000	60.0000	20.0000	0.868182900
50.0000	60.0000	20.0000	1.204674700
60.0000	60.0000	20.0000	0.846902400
70.0000	60.0000	20.0000	2.051769000
80.0000	60.0000	20.0000	1.445712100
90.0000	60.0000	20.0000	0.225534750
100.0000	60.0000	20.0000	0.184277530
110.0000	60.0000	20.0000	0.305340700
120.0000	60.0000	20.0000	0.289438300
130.0000	60.0000	20.0000	0.444898750
140.0000	60.0000	20.0000	0.818654300
150.0000	60.0000	20.0000	1.071092400
160.0000	60.0000	20.0000	0.979564850
170.0000	60.0000	20.0000	2.139634600
180.0000	60.0000	20.0000	1.074057900
190.0000	60.0000	20.0000	0.589076760
200.0000	60.0000	20.0000	0.903330150
210.0000	60.0000	20.0000	1.112996100
220.0000	60.0000	20.0000	1.686523700
230.0000	60.0000	20.0000	1.585753400
240.0000	60.0000	20.0000	0.962547960
250.0000	60.0000	20.0000	1.170344400
260.0000	60.0000	20.0000	0.918133500
270.0000	60.0000	20.0000	0.461333700
280.0000	60.0000	20.0000	0.257808920
290.0000	60.0000	20.0000	0.309445680
300.0000	60.0000	20.0000	0.426309970
310.0000	60.0000	20.0000	0.264337400
320.0000	60.0000	20.0000	0.506584760
330.0000	60.0000	20.0000	0.914309700
340.0000	60.0000	20.0000	0.789430440
350.0000	60.0000	20.0000	1.401977100
360.0000	60.0000	20.0000	1.000000000
0.0000	70.0000	20.0000	0.770735200
10.0000	70.0000	20.0000	0.439091740
20.0000	70.0000	20.0000	0.495908860
30.0000	70.0000	20.0000	0.615504500
40.0000	70.0000	20.0000	0.692886300
50.0000	70.0000	20.0000	0.858206100
60.0000	70.0000	20.0000	0.616976200
70.0000	70.0000	20.0000	1.573185700
80.0000	70.0000	20.0000	0.575147330
90.0000	70.0000	20.0000	0.074164600
100.0000	70.0000	20.0000	0.068714894
110.0000	70.0000	20.0000	0.161524310
120.0000	70.0000	20.0000	0.209172950
130.0000	70.0000	20.0000	0.278123050
140.0000	70.0000	20.0000	0.628007400
150.0000	70.0000	20.0000	1.209494600
160.0000	70.0000	20.0000	2.533638000
170.0000	70.0000	20.0000	3.738970300
180.0000	70.0000	20.0000	1.061645900
190.0000	70.0000	20.0000	1.018019000
200.0000	70.0000	20.0000	1.289824700
210.0000	70.0000	20.0000	0.845779840
220.0000	70.0000	20.0000	1.175449300
230.0000	70.0000	20.0000	1.080401800
240.0000	70.0000	20.0000	0.366885570
250.0000	70.0000	20.0000	0.620740100
260.0000	70.0000	20.0000	0.423329140
270.0000	70.0000	20.0000	0.197486830
280.0000	70.0000	20.0000	0.134808400
290.0000	70.0000	20.0000	0.180272180
300.0000	70.0000	20.0000	0.498918030
310.0000	70.0000	20.0000	0.833465160
320.0000	70.0000	20.0000	1.152424800
330.0000	70.0000	20.0000	1.203080200
340.0000	70.0000	20.0000	1.413881000
350.0000	70.0000	20.0000	3.224732200
360.0000	70.0000	20.0000	1.000000000
0.0000	80.0000	20.0000	0.263199780
10.0000	80.0000	20.0000	0.391397060
20.0000	80.0000	20.0000	1.090209100
30.0000	80.0000	20.0000	0.796210350
40.0000	80.0000	20.0000	0.696229760
50.0000	80.0000	20.0000	0.407753320
60.0000	80.0000	20.0000	0.235719670
70.0000	80.0000	20.0000	0.345190100
80.0000	80.0000	20.0000	0.617547600
90.0000	80.0000	20.0000	0.322373720
100.0000	80.0000	20.0000	0.233805920
110.0000	80.0000	20.0000	0.456820580
120.0000	80.0000	20.0000	0.507147130
130.0000	80.0000	20.0000	0.434885400
140.0000	80.0000	20.0000	0.491485900
150.0000	80.0000	20.0000	0.690429100
160.0000	80.0000	20.0000	2.943847200
170.0000	80.0000	20.0000	9.252099000
180.0000	80.0000	20.0000	6.163306000
190.0000	80.0000	20.0000	6.088048000
200.0000	80.0000	20.0000	2.663240000
210.0000	80.0000	20.0000	0.977306250
220.0000	80.0000	20.0000	0.653545600
230.0000	80.0000	20.0000	0.416521670
240.0000	80.0000	20.0000	0.223339130
250.0000	80.0000	20.0000	0.455532760
260.0000	80.0000	20.0000	0.273688600
270.0000	80.0000	20.0000	0.282053830
280.0000	80.0000	20.0000	0.460351350
290.0000	80.0000	20.0000	0.684278850
300.0000	80.0000	20.0000	0.506558200
310.0000	80.0000	20.0000	0.564805400
320.0000	80.0000	20.0000	0.616458900
330.0000	80.0000	20.0000	0.842522440
340.0000	80.0000	20.0000	1.571381200
350.0000	80.0000	20.0000	4.419291000
360.0000	80.0000	20.0000	1.000000000
0.0000	90.0000	20.0000	4.533619400
10.0000	90.0000	20.0000	2.228803400
20.0000	90.0000	20.0000	3.458100300
30.0000	90.0000	20.0000	0.599468700
40.0000	90.0000	20.0000	0.553442300
50.0000	90.0000	20.0000	0.157652100
60.0000	90.0000	20.0000	0.112835795
70.0000	90.0000	20.0000	0.297311160
80.0000	90.0000	20.0000	0.870545800
90.0000	90.0000	20.0000	0.581459160
100.0000	90.0000	20.0000	0.426288720
110.0000	90.0000	20.0000	0.923975770
120.0000	90.0000	20.0000	0.902917100
130.0000	90.0000	20.0000	0.684641000
140.0000	90.0000	20.0000	0.695201160
150.0000	90.0000	20.0000	0.959919870
160.0000	90.0000	20.0000	5.064981500
170.0000	90.0000	20.0000	13.435688000
180.0000	90.0000	20.0000	12.898816000
190.0000	90.0000	20.0000	14.863286000
200.0000	90.0000	20.0000	3.151611600
210.0000	90.0000	20.0000	0.822531700
220.0000	90.0000	20.0000	0.580425700
230.0000	90.0000	20.0000	0.398247700
240.0000	90.0000	20.0000	0.409892440
250.0000	90.0000	20.0000	0.776003900
260.0000	90.0000	20.0000	0.422495370
270.0000	90.0000	20.0000	0.451128780
280.0000	90.0000	20.0000	0.926603500
290.0000	90.0000	20.0000	1.966383100
300.0000	90.0000	20.0000	0.444376950
310.0000	90.0000	20.0000	0.303266320
320.0000	90.0000	20.0000	0.385863360
330.0000	90.0000	20.0000	0.725612800
340.0000	90.0000	20.0000	1.740859200
350.0000	90.0000	20.0000	4.545939400
360.0000	90.0000	20.0000	1.000000000
0.0000	0.0000	30.0000	1.000000000
10.0000	0.0000	30.0000	1.000000000
20.0000	0.0000	30.0000	1.000000000
30.0000	0.0000	30.0000	1.000000000
40.0000	0.0000	30.0000	1.000000000
50.0000	0.0000	30.0000	1.000000000
60.0000	0.0000	30.0000	1.000000000
70.0000	0.0000	30.0000	1.000000000
80.0000	0.0000	30.0000	1.000000000
90.0000	0.0000	30.0000	1.000000000
100.0000	0.0000	30.0000	1.000000000
110.0000	0.0000	30.0000	1.000000000
120.0000	0.0000	30.0000	1.000000000
130.0000	0.0000	30.0000	1.000000000
140.0000	0.0000	30.0000	1.000000000
150.0000	0.0000	30.0000	1.000000000
160.0000	0.0000	30.0000	1.000000000
170.0000	0.0000	30.0000	1.000000000
180.0000	0.0000	30.0000	1.000000000
190.0000	0.0000	30.0000	1.000000000
200.0000	0.0000	30.0000	1.000000000
210.0000	0.0000	30.0000	1.000000000
220.0000	0.0000	30.0000	1.000000000
230.0000	0.0000	30.0000	1.000000000
240.0000	0.0000	30.0000	1.000000000
250.0000	0.0000	30.0000	1.000000000
260.0000	0.0000	30.0000	1.000000000
270.0000	0.0000	30.0000	1.000000000
280.0000	0.0000	30.0000	1.000000000
290.0000	0.0000	30.0000	1.000000000
300.0000	0.0000	30.0000	1.000000000
310.0000	0.0000	30.0000	1.000000000
320.0000	0.0000	30.0000	1.000000000
330.0000	0.0000	30.0000	1.000000000
340.0000	0.0000	30.0000	1.000000000
350.0000	0.0000	30.0000	1.000000000
360.0000	0.0000	30.0000	1.000000000
0.0000	10.0000	30.0000	0.487165750
10.0000	10.0000	30.0000	0.566333200
20.0000	10.0000	30.0000	4.795234000
30.0000	10.0000	30.0000	0.323522630
40.0000	10.0000	30.0000	0.741324000
50.0000	10.0000	30.0000	0.214374480
60.0000	10.0000	30.0000	0.078370270
70.0000	10.0000	30.0000	0.258638680
80.0000	10.0000	30.0000	0.823244000
90.0000	10.0000	30.0000	0.471581220
100.0000	10.0000	30.0000	0.847286700
110.0000	10.0000	30.0000	0.623012070
120.0000	10.0000	30.0000	0.100012116
130.0000	10.0000	30.0000	0.153066960
140.0000	10.0000	30.0000	0.423959820
150.0000	10.0000	30.0000	0.160211040
160.0000	10.0000	30.0000	1.945061900
170.0000	10.0000	30.0000	1.983345600
180.0000	10.0000	30.0000	0.698277600
190.0000	10.0000	30.0000	2.806728600
200.0000	10.0000	30.0000	5.714298200
210.0000	10.0000	30.0000	0.137923930
220.0000	10.0000	30.0000	0.525739250
230.0000	10.0000	30.0000	0.142880320
240.0000	10.0000	30.0000	0.153502870
250.0000	10.0000	30.0000	0.844933600
260.0000	10.0000	30.0000	0.428417120
270.0000	10.0000	30.0000	0.280247030
280.0000	10.0000	30.0000	0.550017000
290.0000	10.0000	30.0000	0.805554200
300.0000	10.0000	30.0000	0.105653840
310.0000	10.0000	30.0000	0.111223660
320.0000	10.0000	30.0000	0.632813040
330.0000	10.0000	30.0000	0.331422480
340.0000	10.0000	30.0000	3.626053600
350.0000	10.0000	30.0000	5.724428700
360.0000	10.0000	30.0000	1.000000000
0.0000	20.0000	30.0000	1.338082100
10.0000	20.0000	30.0000	1.884110800
20.0000	20.0000	30.0000	1.196654200
30.0000	20.0000	30.0000	0.841255500
40.0000	20.0000	30.0000	1.076654900
50.0000	20.0000	30.0000	0.614003200
60.0000	20.0000	30.0000	0.753358700
70.0000	20.0000	30.0000	1.113706800
80.0000	20.0000	30.0000	2.775347000
90.0000	20.0000	30.0000	3.651764900
100.0000	20.0000	30.0000	3.442960300
110.0000	20.0000	30.0000	1.795247200
120.0000	20.0000	30.0000	0.687341200
130.0000	20.0000	30.0000	0.541953500
140.0000	20.0000	30.0000	0.788634960
150.0000	20.0000	30.0000	0.481896850
160.0000	20.0000	30.0000	0.750642960
170.0000	20.0000	30.0000	1.143458600
180.0000	20.0000	30.0000	0.611856200
190.0000	20.0000	30.0000	2.442081500
200.0000	20.0000	30.0000	1.561653300
210.0000	20.0000	30.0000	0.435871720
220.0000	20.0000	30.0000	0.655794800
230.0000	20.0000	30.0000	0.360875960
240.0000	20.0000	30.0000	0.484364480
250.0000	20.0000	30.0000	1.193887200
260.0000	20.0000	30.0000	1.467376400
270.0000	20.0000	30.0000	1.266954300
280.0000	20.0000	30.0000	1.444477200
290.0000	20.0000	30.0000	1.595340300
300.0000	20.0000	30.0000	0.482388530
310.0000	20.0000	30.0000	0.258735950
320.0000	20.0000	30.0000	0.469172330
330.0000	20.0000	30.0000	0.393155300
340.0000	20.0000	30.0000	1.401719800
350.0000	20.0000	30.0000	0.899758640
360.0000	20.0000	30.0000	1.000000000
0.0000	30.0000	30.0000	1.111449100
10.0000	30.0000	30.0000	1.661108700
20.0000	30.0000	30.0000	1.179529400
30.0000	30.0000	30.0000	0.819248140
40.0000	30.0000	30.0000	0.541449400
50.0000	30.0000	30.0000	0.329869660
60.0000	30.0000	30.0000	0.564307400
70.0000	30.0000	30.0000	0.643101000
80.0000	30.0000	30.0000	1.448870100
90.0000	30.0000	30.0000	2.624162200
100.0000	30.0000	30.0000	2.123411400
110.0000	30.0000	30.0000	1.089281200
120.0000	30.0000	30.0000	0.617405100
130.0000	30.0000	30.0000	0.418767480
140.0000	30.0000	30.0000	1.345875700
150.0000	30.0000	30.0000	2.149141300
160.0000	30.0000	30.0000	1.882085200
170.0000	30.0000	30.0000	1.678005000
180.0000	30.0000	30.0000	0.883665400
190.0000	30.0000	30.0000	0.928983700
200.0000	30.0000	30.0000	0.974595100
210.0000	30.0000	30.0000	1.978630700
220.0000	30.0000	30.0000	1.945386300
230.0000	30.0000	30.0000	0.465308340
240.0000	30.0000	30.0000	0.639994560
250.0000	30.0000	30.0000	0.989612340
260.0000	30.0000	30.0000	1.485787300
270.0000	30.0000	30.0000	1.850222500
280.0000	30.0000	30.0000	2.227237000
290.0000	30.0000	30.0000	2.406349400
300.0000	30.0000	30.0000	0.554073800
310.0000	30.0000	30.0000	0.144630130
320.0000	30.0000	30.0000	0.336101470
330.0000	30.0000	30.0000	0.558690100
340.0000	30.0000	30.0000	1.056486600
350.0000	30.0000	30.0000	1.471208300
360.0000	30.0000	30.0000	1.000000000
0.0000	40.0000	30.0000	0.248381870
10.0000	40.0000	30.0000	0.465481130
20.0000	40.0000	30.0000	1.271022900
30.0000	40.0000	30.0000	0.990921900
40.0000	40.0000	30.0000	0.561807300
50.0000	40.0000	30.0000	0.473821200
60.0000	40.0000	30.0000	0.510874200
70.0000	40.0000	30.0000	0.338937700
80.0000	40.0000	30.0000	0.186083600
90.0000	40.0000	30.0000	0.172475800
100.0000	40.0000	30.0000	0.372838470
110.0000	40.0000	30.0000	0.467610240
120.0000	40.0000	30.0000	0.466983530
130.0000	40.0000	30.0000	0.383699420
140.0000	40.0000	30.0000	0.695175350
150.0000	40.0000	30.0000	1.331131700
160.0000	40.0000	30.0000	2.749365800
170.0000	40.0000	30.0000	0.873860540
180.0000	40.0000	30.0000	0.729522800
190.0000	40.0000	30.0000	1.646134600
200.0000	40.0000	30.0000	2.216615700
210.0000	40.0000	30.0000	2.087384500
220.0000	40.0000	30.0000	1.212545200
230.0000	40.0000	30.0000	0.561949000
240.0000	40.0000	30.0000	0.638699400
250.0000	40.0000	30.0000	0.999514400
260.0000	40.0000	30.0000	0.583854900
270.0000	40.0000	30.0000	0.540593450
280.0000	40.0000	30.0000	1.328911500
290.0000	40.0000	30.0000	1.277365900
300.0000	40.0000	30.0000	0.473102420
310.0000	40.0000	30.0000	0.382478030
320.0000	40.0000	30.0000	0.838717200
330.0000	40.0000	30.0000	0.856326640
340.0000	40.0000	30.0000	1.230569600
350.0000	40.0000	30.0000	1.096706400
360.0000	40.0000	30.0000	1.000000000
0.0000	50.0000	30.0000	1.167639900
10.0000	50.0000	30.0000	1.456625500
20.0000	50.0000	30.0000	1.670446400
30.0000	50.0000	30.0000	1.430601700
40.0000	50.0000	30.0000	1.284125100
50.0000	50.0000	30.0000	1.540301800
60.0000	50.0000	30.0000	1.680815000
70.0000	50.0000	30.0000	1.163987500
80.0000	50.0000	30.0000	0.414253260
90.0000	50.0000	30.0000	0.228280010
100.0000	50.0000	30.0000	0.650371600
110.0000	50.0000	30.0000	1.018639600
120.0000	50.0000	30.0000	1.284524400
130.0000	50.0000	30.0000	0.887272060
140.0000	50.0000	30.0000	0.938678200
150.0000	50.0000	30.0000	1.525784600
160.0000	50.0000	30.0000	2.596405000
170.0000	50.0000	30.0000	1.192015600
180.0000	50.0000	30.0000	0.939136300
190.0000	50.0000	30.0000	2.052785900
200.0000	50.0000	30.0000	2.364108300
210.0000	50.0000	30.0000	1.218370700
220.0000	50.0000	30.0000	0.988957500
230.0000	50.0000	30.0000	0.647402800
240.0000	50.0000	30.0000	0.547155140
250.0000	50.0000	30.0000	0.328082300
260.0000	50.0000	30.0000	0.268842040
270.0000	50.0000	30.0000	0.364939750
280.0000	50.0000	30.0000	0.745918040
290.0000	50.0000	30.0000	0.461191270
300.0000	50.0000	30.0000	0.378042220
310.0000	50.0000	30.0000	0.636368930
320.0000	50.0000	30.0000	1.789208400
330.0000	50.0000	30.0000	1.307822000
340.0000	50.0000	30.0000	1.372651200
350.0000	50.0000	30.0000	1.295992500
360.0000	50.0000	30.0000	1.000000000
0.0000	60.0000	30.0000	0.749856000
10.0000	60.0000	30.0000	0.995975730
20.0000	60.0000	30.0000	3.039592500
30.0000	60.0000	30.0000	1.583840300
40.0000	60.0000	30.0000	1.371154300
50.0000	60.0000	30.0000	1.711518200
60.0000	60.0000	30.0000	0.902549700
70.0000	60.0000	30.0000	0.858583570
80.0000	60.0000	30.0000	0.554246600
90.0000	60.0000	30.0000	0.113362110
100.0000	60.0000	30.0000	0.245112100
110.0000	60.0000	30.0000	0.414287180
120.0000	60.0000	30.0000	0.659269400
130.0000	60.0000	30.0000	1.324013200
140.0000	60.0000	30.0000	2.398912700
150.0000	60.0000	30.0000	2.654875300
160.0000	60.0000	30.0000	3.528714400
170.0000	60.0000	30.0000	2.432643400
180.0000	60.0000	30.0000	1.251452900
190.0000	60.0000	30.0000	1.832241300
200.0000	60.0000	30.0000	1.866582400
210.0000	60.0000	30.0000	1.057046800
220.0000	60.0000	30.0000	1.659273700
230.0000	60.0000	30.0000	1.082432200
240.0000	60.0000	30.0000	0.521407500
250.0000	60.0000	30.0000	0.230770270
260.0000	60.0000	30.0000	0.194849330
270.0000	60.0000	30.0000	0.223844770
280.0000	60.0000	30.0000	0.273118100
290.0000	60.0000	30.0000	0.430734780
300.0000	60.0000	30.0000	0.561230960
310.0000	60.0000	30.0000	0.723518430
320.0000	60.0000	30.0000	1.564212700
330.0000	60.0000	30.0000	1.490304800
340.0000	60.0000	30.0000	1.665893200
350.0000	60.0000	30.0000	2.193232300
360.0000	60.0000	30.0000	1.000000000
0.0000	70.0000	30.0000	1.517902000
10.0000	70.0000	30.0000	1.792258500
20.0000	70.0000	30.0000	3.530117000
30.0000	70.0000	30.0000	1.738338500
40.0000	70.0000	30.0000	1.143298400
50.0000	70.0000	30.0000	1.057868600
60.0000	70.0000	30.0000	0.633645240
70.0000	70.0000	30.0000	0.634456930
80.0000	70.0000	30.0000	0.196166220
90.0000	70.0000	30.0000	0.038786040
100.0000	70.0000	30.0000	0.070813365
110.0000	70.0000	30.0000	0.142142100
120.0000	70.0000	30.0000	0.259091200
130.0000	70.0000	30.0000	0.570237930
140.0000	70.0000	30.0000	1.065249300
150.0000	70.0000	30.0000	1.512520200
160.0000	70.0000	30.0000	4.104266000
170.0000	70.0000	30.0000	3.251428400
180.0000	70.0000	30.0000	1.292619500
190.0000	70.0000	30.0000	2.220646900
200.0000	70.0000	30.0000	2.511150100
210.0000	70.0000	30.0000	1.013952100
220.0000	70.0000	30.0000	1.078145700
230.0000	70.0000	30.0000	0.525526940
240.0000	70.0000	30.0000	0.297528740
250.0000	70.0000	30.0000	0.516688600
260.0000	70.0000	30.0000	0.185275700
270.0000	70.0000	30.0000	0.103318440
280.0000	70.0000	30.0000	0.121758940
290.0000	70.0000	30.0000	0.300684930
300.0000	70.0000	30.0000	0.835598100
310.0000	70.0000	30.0000	2.407059200
320.0000	70.0000	30.0000	2.073168000
330.0000	70.0000	30.0000	1.149283800
340.0000	70.0000	30.0000	2.892486000
350.0000	70.0000	30.0000	4.618864500
360.0000	70.0000	30.0000	1.000000000
0.0000	80.0000	30.0000	0.842572750
10.0000	80.0000	30.0000	1.558360900
20.0000	80.0000	30.0000	4.693367000
30.0000	80.0000	30.0000	1.405115500
40.0000	80.0000	30.0000	0.918177960
50.0000	80.0000	30.0000	0.672538340
60.0000	80.0000	30.0000	0.566204370
70.0000	80.0000	30.0000	0.633092800
80.0000	80.0000	30.0000	0.522237540
90.0000	80.0000	30.0000	0.306729080
100.0000	80.0000	30.0000	0.273582500
110.0000	80.0000	30.0000	0.473906500
120.0000	80.0000	30.0000	0.464013670
130.0000	80.0000	30.0000	0.589749000
140.0000	80.0000	30.0000	0.875463800
150.0000	80.0000	30.0000	1.243053900
160.0000	80.0000	30.0000	4.260127000
170.0000	80.0000	30.0000	8.058223000
180.0000	80.0000	30.0000	6.299080000
190.0000	80.0000	30.0000	8.091023000
200.0000	80.0000	30.0000	4.065522700
210.0000	80.0000	30.0000	1.164147000
220.0000	80.0000	30.0000	0.858561160
230.0000	80.0000	30.0000	0.375604500
240.0000	80.0000	30.0000	0.273851800
250.0000	80.0000	30.0000	0.712947550
260.0000	80.0000	30.0000	0.311422170
270.0000	80.0000	30.0000	0.192539020
280.0000	80.0000	30.0000	0.298442840
290.0000	80.0000	30.0000	0.633559640
300.0000	80.0000	30.0000	0.565368530
310.0000	80.0000	30.0000	1.015798300
320.0000	80.0000	30.0000	0.937259200
330.0000	80.0000	30.0000	0.852625800
340.0000	80.0000	30.0000	2.870562600
350.0000	80.0000	30.0000	8.990769000
360.0000	80.0000	30.0000	1.000000000
0.0000	90.0000	30.0000	10.015562000
10.0000	90.0000	30.0000	5.993081000
20.0000	90.0000	30.0000	8.365541000
30.0000	90.0000	30.0000	1.639460300
40.0000	90.0000	30.0000	1.319651400
50.0000	90.0000	30.0000	0.927148000
60.0000	90.0000	30.0000	0.695033700
70.0000	90.0000	30.0000	0.711895760
80.0000	90.0000	30.0000	0.809119640
90.0000	90.0000	30.0000	0.732233200
100.0000	90.0000	30.0000	0.924298100
110.0000	90.0000	30.0000	1.602347100
120.0000	90.0000	30.0000	1.023011900
130.0000	90.0000	30.0000	1.364670500
140.0000	90.0000	30.0000	1.798058200
150.0000	90.0000	30.0000	1.908264800
160.0000	90.0000	30.0000	5.337589300
170.0000	90.0000	30.0000	11.550663000
180.0000	90.0000	30.0000	11.695036000
190.0000	90.0000	30.0000	15.959266000
200.0000	90.0000	30.0000	5.027887000
210.0000	90.0000	30.0000	1.468787600
220.0000	90.0000	30.0000	1.161713800
230.0000	90.0000	30.0000	0.804127400
240.0000	90.0000	30.0000	0.633297260
250.0000	90.0000	30.0000	0.749309840
260.0000	90.0000	30.0000	0.404548230
270.0000	90.0000	30.0000	0.353821200
280.0000	90.0000	30.0000	0.963183300
290.0000	90.0000	30.0000	1.166325900
300.0000	90.0000	30.0000	0.473363730
310.0000	90.0000	30.0000	0.649065800
320.0000	90.0000	30.0000	0.685026500
330.0000	90.0000	30.0000	0.896879850
340.0000	90.0000	30.0000	2.611594200
350.0000	90.0000	30.0000	10.307031000
360.0000	90.0000	30.0000	1.000000000
0.0000	0.0000	40.0000	1.000000000
10.0000	0.0000	40.0000	1.000000000
20.0000	0.0000	40.0000	1.000000000
30.0000	0.0000	40.0000	1.000000000
40.0000	0.0000	40.0000	1.000000000
50.0000	0.0000	40.0000	1.000000000
60.0000	0.0000	40.0000	1.000000000
70.0000	0.0000	40.0000	1.000000000
80.0000	0.0000	40.0000	1.000000000
90.0000	0.0000	40.0000	1.000000000
100.0000	0.0000	40.0000	1.000000000
110.0000	0.0000	40.0000	1.000000000
120.0000	0.0000	40.0000	1.000000000
130.0000	0.0000	40.0000	1.000000000
140.0000	0.0000	40.0000	1.000000000
150.0000	0.0000	40.0000	1.000000000
160.0000	0.0000	40.0000	1.000000000
170.0000	0.0000	40.0000	1.000000000
180.0000	0.0000	40.0000	1.000000000
190.0000	0.0000	40.0000	1.000000000
200.0000	0.0000	40.0000	1.000000000
210.0000	0.0000	40.0000	1.000000000
220.0000	0.0000	40.0000	1.000000000
230.0000	0.0000	40.0000	1.000000000
240.0000	0.0000	40.0000	1.000000000
250.0000	0.0000	40.0000	1.000000000
260.0000	0.0000	40.0000	1.000000000
270.0000	0.0000	40.0000	1.000000000
280.0000	0.0000	40.0000	1.000000000
290.0000	0.0000	40.0000	1.000000000
300.0000	0.0000	40.0000	1.000000000
310.0000	0.0000	40.0000	1.000000000
320.0000	0.0000	40.0000	1.000000000
330.0000	0.0000	40.0000	1.000000000
340.0000	0.0000	40.0000	1.000000000
350.0000	0.0000	40.0000	1.000000000
360.0000	0.0000	40.0000	1.000000000
0.0000	10.0000	40.0000	0.499674700
10.0000	10.0000	40.0000	0.650825300
20.0000	10.0000	40.0000	5.065973000
30.0000	10.0000	40.0000	0.363372500
40.0000	10.0000	40.0000	0.293242630
50.0000	10.0000	40.0000	0.100317550
60.0000	10.0000	40.0000	0.261002660
70.0000	10.0000	40.0000	1.027598000
80.0000	10.0000	40.0000	0.777416940
90.0000	10.0000	40.0000	0.373561470
100.0000	10.0000	40.0000	0.359992030
110.0000	10.0000	40.0000	0.273733440
120.0000	10.0000	40.0000	1.021619900
130.0000	10.0000	40.0000	1.013978600
140.0000	10.0000	40.0000	0.246562120
150.0000	10.0000	40.0000	0.176497000
160.0000	10.0000	40.0000	1.180128900
170.0000	10.0000	40.0000	1.077578000
180.0000	10.0000	40.0000	1.192556500
190.0000	10.0000	40.0000	4.153071400
200.0000	10.0000	40.0000	3.505090700
210.0000	10.0000	40.0000	0.437824580
220.0000	10.0000	40.0000	0.311789800
230.0000	10.0000	40.0000	0.070747994
240.0000	10.0000	40.0000	0.235466550
250.0000	10.0000	40.0000	0.495608540
260.0000	10.0000	40.0000	0.782293440
270.0000	10.0000	40.0000	0.965172600
280.0000	10.0000	40.0000	0.340472400
290.0000	10.0000	40.0000	0.184528540
300.0000	10.0000	40.0000	0.426738500
310.0000	10.0000	40.0000	0.772492700
320.0000	10.0000	40.0000	1.018282500
330.0000	10.0000	40.0000	0.390007140
340.0000	10.0000	40.0000	2.830268100
350.0000	10.0000	40.0000	2.752071000
360.0000	10.0000	40.0000	1.000000000
0.0000	20.0000	40.0000	1.353216600
10.0000	20.0000	40.0000	2.392318500
20.0000	20.0000	40.0000	1.126147600
30.0000	20.0000	40.0000	0.372987800
40.0000	20.0000	40.0000	0.198159140
50.0000	20.0000	40.0000	0.113401520
60.0000	20.0000	40.0000	0.334980600
70.0000	20.0000	40.0000	1.801563300
80.0000	20.0000	40.0000	1.224195800
90.0000	20.0000	40.0000	0.654122950
100.0000	20.0000	40.0000	0.647007940
110.0000	20.0000	40.0000	0.429805800
120.0000	20.0000	40.0000	0.902009800
130.0000	20.0000	40.0000	1.364843200
140.0000	20.0000	40.0000	0.452169060
150.0000	20.0000	40.0000	0.512331370
160.0000	20.0000	40.0000	0.680134300
170.0000	20.0000	40.0000	0.687545960
180.0000	20.0000	40.0000	0.766224300
190.0000	20.0000	40.0000	2.939004700
200.0000	20.0000	40.0000	0.895382300
210.0000	20.0000	40.0000	0.388279680
220.0000	20.0000	40.0000	0.132012770
230.0000	20.0000	40.0000	0.053327095
240.0000	20.0000	40.0000	0.170765460
250.0000	20.0000	40.0000	0.995338140
260.0000	20.0000	40.0000	1.282892300
270.0000	20.0000	40.0000	0.805548100
280.0000	20.0000	40.0000	0.349318950
290.0000	20.0000	40.0000	0.435239520
300.0000	20.0000	40.0000	0.404725020
310.0000	20.0000	40.0000	1.064633400
320.0000	20.0000	40.0000	0.745014970
330.0000	20.0000	40.0000	0.400528000
340.0000	20.0000	40.0000	0.911419100
350.0000	20.0000	40.0000	0.389033100
360.0000	20.0000	40.0000	1.000000000
0.0000	30.0000	40.0000	1.435342400
10.0000	30.0000	40.0000	1.918768800
20.0000	30.0000	40.0000	0.485534300
30.0000	30.0000	40.0000	0.337426630
40.0000	30.0000	40.0000	0.244410590
50.0000	30.0000	40.0000	0.715261340
60.0000	30.0000	40.0000	0.781353200
70.0000	30.0000	40.0000	0.734148200
80.0000	30.0000	40.0000	0.870996650
90.0000	30.0000	40.0000	0.724309100
100.0000	30.0000	40.0000	0.820105300
110.0000	30.0000	40.0000	0.619774800
120.0000	30.0000	40.0000	0.683648700
130.0000	30.0000	40.0000	0.486079420
140.0000	30.0000	40.0000	0.799175600
150.0000	30.0000	40.0000	0.921940270
160.0000	30.0000	40.0000	0.328129080
170.0000	30.0000	40.0000	0.415155530
180.0000	30.0000	40.0000	0.811474260
190.0000	30.0000	40.0000	0.855662900
200.0000	30.0000	40.0000	0.850911200
210.0000	30.0000	40.0000	0.973384700
220.0000	30.0000	40.0000	0.413239120
230.0000	30.0000	40.0000	0.309248900
240.0000	30.0000	40.0000	0.610614400
250.0000	30.0000	40.0000	0.861955200
260.0000	30.0000	40.0000	0.595287800
270.0000	30.0000	40.0000	0.458236160
280.0000	30.0000	40.0000	0.712463800
290.0000	30.0000	40.0000	1.043259100
300.0000	30.0000	40.0000	0.728907050
310.0000	30.0000	40.0000	0.531073700
320.0000	30.0000	40.0000	0.554864800
330.0000	30.0000	40.0000	0.805944800
340.0000	30.0000	40.0000	0.608585000
350.0000	30.0000	40.0000	0.486077820
360.0000	30.0000	40.0000	1.000000000
0.0000	40.0000	40.0000	0.207003300
10.0000	40.0000	40.0000	0.305409130
20.0000	40.0000	40.0000	0.602239130
30.0000	40.0000	40.0000	0.899580200
40.0000	40.0000	40.0000	0.519378800
50.0000	40.0000	40.0000	1.941860000
60.0000	40.0000	40.0000	1.205040700
70.0000	40.0000	40.0000	0.340764250
80.0000	40.0000	40.0000	0.347387220
90.0000	40.0000	40.0000	0.465717850
100.0000	40.0000	40.0000	0.489225400
110.0000	40.0000	40.0000	0.688665150
120.0000	40.0000	40.0000	0.611930900
130.0000	40.0000	40.0000	0.896558760
140.0000	40.0000	40.0000	2.009566300
150.0000	40.0000	40.0000	1.829792000
160.0000	40.0000	40.0000	0.602100250
170.0000	40.0000	40.0000	0.189436470
180.0000	40.0000	40.0000	0.664955560
190.0000	40.0000	40.0000	2.320049000
200.0000	40.0000	40.0000	1.234872700
210.0000	40.0000	40.0000	0.639068600
220.0000	40.0000	40.0000	0.528490900
230.0000	40.0000	40.0000	0.959931140
240.0000	40.0000	40.0000	1.044334300
250.0000	40.0000	40.0000	1.396319900
260.0000	40.0000	40.0000	0.669611330
270.0000	40.0000	40.0000	0.578731500
280.0000	40.0000	40.0000	0.614910540
290.0000	40.0000	40.0000	0.594258000
300.0000	40.0000	40.0000	0.288090770
310.0000	40.0000	40.0000	0.283452000
320.0000	40.0000	40.0000	0.879339040
330.0000	40.0000	40.0000	1.223438300
340.0000	40.0000	40.0000	0.489375440
350.0000	40.0000	40.0000	0.192825530
360.0000	40.0000	40.0000	1.000000000
0.0000	50.0000	40.0000	0.751557100
10.0000	50.0000	40.0000	0.811857040
20.0000	50.0000	40.0000	0.685348750
30.0000	50.0000	40.0000	0.819065000
40.0000	50.0000	40.0000	0.654559700
50.0000	50.0000	40.0000	0.955693400
60.0000	50.0000	40.0000	1.017301600
70.0000	50.0000	40.0000	0.542937040
80.0000	50.0000	40.0000	0.506463600
90.0000	50.0000	40.0000	0.689016940
100.0000	50.0000	40.0000	0.565235700
110.0000	50.0000	40.0000	0.911431000
120.0000	50.0000	40.0000	1.160440400
130.0000	50.0000	40.0000	1.876369100
140.0000	50.0000	40.0000	3.338209000
150.0000	50.0000	40.0000	2.225891600
160.0000	50.0000	40.0000	0.706061360
170.0000	50.0000	40.0000	0.217460950
180.0000	50.0000	40.0000	0.770999550
190.0000	50.0000	40.0000	1.841769800
200.0000	50.0000	40.0000	0.517652150
210.0000	50.0000	40.0000	0.427142500
220.0000	50.0000	40.0000	0.788072500
230.0000	50.0000	40.0000	0.959360600
240.0000	50.0000	40.0000	0.706043700
250.0000	50.0000	40.0000	0.534810500
260.0000	50.0000	40.0000	0.493106220
270.0000	50.0000	40.0000	0.685932300
280.0000	50.0000	40.0000	0.691421600
290.0000	50.0000	40.0000	0.300337550
300.0000	50.0000	40.0000	0.181842200
310.0000	50.0000	40.0000	0.524043500
320.0000	50.0000	40.0000	1.794167600
330.0000	50.0000	40.0000	2.008645000
340.0000	50.0000	40.0000	0.820587160
350.0000	50.0000	40.0000	0.168792600
360.0000	50.0000	40.0000	1.000000000
0.0000	60.0000	40.0000	0.545474800
10.0000	60.0000	40.0000	0.725224100
20.0000	60.0000	40.0000	0.959683700
30.0000	60.0000	40.0000	0.806653300
40.0000	60.0000	40.0000	1.377804600
50.0000	60.0000	40.0000	1.712214500
60.0000	60.0000	40.0000	0.636010170
70.0000	60.0000	40.0000	0.416946830
80.0000	60.0000	40.0000	0.508070700
90.0000	60.0000	40.0000	0.380806620
100.0000	60.0000	40.0000	0.452880900
110.0000	60.0000	40.0000	0.827124000
120.0000	60.0000	40.0000	0.753461240
130.0000	60.0000	40.0000	1.444901000
140.0000	60.0000	40.0000	1.486506000
150.0000	60.0000	40.0000	0.880720900
160.0000	60.0000	40.0000	0.617125600
170.0000	60.0000	40.0000	0.433283240
180.0000	60.0000	40.0000	0.801277640
190.0000	60.0000	40.0000	1.103520500
200.0000	60.0000	40.0000	0.443738500
210.0000	60.0000	40.0000	0.490538330
220.0000	60.0000	40.0000	0.742347900
230.0000	60.0000	40.0000	0.436962930
240.0000	60.0000	40.0000	0.279729550
250.0000	60.0000	40.0000	0.162701040
260.0000	60.0000	40.0000	0.071431230
270.0000	60.0000	40.0000	0.328691500
280.0000	60.0000	40.0000	1.325303000
290.0000	60.0000	40.0000	0.710854600
300.0000	60.0000	40.0000	0.601413370
310.0000	60.0000	40.0000	1.244176000
320.0000	60.0000	40.0000	1.832342100
330.0000	60.0000	40.0000	1.576463900
340.0000	60.0000	40.0000	1.060329100
350.0000	60.0000	40.0000	0.440100160
360.0000	60.0000	40.0000	1.000000000
0.0000	70.0000	40.0000	1.570611200
10.0000	70.0000	40.0000	2.137667000
20.0000	70.0000	40.0000	1.969847900
30.0000	70.0000	40.0000	1.387276000
40.0000	70.0000	40.0000	1.553828700
50.0000	70.0000	40.0000	1.129354200
60.0000	70.0000	40.0000	0.520442100
70.0000	70.0000	40.0000	0.320457000
80.0000	70.0000	40.0000	0.111097760
90.0000	70.0000	40.0000	0.089959840
100.0000	70.0000	40.0000	0.161684200
110.0000	70.0000	40.0000	0.316301230
120.0000	70.0000	40.0000	0.414149730
130.0000	70.0000	40.0000	0.590249000
140.0000	70.0000	40.0000	0.653750000
150.0000	70.0000	40.0000	0.806673200
160.0000	70.0000	40.0000	1.250675700
170.0000	70.0000	40.0000	0.725017250
180.0000	70.0000	40.0000	0.552209200
190.0000	70.0000	40.0000	1.197082600
200.0000	70.0000	40.0000	1.122763600
210.0000	70.0000	40.0000	0.693890900
220.0000	70.0000	40.0000	0.458154860
230.0000	70.0000	40.0000	0.209153740
240.0000	70.0000	40.0000	0.257899880
250.0000	70.0000	40.0000	0.388597940
260.0000	70.0000	40.0000	0.075500764
270.0000	70.0000	40.0000	0.139145850
280.0000	70.0000	40.0000	0.535235170
290.0000	70.0000	40.0000	0.680310960
300.0000	70.0000	40.0000	0.509196760
310.0000	70.0000	40.0000	1.167137100
320.0000	70.0000	40.0000	1.428755400
330.0000	70.0000	40.0000	0.924414600
340.0000	70.0000	40.0000	1.323272800
350.0000	70.0000	40.0000	1.190129500
360.0000	70.0000	40.0000	1.000000000
0.0000	80.0000	40.0000	0.558258350
10.0000	80.0000	40.0000	1.282834500
20.0000	80.0000	40.0000	3.272913700
30.0000	80.0000	40.0000	1.190565700
40.0000	80.0000	40.0000	0.679209050
50.0000	80.0000	40.0000	0.453021080
60.0000	80.0000	40.0000	0.688201500
70.0000	80.0000	40.0000	0.654747840
80.0000	80.0000	40.0000	0.270894500
90.0000	80.0000	40.0000	0.260631500
100.0000	80.0000	40.0000	0.375227400
110.0000	80.0000	40.0000	0.361004080
120.0000	80.0000	40.0000	0.237553780
130.0000	80.0000	40.0000	0.300169900
140.0000	80.0000	40.0000	0.530893400
150.0000	80.0000	40.0000	1.047262900
160.0000	80.0000	40.0000	3.540810600
170.0000	80.0000	40.0000	2.541209000
180.0000	80.0000	40.0000	2.039197400
190.0000	80.0000	40.0000	3.375818500
200.0000	80.0000	40.0000	2.419584000
210.0000	80.0000	40.0000	1.033766000
220.0000	80.0000	40.0000	0.416464270
230.0000	80.0000	40.0000	0.220128860
240.0000	80.0000	40.0000	0.391742530
250.0000	80.0000	40.0000	0.730568650
260.0000	80.0000	40.0000	0.294707330
270.0000	80.0000	40.0000	0.243911270
280.0000	80.0000	40.0000	0.351585030
290.0000	80.0000	40.0000	0.500415860
300.0000	80.0000	40.0000	0.254718780
310.0000	80.0000	40.0000	0.436254950
320.0000	80.0000	40.0000	0.773644860
330.0000	80.0000	40.0000	1.073842300
340.0000	80.0000	40.0000	2.250487600
350.0000	80.0000	40.0000	4.328560000
360.0000	80.0000	40.0000	1.000000000
0.0000	90.0000	40.0000	9.087691000
10.0000	90.0000	40.0000	4.016377000
20.0000	90.0000	40.0000	4.716580000
30.0000	90.0000	40.0000	1.512548700
40.0000	90.0000	40.0000	0.734062300
50.0000	90.0000	40.0000	0.531360000
60.0000	90.0000	40.0000	1.086301800
70.0000	90.0000	40.0000	0.887329760
80.0000	90.0000	40.0000	0.552787000
90.0000	90.0000	40.0000	0.420768350
100.0000	90.0000	40.0000	0.840153900
110.0000	90.0000	40.0000	0.844723400
120.0000	90.0000	40.0000	0.237875630
130.0000	90.0000	40.0000	0.338588980
140.0000	90.0000	40.0000	0.582128500
150.0000	90.0000	40.0000	0.920739000
160.0000	90.0000	40.0000	3.235329000
170.0000	90.0000	40.0000	3.379524200
180.0000	90.0000	40.0000	3.899655800
190.0000	90.0000	40.0000	6.796855400
200.0000	90.0000	40.0000	3.314905200
210.0000	90.0000	40.0000	1.425274000
220.0000	90.0000	40.0000	0.456558400
230.0000	90.0000	40.0000	0.288994520
240.0000	90.0000	40.0000	0.522648630
250.0000	90.0000	40.0000	0.545929130
260.0000	90.0000	40.0000	0.410384770
270.0000	90.0000	40.0000	0.365663020
280.0000	90.0000	40.0000	0.525649400
290.0000	90.0000	40.0000	0.645070850
300.0000	90.0000	40.0000	0.249185200
310.0000	90.0000	40.0000	0.250029830
320.0000	90.0000	40.0000	0.373786100
330.0000	90.0000	40.0000	0.908983230
340.0000	90.0000	40.0000	2.850892800
350.0000	90.0000	40.0000	12.080738000
360.0000	90.0000	40.0000	1.000000000
0.0000	0.0000	50.0000	1.000000000
10.0000	0.0000	50.0000	1.000000000
20.0000	0.0000	50.0000	1.000000000
30.0000	0.0000	50.0000	1.000000000
40.0000	0.0000	50.0000	1.000000000
50.0000	0.0000	50.0000	1.000000000
60.0000	0.0000	50.0000	1.000000000
70.0000	0.0000	50.0000	1.000000000
80.0000	0.0000	50.0000	1.000000000
90.0000	0.0000	50.0000	1.000000000
100.0000	0.0000	50.0000	1.000000000
110.0000	0.0000	50.0000	1.000000000
120.0000	0.0000	50.0000	1.000000000
130.0000	0.0000	50.0000	1.000000000
140.0000	0.0000	50.0000	1.000000000
150.0000	0.0000	50.0000	1.000000000
160.0000	0.0000	50.0000	1.000000000
170.0000	0.0000	50.0000	1.000000000
180.0000	0.0000	50.0000	1.000000000
190.0000	0.0000	50.0000	1.000000000
200.0000	0.0000	50.0000	1.000000000
210.0000	0.0000	50.0000	1.000000000
220.0000	0.0000	50.0000	1.000000000
230.0000	0.0000	50.0000	1.000000000
240.0000	0.0000	50.0000	1.000000000
250.0000	0.0000	50.0000	1.000000000
260.0000	0.0000	50.0000	1.000000000
270.0000	0.0000	50.0000	1.000000000
280.0000	0.0000	50.0000	1.000000000
290.0000	0.0000	50.0000	1.000000000
300.0000	0.0000	50.0000	1.000000000
310.0000	0.0000	50.0000	1.000000000
320.0000	0.0000	50.0000	1.000000000
330.0000	0.0000	50.0000	1.000000000
340.0000	0.0000	50.0000	1.000000000
350.0000	0.0000	50.0000	1.000000000
360.0000	0.0000	50.0000	1.000000000
0.0000	10.0000	50.0000	0.666671100
10.0000	10.0000	50.0000	0.824549000
20.0000	10.0000	50.0000	6.147917000
30.0000	10.0000	50.0000	0.224295180
40.0000	10.0000	50.0000	0.120923474
50.0000	10.0000	50.0000	0.266741040
60.0000	10.0000	50.0000	0.980863800
70.0000	10.0000	50.0000	0.777682300
80.0000	10.0000	50.0000	0.256313350
90.0000	10.0000	50.0000	0.227854710
100.0000	10.0000	50.0000	0.253473760
110.0000	10.0000	50.0000	0.647135100
120.0000	10.0000	50.0000	1.334347400
130.0000	10.0000	50.0000	0.628468400
140.0000	10.0000	50.0000	0.381697330
150.0000	10.0000	50.0000	0.203989250
160.0000	10.0000	50.0000	0.736038900
170.0000	10.0000	50.0000	2.134889000
180.0000	10.0000	50.0000	2.037120300
190.0000	10.0000	50.0000	3.361302400
200.0000	10.0000	50.0000	6.334545000
210.0000	10.0000	50.0000	0.272508740
220.0000	10.0000	50.0000	0.081465640
230.0000	10.0000	50.0000	0.128719720
240.0000	10.0000	50.0000	0.807337640
250.0000	10.0000	50.0000	1.294056000
260.0000	10.0000	50.0000	0.319783900
270.0000	10.0000	50.0000	0.310850500
280.0000	10.0000	50.0000	0.368809300
290.0000	10.0000	50.0000	0.580415500
300.0000	10.0000	50.0000	1.039551000
310.0000	10.0000	50.0000	1.845953000
320.0000	10.0000	50.0000	1.139615500
330.0000	10.0000	50.0000	0.399406900
340.0000	10.0000	50.0000	1.592747700
350.0000	10.0000	50.0000	3.092175000
360.0000	10.0000	50.0000	1.000000000
0.0000	20.0000	50.0000	2.017630600
10.0000	20.0000	50.0000	2.783711700
20.0000	20.0000	50.0000	0.869173470
30.0000	20.0000	50.0000	0.106431520
40.0000	20.0000	50.0000	0.111522280
50.0000	20.0000	50.0000	0.188382240
60.0000	20.0000	50.0000	0.556593100
70.0000	20.0000	50.0000	2.301493000
80.0000	20.0000	50.0000	0.801698270
90.0000	20.0000	50.0000	0.331522460
100.0000	20.0000	50.0000	0.542117240
110.0000	20.0000	50.0000	0.629838940
120.0000	20.0000	50.0000	1.341592700
130.0000	20.0000	50.0000	1.465305700
140.0000	20.0000	50.0000	0.665935930
150.0000	20.0000	50.0000	0.231408340
160.0000	20.0000	50.0000	0.190192650
170.0000	20.0000	50.0000	0.784726440
180.0000	20.0000	50.0000	0.689769400
190.0000	20.0000	50.0000	2.436345600
200.0000	20.0000	50.0000	1.312677500
210.0000	20.0000	50.0000	0.126120090
220.0000	20.0000	50.0000	0.128833930
230.0000	20.0000	50.0000	0.222172230
240.0000	20.0000	50.0000	0.296885700
250.0000	20.0000	50.0000	0.801151040
260.0000	20.0000	50.0000	1.010937900
270.0000	20.0000	50.0000	0.777559460
280.0000	20.0000	50.0000	0.915724160
290.0000	20.0000	50.0000	0.623416900
300.0000	20.0000	50.0000	0.727680400
310.0000	20.0000	50.0000	1.675025800
320.0000	20.0000	50.0000	0.647745130
330.0000	20.0000	50.0000	0.245533350
340.0000	20.0000	50.0000	0.240758030
350.0000	20.0000	50.0000	0.284929600
360.0000	20.0000	50.0000	1.000000000
0.0000	30.0000	50.0000	1.397934900
10.0000	30.0000	50.0000	1.546364900
20.0000	30.0000	50.0000	0.425301130
30.0000	30.0000	50.0000	0.144769190
40.0000	30.0000	50.0000	0.239710870
50.0000	30.0000	50.0000	0.717788900
60.0000	30.0000	50.0000	0.686122360
70.0000	30.0000	50.0000	1.259453700
80.0000	30.0000	50.0000	1.443951600
90.0000	30.0000	50.0000	0.711786400
100.0000	30.0000	50.0000	0.942023750
110.0000	30.0000	50.0000	1.002781400
120.0000	30.0000	50.0000	1.611764200
130.0000	30.0000	50.0000	1.317122800
140.0000	30.0000	50.0000	1.086538700
150.0000	30.0000	50.0000	0.300325500
160.0000	30.0000	50.0000	0.042049944
170.0000	30.0000	50.0000	0.422906200
180.0000	30.0000	50.0000	1.141461600
190.0000	30.0000	50.0000	1.662651300
200.0000	30.0000	50.0000	2.197140200
210.0000	30.0000	50.0000	0.275323500
220.0000	30.0000	50.0000	0.204124500
230.0000	30.0000	50.0000	0.830701230
240.0000	30.0000	50.0000	2.091983600
250.0000	30.0000	50.0000	1.592418600
260.0000	30.0000	50.0000	0.638427400
270.0000	30.0000	50.0000	0.556050100
280.0000	30.0000	50.0000	0.818263400
290.0000	30.0000	50.0000	0.982279600
300.0000	30.0000	50.0000	1.728939900
310.0000	30.0000	50.0000	2.473338400
320.0000	30.0000	50.0000	0.920570550
330.0000	30.0000	50.0000	0.271015640
340.0000	30.0000	50.0000	0.059842350
350.0000	30.0000	50.0000	0.281157260
360.0000	30.0000	50.0000	1.000000000
0.0000	40.0000	50.0000	0.225005370
10.0000	40.0000	50.0000	0.538995500
20.0000	40.0000	50.0000	1.449548600
30.0000	40.0000	50.0000	0.354626480
40.0000	40.0000	50.0000	0.537787900
50.0000	40.0000	50.0000	1.525435000
60.0000	40.0000	50.0000	0.969746650
70.0000	40.0000	50.0000	0.433640000
80.0000	40.0000	50.0000	0.697396800
90.0000	40.0000	50.0000	0.835013030
100.0000	40.0000	50.0000	0.526789200
110.0000	40.0000	50.0000	0.532016200
120.0000	40.0000	50.0000	0.840740000
130.0000	40.0000	50.0000	1.278309700
140.0000	40.0000	50.0000	2.046672000
150.0000	40.0000	50.0000	0.865685700
160.0000	40.0000	50.0000	0.066729490
170.0000	40.0000	50.0000	0.122071296
180.0000	40.0000	50.0000	1.205202200
190.0000	40.0000	50.0000	3.794773800
200.0000	40.0000	50.0000	1.595300300
210.0000	40.0000	50.0000	0.386329500
220.0000	40.0000	50.0000	0.379119370
230.0000	40.0000	50.0000	0.527729630
240.0000	40.0000	50.0000	1.431706400
250.0000	40.0000	50.0000	1.422556500
260.0000	40.0000	50.0000	0.818671940
270.0000	40.0000	50.0000	0.623356000
280.0000	40.0000	50.0000	0.537683900
290.0000	40.0000	50.0000	0.337607920
300.0000	40.0000	50.0000	0.455417220
310.0000	40.0000	50.0000	1.029215800
320.0000	40.0000	50.0000	0.960297000
330.0000	40.0000	50.0000	0.502344850
340.0000	40.0000	50.0000	0.099754380
350.0000	40.0000	50.0000	0.187639790
360.0000	40.0000	50.0000	1.000000000
0.0000	50.0000	50.0000	1.257071900
10.0000	50.0000	50.0000	1.288760100
20.0000	50.0000	50.0000	0.685584250
30.0000	50.0000	50.0000	0.537413500
40.0000	50.0000	50.0000	0.919344400
50.0000	50.0000	50.0000	0.895499170
60.0000	50.0000	50.0000	0.715756360
70.0000	50.0000	50.0000	0.208646630
80.0000	50.0000	50.0000	0.319735940
90.0000	50.0000	50.0000	1.326122400
100.0000	50.0000	50.0000	0.790627700
110.0000	50.0000	50.0000	0.587634150
120.0000	50.0000	50.0000	0.824631750
130.0000	50.0000	50.0000	1.705152800
140.0000	50.0000	50.0000	1.652589300
150.0000	50.0000	50.0000	0.572913800
160.0000	50.0000	50.0000	0.073640350
170.0000	50.0000	50.0000	0.123287610
180.0000	50.0000	50.0000	1.134278200
190.0000	50.0000	50.0000	1.380908700
200.0000	50.0000	50.0000	0.370152400
210.0000	50.0000	50.0000	0.405797840
220.0000	50.0000	50.0000	0.799320500
230.0000	50.0000	50.0000	0.776666300
240.0000	50.0000	50.0000	0.508838650
250.0000	50.0000	50.0000	0.501460100
260.0000	50.0000	50.0000	0.654010600
270.0000	50.0000	50.0000	1.103099000
280.0000	50.0000	50.0000	0.535751040
290.0000	50.0000	50.0000	0.155214340
300.0000	50.0000	50.0000	0.144758430
310.0000	50.0000	50.0000	0.412150800
320.0000	50.0000	50.0000	0.803101500
330.0000	50.0000	50.0000	0.753913160
340.0000	50.0000	50.0000	0.194316700
350.0000	50.0000	50.0000	0.080561170
360.0000	50.0000	50.0000	1.000000000
0.0000	60.0000	50.0000	0.448387400
10.0000	60.0000	50.0000	0.498892460
20.0000	60.0000	50.0000	0.661857800
30.0000	60.0000	50.0000	0.593476700
40.0000	60.0000	50.0000	0.731188830
50.0000	60.0000	50.0000	0.581655500
60.0000	60.0000	50.0000	0.387914060
70.0000	60.0000	50.0000	0.200391840
80.0000	60.0000	50.0000	0.286816150
90.0000	60.0000	50.0000	0.745481400
100.0000	60.0000	50.0000	1.264130200
110.0000	60.0000	50.0000	0.914488550
120.0000	60.0000	50.0000	0.799922760
130.0000	60.0000	50.0000	1.418112500
140.0000	60.0000	50.0000	0.984523240
150.0000	60.0000	50.0000	0.449313550
160.0000	60.0000	50.0000	0.205255690
170.0000	60.0000	50.0000	0.352354320
180.0000	60.0000	50.0000	0.950347800
190.0000	60.0000	50.0000	0.826482200
200.0000	60.0000	50.0000	0.472772750
210.0000	60.0000	50.0000	0.433034700
220.0000	60.0000	50.0000	0.434269640
230.0000	60.0000	50.0000	0.319062700
240.0000	60.0000	50.0000	0.300938600
250.0000	60.0000	50.0000	0.285576370
260.0000	60.0000	50.0000	0.273308000
270.0000	60.0000	50.0000	0.746366900
280.0000	60.0000	50.0000	0.783981740
290.0000	60.0000	50.0000	0.271184700
300.0000	60.0000	50.0000	0.307009900
310.0000	60.0000	50.0000	0.568215130
320.0000	60.0000	50.0000	1.069375000
330.0000	60.0000	50.0000	1.054946900
340.0000	60.0000	50.0000	0.353688870
350.0000	60.0000	50.0000	0.182689310
360.0000	60.0000	50.0000	1.000000000
0.0000	70.0000	50.0000	1.159562600
10.0000	70.0000	50.0000	1.013250400
20.0000	70.0000	50.0000	0.844434000
30.0000	70.0000	50.0000	0.498874000
40.0000	70.0000	50.0000	0.398817660
50.0000	70.0000	50.0000	0.358414470
60.0000	70.0000	50.0000	0.340567900
70.0000	70.0000	50.0000	0.319894340
80.0000	70.0000	50.0000	0.188399120
90.0000	70.0000	50.0000	0.131129730
100.0000	70.0000	50.0000	0.264937100
110.0000	70.0000	50.0000	0.350927030
120.0000	70.0000	50.0000	0.354637000
130.0000	70.0000	50.0000	0.619512260
140.0000	70.0000	50.0000	0.627325400
150.0000	70.0000	50.0000	0.700284540
160.0000	70.0000	50.0000	1.022603200
170.0000	70.0000	50.0000	0.617536840
180.0000	70.0000	50.0000	0.463159770
190.0000	70.0000	50.0000	0.974569560
200.0000	70.0000	50.0000	1.034448100
210.0000	70.0000	50.0000	0.419379980
220.0000	70.0000	50.0000	0.196834890
230.0000	70.0000	50.0000	0.199415030
240.0000	70.0000	50.0000	0.373563950
250.0000	70.0000	50.0000	0.432369300
260.0000	70.0000	50.0000	0.204285820
270.0000	70.0000	50.0000	0.282251570
280.0000	70.0000	50.0000	0.450665000
290.0000	70.0000	50.0000	0.481533560
300.0000	70.0000	50.0000	0.321657750
310.0000	70.0000	50.0000	0.541870360
320.0000	70.0000	50.0000	0.873877900
330.0000	70.0000	50.0000	0.736063200
340.0000	70.0000	50.0000	0.618564700
350.0000	70.0000	50.0000	0.584254200
360.0000	70.0000	50.0000	1.000000000
0.0000	80.0000	50.0000	0.218287270
10.0000	80.0000	50.0000	0.441051200
20.0000	80.0000	50.0000	1.263328600
30.0000	80.0000	50.0000	0.540714600
40.0000	80.0000	50.0000	0.366649500
50.0000	80.0000	50.0000	0.313277780
60.0000	80.0000	50.0000	0.413373320
70.0000	80.0000	50.0000	0.524810100
80.0000	80.0000	50.0000	0.351703080
90.0000	80.0000	50.0000	0.238752170
100.0000	80.0000	50.0000	0.351143700
110.0000	80.0000	50.0000	0.324184980
120.0000	80.0000	50.0000	0.203901190
130.0000	80.0000	50.0000	0.253233080
140.0000	80.0000	50.0000	0.486029300
150.0000	80.0000	50.0000	1.256440500
160.0000	80.0000	50.0000	2.618121100
170.0000	80.0000	50.0000	1.612037500
180.0000	80.0000	50.0000	1.455959200
190.0000	80.0000	50.0000	2.016785000
200.0000	80.0000	50.0000	1.556553800
210.0000	80.0000	50.0000	0.570520000
220.0000	80.0000	50.0000	0.339445000
230.0000	80.0000	50.0000	0.375715900
240.0000	80.0000	50.0000	0.531826500
250.0000	80.0000	50.0000	0.787466000
260.0000	80.0000	50.0000	0.426812950
270.0000	80.0000	50.0000	0.386779670
280.0000	80.0000	50.0000	0.533195000
290.0000	80.0000	50.0000	0.624992000
300.0000	80.0000	50.0000	0.648786800
310.0000	80.0000	50.0000	0.584259000
320.0000	80.0000	50.0000	0.510854400
330.0000	80.0000	50.0000	0.872473000
340.0000	80.0000	50.0000	1.284074100
350.0000	80.0000	50.0000	2.229524900
360.0000	80.0000	50.0000	1.000000000
0.0000	90.0000	50.0000	5.713448000
10.0000	90.0000	50.0000	2.003989500
20.0000	90.0000	50.0000	2.535750900
30.0000	90.0000	50.0000	0.776339350
40.0000	90.0000	50.0000	0.550317650
50.0000	90.0000	50.0000	0.505532100
60.0000	90.0000	50.0000	0.675293500
70.0000	90.0000	50.0000	0.786042150
80.0000	90.0000	50.0000	0.559727400
90.0000	90.0000	50.0000	0.404635370
100.0000	90.0000	50.0000	0.624267700
110.0000	90.0000	50.0000	0.469874980
120.0000	90.0000	50.0000	0.150142770
130.0000	90.0000	50.0000	0.265322330
140.0000	90.0000	50.0000	0.716318300
150.0000	90.0000	50.0000	1.574997100
160.0000	90.0000	50.0000	2.913597800
170.0000	90.0000	50.0000	1.953163400
180.0000	90.0000	50.0000	2.812026000
190.0000	90.0000	50.0000	4.435346600
200.0000	90.0000	50.0000	1.941266400
210.0000	90.0000	50.0000	0.973481400
220.0000	90.0000	50.0000	0.706468500
230.0000	90.0000	50.0000	0.425623920
240.0000	90.0000	50.0000	0.429470200
250.0000	90.0000	50.0000	1.178637100
260.0000	90.0000	50.0000	0.638484900
270.0000	90.0000	50.0000	0.533373950
280.0000	90.0000	50.0000	1.150305600
290.0000	90.0000	50.0000	0.909695300
300.0000	90.0000	50.0000	0.646659730
310.0000	90.0000	50.0000	0.512119700
320.0000	90.0000	50.0000	0.325873550
330.0000	90.0000	50.0000	0.915655730
340.0000	90.0000	50.0000	2.150909000
350.0000	90.0000	50.0000	4.310807000
360.0000	90.0000	50.0000	1.000000000
0.0000	0.0000	60.0000	1.000000000
10.0000	0.0000	60.0000	1.000000000
20.0000	0.0000	60.0000	1.000000000
30.0000	0.0000	60.0000	1.000000000
40.0000	0.0000	60.0000	1.000000000
50.0000	0.0000	60.0000	1.000000000
60.0000	0.0000	60.0000	1.000000000
70.0000	0.0000	60.0000	1.000000000
80.0000	0.0000	60.0000	1.000000000
90.0000	0.0000	60.0000	1.000000000
100.0000	0.0000	60.0000	1.000000000
110.0000	0.0000	60.0000	1.000000000
120.0000	0.0000	60.0000	1.000000000
130.0000	0.0000	60.0000	1.000000000
140.0000	0.0000	60.0000	1.000000000
150.0000	0.0000	60.0000	1.000000000
160.0000	0.0000	60.0000	1.000000000
170.0000	0.0000	60.0000	1.000000000
180.0000	0.0000	60.0000	1.000000000
190.0000	0.0000	60.0000	1.000000000
200.0000	0.0000	60.0000	1.000000000
210.0000	0.0000	60.0000	1.000000000
220.0000	0.0000	60.0000	1.000000000
230.0000	0.0000	60.0000	1.000000000
240.0000	0.0000	60.0000	1.000000000
250.0000	0.0000	60.0000	1.000000000
260.0000	0.0000	60.0000	1.000000000
270.0000	0.0000	60.0000	1.000000000
280.0000	0.0000	60.0000	1.000000000
290.0000	0.0000	60.0000	1.000000000
300.0000	0.0000	60.0000	1.000000000
310.0000	0.0000	60.0000	1.000000000
320.0000	0.0000	60.0000	1.000000000
330.0000	0.0000	60.0000	1.000000000
340.0000	0.0000	60.0000	1.000000000
350.0000	0.0000	60.0000	1.000000000
360.0000	0.0000	60.0000	1.000000000
0.0000	10.0000	60.0000	0.909357500
10.0000	10.0000	60.0000	0.946051540
20.0000	10.0000	60.0000	4.433315000
30.0000	10.0000	60.0000	0.092452910
40.0000	10.0000	60.0000	0.083262910
50.0000	10.0000	60.0000	0.795486750
60.0000	10.0000	60.0000	1.365170500
70.0000	10.0000	60.0000	0.297108740
80.0000	10.0000	60.0000	0.096942070
90.0000	10.0000	60.0000	0.734335660
100.0000	10.0000	60.0000	2.281709200
110.0000	10.0000	60.0000	2.893415000
120.0000	10.0000	60.0000	0.176740570
130.0000	10.0000	60.0000	0.227734970
140.0000	10.0000	60.0000	1.437993300
150.0000	10.0000	60.0000	0.176961260
160.0000	10.0000	60.0000	0.755624900
170.0000	10.0000	60.0000	4.097655300
180.0000	10.0000	60.0000	2.331778800
190.0000	10.0000	60.0000	4.057520400
200.0000	10.0000	60.0000	7.141684000
210.0000	10.0000	60.0000	0.069344080
220.0000	10.0000	60.0000	0.038265810
230.0000	10.0000	60.0000	0.174784050
240.0000	10.0000	60.0000	1.421993600
250.0000	10.0000	60.0000	14.125158000
260.0000	10.0000	60.0000	0.159548130
270.0000	10.0000	60.0000	0.076204166
280.0000	10.0000	60.0000	1.101712800
290.0000	10.0000	60.0000	0.790423900
300.0000	10.0000	60.0000	0.653668000
310.0000	10.0000	60.0000	2.153960200
320.0000	10.0000	60.0000	1.333567000
330.0000	10.0000	60.0000	0.375388530
340.0000	10.0000	60.0000	1.402254500
350.0000	10.0000	60.0000	4.960702000
360.0000	10.0000	60.0000	1.000000000
0.0000	20.0000	60.0000	2.566369300
10.0000	20.0000	60.0000	2.727870200
20.0000	20.0000	60.0000	0.725411360
30.0000	20.0000	60.0000	0.096329354
40.0000	20.0000	60.0000	0.262137900
50.0000	20.0000	60.0000	1.139800000
60.0000	20.0000	60.0000	1.646439400
70.0000	20.0000	60.0000	10.121750000
80.0000	20.0000	60.0000	4.551085500
90.0000	20.0000	60.0000	1.725934500
100.0000	20.0000	60.0000	1.916850400
110.0000	20.0000	60.0000	1.015493000
120.0000	20.0000	60.0000	1.041621000
130.0000	20.0000	60.0000	1.145325400
140.0000	20.0000	60.0000	1.155317000
150.0000	20.0000	60.0000	0.069826970
160.0000	20.0000	60.0000	0.128251720
170.0000	20.0000	60.0000	1.357007700
180.0000	20.0000	60.0000	0.811258800
190.0000	20.0000	60.0000	3.527914500
200.0000	20.0000	60.0000	1.425677800
210.0000	20.0000	60.0000	0.064773920
220.0000	20.0000	60.0000	0.441133350
230.0000	20.0000	60.0000	2.578298300
240.0000	20.0000	60.0000	1.121565100
250.0000	20.0000	60.0000	2.576442500
260.0000	20.0000	60.0000	2.648982300
270.0000	20.0000	60.0000	1.274983300
280.0000	20.0000	60.0000	2.758776000
290.0000	20.0000	60.0000	0.750125600
300.0000	20.0000	60.0000	1.140911700
310.0000	20.0000	60.0000	1.482731500
320.0000	20.0000	60.0000	0.847253700
330.0000	20.0000	60.0000	0.146568000
340.0000	20.0000	60.0000	0.120831600
350.0000	20.0000	60.0000	0.500631700
360.0000	20.0000	60.0000	1.000000000
0.0000	30.0000	60.0000	1.876923300
10.0000	30.0000	60.0000	1.896629800
20.0000	30.0000	60.0000	0.216216270
30.0000	30.0000	60.0000	0.125697240
40.0000	30.0000	60.0000	0.378234180
50.0000	30.0000	60.0000	0.461101350
60.0000	30.0000	60.0000	0.324227040
70.0000	30.0000	60.0000	1.054623400
80.0000	30.0000	60.0000	2.230681400
90.0000	30.0000	60.0000	0.887784200
100.0000	30.0000	60.0000	1.039263700
110.0000	30.0000	60.0000	0.802020800
120.0000	30.0000	60.0000	1.984970500
130.0000	30.0000	60.0000	2.105277800
140.0000	30.0000	60.0000	1.208684400
150.0000	30.0000	60.0000	0.109138160
160.0000	30.0000	60.0000	0.044874422
170.0000	30.0000	60.0000	1.324721900
180.0000	30.0000	60.0000	1.699986500
190.0000	30.0000	60.0000	2.665881400
200.0000	30.0000	60.0000	1.038891900
210.0000	30.0000	60.0000	0.124700050
220.0000	30.0000	60.0000	0.286503670
230.0000	30.0000	60.0000	1.091320400
240.0000	30.0000	60.0000	0.778932100
250.0000	30.0000	60.0000	0.664806500
260.0000	30.0000	60.0000	1.290474200
270.0000	30.0000	60.0000	2.806717600
280.0000	30.0000	60.0000	2.051121000
290.0000	30.0000	60.0000	0.637826400
300.0000	30.0000	60.0000	1.587651000
310.0000	30.0000	60.0000	4.046684700
320.0000	30.0000	60.0000	1.874025100
330.0000	30.0000	60.0000	0.143365260
340.0000	30.0000	60.0000	0.058402047
350.0000	30.0000	60.0000	1.266315700
360.0000	30.0000	60.0000	1.000000000
0.0000	40.0000	60.0000	0.500420000
10.0000	40.0000	60.0000	1.374221800
20.0000	40.0000	60.0000	1.964119100
30.0000	40.0000	60.0000	0.206615690
40.0000	40.0000	60.0000	0.588677940
50.0000	40.0000	60.0000	1.233324000
60.0000	40.0000	60.0000	0.401473160
70.0000	40.0000	60.0000	0.497441600
80.0000	40.0000	60.0000	1.199744700
90.0000	40.0000	60.0000	0.601151100
100.0000	40.0000	60.0000	0.317065830
110.0000	40.0000	60.0000	0.415923630
120.0000	40.0000	60.0000	0.980387150
130.0000	40.0000	60.0000	0.864258940
140.0000	40.0000	60.0000	1.185334000
150.0000	40.0000	60.0000	0.295494600
160.0000	40.0000	60.0000	0.034112755
170.0000	40.0000	60.0000	0.455503700
180.0000	40.0000	60.0000	2.048661500
190.0000	40.0000	60.0000	5.248296700
200.0000	40.0000	60.0000	2.637410600
210.0000	40.0000	60.0000	0.386306600
220.0000	40.0000	60.0000	0.258824740
230.0000	40.0000	60.0000	0.548238700
240.0000	40.0000	60.0000	0.927616400
250.0000	40.0000	60.0000	0.529089100
260.0000	40.0000	60.0000	0.867871170
270.0000	40.0000	60.0000	0.914251000
280.0000	40.0000	60.0000	0.648440900
290.0000	40.0000	60.0000	0.291161240
300.0000	40.0000	60.0000	0.886038540
310.0000	40.0000	60.0000	5.023152000
320.0000	40.0000	60.0000	0.952206000
330.0000	40.0000	60.0000	0.135649170
340.0000	40.0000	60.0000	0.082310770
350.0000	40.0000	60.0000	1.032266700
360.0000	40.0000	60.0000	1.000000000
0.0000	50.0000	60.0000	2.889269800
10.0000	50.0000	60.0000	3.889007800
20.0000	50.0000	60.0000	1.721464400
30.0000	50.0000	60.0000	0.568859400
40.0000	50.0000	60.0000	0.716701700
50.0000	50.0000	60.0000	0.546645600
60.0000	50.0000	60.0000	0.475175980
70.0000	50.0000	60.0000	0.199150220
80.0000	50.0000	60.0000	0.298355500
90.0000	50.0000	60.0000	1.531369000
100.0000	50.0000	60.0000	1.213604800
110.0000	50.0000	60.0000	0.621978600
120.0000	50.0000	60.0000	0.878687560
130.0000	50.0000	60.0000	0.739719900
140.0000	50.0000	60.0000	0.781324500
150.0000	50.0000	60.0000	0.307669220
160.0000	50.0000	60.0000	0.065016000
170.0000	50.0000	60.0000	0.381419700
180.0000	50.0000	60.0000	1.735225300
190.0000	50.0000	60.0000	2.223201800
200.0000	50.0000	60.0000	0.944011030
210.0000	50.0000	60.0000	0.530685960
220.0000	50.0000	60.0000	0.707256260
230.0000	50.0000	60.0000	0.863803270
240.0000	50.0000	60.0000	0.487297620
250.0000	50.0000	60.0000	0.257081400
260.0000	50.0000	60.0000	0.499869640
270.0000	50.0000	60.0000	1.020024900
280.0000	50.0000	60.0000	0.446482800
290.0000	50.0000	60.0000	0.158800050
300.0000	50.0000	60.0000	0.230025700
310.0000	50.0000	60.0000	0.533610800
320.0000	50.0000	60.0000	0.524954800
330.0000	50.0000	60.0000	0.219030070
340.0000	50.0000	60.0000	0.165820840
350.0000	50.0000	60.0000	0.399038000
360.0000	50.0000	60.0000	1.000000000
0.0000	60.0000	60.0000	0.788168850
10.0000	60.0000	60.0000	1.350486500
20.0000	60.0000	60.0000	1.608333200
30.0000	60.0000	60.0000	0.584408160
40.0000	60.0000	60.0000	0.370029030
50.0000	60.0000	60.0000	0.381614180
60.0000	60.0000	60.0000	0.430353430
70.0000	60.0000	60.0000	0.200069760
80.0000	60.0000	60.0000	0.228841570
90.0000	60.0000	60.0000	0.937233400
100.0000	60.0000	60.0000	2.322735000
110.0000	60.0000	60.0000	1.482063300
120.0000	60.0000	60.0000	1.268414600
130.0000	60.0000	60.0000	1.489547300
140.0000	60.0000	60.0000	0.933551200
150.0000	60.0000	60.0000	0.538242940
160.0000	60.0000	60.0000	0.462038370
170.0000	60.0000	60.0000	0.983706360
180.0000	60.0000	60.0000	1.459312900
190.0000	60.0000	60.0000	1.732591000
200.0000	60.0000	60.0000	0.677559730
210.0000	60.0000	60.0000	0.211503150
220.0000	60.0000	60.0000	0.294182180
230.0000	60.0000	60.0000	0.432862340
240.0000	60.0000	60.0000	0.326566220
250.0000	60.0000	60.0000	0.266782520
260.0000	60.0000	60.0000	0.514500500
270.0000	60.0000	60.0000	1.499681600
280.0000	60.0000	60.0000	0.253857300
290.0000	60.0000	60.0000	0.088884965
300.0000	60.0000	60.0000	0.142922490
310.0000	60.0000	60.0000	0.529126700
320.0000	60.0000	60.0000	1.180690200
330.0000	60.0000	60.0000	0.923702540
340.0000	60.0000	60.0000	0.540200200
350.0000	60.0000	60.0000	0.611216500
360.0000	60.0000	60.0000	1.000000000
0.0000	70.0000	60.0000	1.726874100
10.0000	70.0000	60.0000	1.214101800
20.0000	70.0000	60.0000	0.889624540
30.0000	70.0000	60.0000	0.295907350
40.0000	70.0000	60.0000	0.153820590
50.0000	70.0000	60.0000	0.347053560
60.0000	70.0000	60.0000	0.526196240
70.0000	70.0000	60.0000	0.440850080
80.0000	70.0000	60.0000	0.303862360
90.0000	70.0000	60.0000	0.169287580
100.0000	70.0000	60.0000	0.399613800
110.0000	70.0000	60.0000	0.678634460
120.0000	70.0000	60.0000	0.601009850
130.0000	70.0000	60.0000	0.462534100
140.0000	70.0000	60.0000	0.617303850
150.0000	70.0000	60.0000	0.822050330
160.0000	70.0000	60.0000	1.809387000
170.0000	70.0000	60.0000	1.489471200
180.0000	70.0000	60.0000	0.766799030
190.0000	70.0000	60.0000	1.523965500
200.0000	70.0000	60.0000	1.089944700
210.0000	70.0000	60.0000	0.226323440
220.0000	70.0000	60.0000	0.149366620
230.0000	70.0000	60.0000	0.384088460
240.0000	70.0000	60.0000	0.486858640
250.0000	70.0000	60.0000	0.404404130
260.0000	70.0000	60.0000	0.438324900
270.0000	70.0000	60.0000	0.432462450
280.0000	70.0000	60.0000	0.087480760
290.0000	70.0000	60.0000	0.104347630
300.0000	70.0000	60.0000	0.173128300
310.0000	70.0000	60.0000	0.294249240
320.0000	70.0000	60.0000	0.509366900
330.0000	70.0000	60.0000	0.625136900
340.0000	70.0000	60.0000	0.604951400
350.0000	70.0000	60.0000	1.155914400
360.0000	70.0000	60.0000	1.000000000
0.0000	80.0000	60.0000	0.352229980
10.0000	80.0000	60.0000	0.498432900
20.0000	80.0000	60.0000	0.954541500
30.0000	80.0000	60.0000	0.411227230
40.0000	80.0000	60.0000	0.488640340
50.0000	80.0000	60.0000	0.562603240
60.0000	80.0000	60.0000	0.491203800
70.0000	80.0000	60.0000	0.844425560
80.0000	80.0000	60.0000	0.621342900
90.0000	80.0000	60.0000	0.360712740
100.0000	80.0000	60.0000	0.585258360
110.0000	80.0000	60.0000	0.398931860
120.0000	80.0000	60.0000	0.296925300
130.0000	80.0000	60.0000	0.255241750
140.0000	80.0000	60.0000	0.561486100
150.0000	80.0000	60.0000	1.025933500
160.0000	80.0000	60.0000	2.146664600
170.0000	80.0000	60.0000	2.014382400
180.0000	80.0000	60.0000	1.725827500
190.0000	80.0000	60.0000	2.198555000
200.0000	80.0000	60.0000	1.829305600
210.0000	80.0000	60.0000	0.633314850
220.0000	80.0000	60.0000	0.631186070
230.0000	80.0000	60.0000	0.868499600
240.0000	80.0000	60.0000	0.800060870
250.0000	80.0000	60.0000	0.912570660
260.0000	80.0000	60.0000	0.556652500
270.0000	80.0000	60.0000	0.355720850
280.0000	80.0000	60.0000	0.242716520
290.0000	80.0000	60.0000	0.321166160
300.0000	80.0000	60.0000	0.740563330
310.0000	80.0000	60.0000	0.636002660
320.0000	80.0000	60.0000	0.275961730
330.0000	80.0000	60.0000	0.323696200
340.0000	80.0000	60.0000	0.478187100
350.0000	80.0000	60.0000	1.758625500
360.0000	80.0000	60.0000	1.000000000
0.0000	90.0000	60.0000	6.073137300
10.0000	90.0000	60.0000	1.903303300
20.0000	90.0000	60.0000	1.744107800
30.0000	90.0000	60.0000	0.769312500
40.0000	90.0000	60.0000	1.942164700
50.0000	90.0000	60.0000	1.005310700
60.0000	90.0000	60.0000	0.664487240
70.0000	90.0000	60.0000	1.368423700
80.0000	90.0000	60.0000	0.864627060
90.0000	90.0000	60.0000	0.515961770
100.0000	90.0000	60.0000	0.608616230
110.0000	90.0000	60.0000	0.409270320
120.0000	90.0000	60.0000	0.448865650
130.0000	90.0000	60.0000	0.579070900
140.0000	90.0000	60.0000	1.216953400
150.0000	90.0000	60.0000	2.090915700
160.0000	90.0000	60.0000	2.337954500
170.0000	90.0000	60.0000	1.851227400
180.0000	90.0000	60.0000	2.974253700
190.0000	90.0000	60.0000	4.798941000
200.0000	90.0000	60.0000	1.616319800
210.0000	90.0000	60.0000	0.887026970
220.0000	90.0000	60.0000	1.728747600
230.0000	90.0000	60.0000	1.081427100
240.0000	90.0000	60.0000	0.648681900
250.0000	90.0000	60.0000	3.169266000
260.0000	90.0000	60.0000	0.926783100
270.0000	90.0000	60.0000	0.717756100
280.0000	90.0000	60.0000	0.555566850
290.0000	90.0000	60.0000	0.369618800
300.0000	90.0000	60.0000	1.333823400
310.0000	90.0000	60.0000	1.770289700
320.0000	90.0000	60.0000	0.364517300
330.0000	90.0000	60.0000	0.486304500
340.0000	90.0000	60.0000	0.726605100
350.0000	90.0000	60.0000	1.824351300
360.0000	90.0000	60.0000	1.000000000
