0.0000	0.0000	0.0000	0.304140700
10.0000	0.0000	0.0000	0.215640350
20.0000	0.0000	0.0000	0.438342660
30.0000	0.0000	0.0000	0.495686500
40.0000	0.0000	0.0000	0.896964300
50.0000	0.0000	0.0000	1.142080800
60.0000	0.0000	0.0000	0.377103920
70.0000	0.0000	0.0000	0.592533400
80.0000	0.0000	0.0000	0.470132560
90.0000	0.0000	0.0000	1.057526600
100.0000	0.0000	0.0000	1.827942600
110.0000	0.0000	0.0000	2.356534200
120.0000	0.0000	0.0000	2.167444700
130.0000	0.0000	0.0000	2.289425100
140.0000	0.0000	0.0000	2.051498700
150.0000	0.0000	0.0000	1.313620900
160.0000	0.0000	0.0000	0.993147250
170.0000	0.0000	0.0000	0.428663100
180.0000	0.0000	0.0000	0.152983080
190.0000	0.0000	0.0000	0.809438400
200.0000	0.0000	0.0000	0.596692000
210.0000	0.0000	0.0000	0.268762980
220.0000	0.0000	0.0000	0.480908540
230.0000	0.0000	0.0000	0.732049000
240.0000	0.0000	0.0000	0.149327620
250.0000	0.0000	0.0000	0.485732880
260.0000	0.0000	0.0000	0.476828000
270.0000	0.0000	0.0000	1.059145300
280.0000	0.0000	0.0000	1.636132600
290.0000	0.0000	0.0000	1.742555300
300.0000	0.0000	0.0000	1.716124300
310.0000	0.0000	0.0000	2.433721300
320.0000	0.0000	0.0000	1.860717700
330.0000	0.0000	0.0000	0.987431170
340.0000	0.0000	0.0000	0.937735600
350.0000	0.0000	0.0000	1.883234500
360.0000	0.0000	0.0000	1.000000000
0.0000	10.0000	0.0000	0.675256700
10.0000	10.0000	0.0000	1.098983600
20.0000	10.0000	0.0000	2.339301300
30.0000	10.0000	0.0000	0.333430920
40.0000	10.0000	0.0000	2.707485400
50.0000	10.0000	0.0000	0.508124770
60.0000	10.0000	0.0000	0.837395000
70.0000	10.0000	0.0000	7.989899600
80.0000	10.0000	0.0000	0.221916110
90.0000	10.0000	0.0000	0.732068400
100.0000	10.0000	0.0000	1.386906300
110.0000	10.0000	0.0000	2.878416800
120.0000	10.0000	0.0000	3.604661000
130.0000	10.0000	0.0000	3.992681700
140.0000	10.0000	0.0000	1.165944700
150.0000	10.0000	0.0000	0.296485130
160.0000	10.0000	0.0000	1.418492100
170.0000	10.0000	0.0000	2.196310800
180.0000	10.0000	0.0000	1.633259000
190.0000	10.0000	0.0000	6.249959500
200.0000	10.0000	0.0000	1.079887500
210.0000	10.0000	0.0000	0.106951320
220.0000	10.0000	0.0000	2.734002400
230.0000	10.0000	0.0000	1.294731900
240.0000	10.0000	0.0000	0.224441900
250.0000	10.0000	0.0000	0.719504900
260.0000	10.0000	0.0000	0.237467270
270.0000	10.0000	0.0000	1.816186800
280.0000	10.0000	0.0000	2.121052300
290.0000	10.0000	0.0000	2.262489600
300.0000	10.0000	0.0000	2.254260300
310.0000	10.0000	0.0000	3.094925400
320.0000	10.0000	0.0000	1.161584600
330.0000	10.0000	0.0000	0.381499800
340.0000	10.0000	0.0000	2.258003500
350.0000	10.0000	0.0000	4.128826600
360.0000	10.0000	0.0000	1.000000000
0.0000	20.0000	0.0000	2.299520300
10.0000	20.0000	0.0000	2.908633200
20.0000	20.0000	0.0000	0.283443900
30.0000	20.0000	0.0000	0.062306280
40.0000	20.0000	0.0000	0.342856350
50.0000	20.0000	0.0000	0.908180950
60.0000	20.0000	0.0000	2.017925000
70.0000	20.0000	0.0000	0.873366500
80.0000	20.0000	0.0000	0.409831700
90.0000	20.0000	0.0000	0.334188670
100.0000	20.0000	0.0000	1.187082800
110.0000	20.0000	0.0000	1.927350200
120.0000	20.0000	0.0000	2.919376100
130.0000	20.0000	0.0000	5.495460000
140.0000	20.0000	0.0000	0.313770860
150.0000	20.0000	0.0000	0.042805273
160.0000	20.0000	0.0000	0.439462420
170.0000	20.0000	0.0000	1.468815700
180.0000	20.0000	0.0000	1.211396900
190.0000	20.0000	0.0000	4.720968200
200.0000	20.0000	0.0000	0.195613760
210.0000	20.0000	0.0000	0.094393070
220.0000	20.0000	0.0000	1.206347200
230.0000	20.0000	0.0000	1.025254600
240.0000	20.0000	0.0000	1.074050400
250.0000	20.0000	0.0000	1.127466300
260.0000	20.0000	0.0000	0.442619740
270.0000	20.0000	0.0000	0.476545500
280.0000	20.0000	0.0000	1.487101100
290.0000	20.0000	0.0000	3.309566300
300.0000	20.0000	0.0000	2.122791800
310.0000	20.0000	0.0000	2.056660200
320.0000	20.0000	0.0000	0.889890130
330.0000	20.0000	0.0000	0.071013820
340.0000	20.0000	0.0000	0.268643920
350.0000	20.0000	0.0000	0.586217940
360.0000	20.0000	0.0000	1.000000000
0.0000	30.0000	0.0000	1.822904700
10.0000	30.0000	0.0000	1.694465400
20.0000	30.0000	0.0000	0.069635400
30.0000	30.0000	0.0000	0.164025700
40.0000	30.0000	0.0000	0.709703100
50.0000	30.0000	0.0000	3.565209000
60.0000	30.0000	0.0000	2.956530600
70.0000	30.0000	0.0000	0.584056000
80.0000	30.0000	0.0000	0.533958800
90.0000	30.0000	0.0000	0.582756940
100.0000	30.0000	0.0000	1.292385000
110.0000	30.0000	0.0000	0.824353460
120.0000	30.0000	0.0000	1.250926500
130.0000	30.0000	0.0000	1.190551600
140.0000	30.0000	0.0000	0.154729300
150.0000	30.0000	0.0000	0.047917318
160.0000	30.0000	0.0000	0.315268670
170.0000	30.0000	0.0000	2.899365400
180.0000	30.0000	0.0000	2.897970200
190.0000	30.0000	0.0000	1.454647000
200.0000	30.0000	0.0000	0.094276030
210.0000	30.0000	0.0000	0.244264780
220.0000	30.0000	0.0000	1.017442600
230.0000	30.0000	0.0000	1.559400900
240.0000	30.0000	0.0000	0.976230100
250.0000	30.0000	0.0000	0.441863240
260.0000	30.0000	0.0000	0.620767700
270.0000	30.0000	0.0000	0.528345700
280.0000	30.0000	0.0000	0.621615000
290.0000	30.0000	0.0000	1.367380600
300.0000	30.0000	0.0000	1.069837600
310.0000	30.0000	0.0000	0.738327000
320.0000	30.0000	0.0000	0.388290600
330.0000	30.0000	0.0000	0.114297220
340.0000	30.0000	0.0000	0.198210100
350.0000	30.0000	0.0000	0.862516000
360.0000	30.0000	0.0000	1.000000000
0.0000	40.0000	0.0000	0.470920740
10.0000	40.0000	0.0000	0.485990670
20.0000	40.0000	0.0000	0.043780413
30.0000	40.0000	0.0000	0.242294490
40.0000	40.0000	0.0000	0.829478440
50.0000	40.0000	0.0000	1.195267100
60.0000	40.0000	0.0000	2.879380200
70.0000	40.0000	0.0000	0.486465600
80.0000	40.0000	0.0000	0.210587580
90.0000	40.0000	0.0000	0.626551150
100.0000	40.0000	0.0000	1.548269600
110.0000	40.0000	0.0000	0.783870000
120.0000	40.0000	0.0000	0.336934540
130.0000	40.0000	0.0000	0.428657030
140.0000	40.0000	0.0000	0.420957180
150.0000	40.0000	0.0000	0.184581670
160.0000	40.0000	0.0000	1.210683300
170.0000	40.0000	0.0000	1.418852000
180.0000	40.0000	0.0000	2.174432000
190.0000	40.0000	0.0000	2.149454800
200.0000	40.0000	0.0000	0.094413330
210.0000	40.0000	0.0000	0.293425140
220.0000	40.0000	0.0000	0.838222500
230.0000	40.0000	0.0000	1.688647400
240.0000	40.0000	0.0000	0.486577480
250.0000	40.0000	0.0000	0.204421100
260.0000	40.0000	0.0000	0.382855920
270.0000	40.0000	0.0000	0.301738300
280.0000	40.0000	0.0000	0.324535940
290.0000	40.0000	0.0000	0.657466500
300.0000	40.0000	0.0000	1.245446300
310.0000	40.0000	0.0000	0.685672940
320.0000	40.0000	0.0000	0.484230200
330.0000	40.0000	0.0000	0.751196400
340.0000	40.0000	0.0000	2.887603500
350.0000	40.0000	0.0000	1.418265100
360.0000	40.0000	0.0000	1.000000000
0.0000	50.0000	0.0000	2.484764800
10.0000	50.0000	0.0000	1.446745300
20.0000	50.0000	0.0000	0.124870940
30.0000	50.0000	0.0000	0.495957400
40.0000	50.0000	0.0000	0.443501860
50.0000	50.0000	0.0000	0.223102120
60.0000	50.0000	0.0000	0.142245380
70.0000	50.0000	0.0000	0.110473850
80.0000	50.0000	0.0000	0.341300340
90.0000	50.0000	0.0000	0.788162700
100.0000	50.0000	0.0000	0.492718600
110.0000	50.0000	0.0000	0.336937800
120.0000	50.0000	0.0000	0.576925340
130.0000	50.0000	0.0000	0.486421400
140.0000	50.0000	0.0000	0.524427350
150.0000	50.0000	0.0000	0.458105650
160.0000	50.0000	0.0000	0.950854060
170.0000	50.0000	0.0000	0.933048700
180.0000	50.0000	0.0000	1.578401400
190.0000	50.0000	0.0000	1.218890100
200.0000	50.0000	0.0000	0.142535420
210.0000	50.0000	0.0000	0.345404570
220.0000	50.0000	0.0000	0.747114240
230.0000	50.0000	0.0000	0.703816300
240.0000	50.0000	0.0000	0.683499500
250.0000	50.0000	0.0000	0.972288370
260.0000	50.0000	0.0000	0.737535830
270.0000	50.0000	0.0000	0.454417020
280.0000	50.0000	0.0000	0.550722840
290.0000	50.0000	0.0000	0.393717170
300.0000	50.0000	0.0000	0.344318360
310.0000	50.0000	0.0000	0.453239020
320.0000	50.0000	0.0000	0.518398400
330.0000	50.0000	0.0000	0.867374600
340.0000	50.0000	0.0000	1.715135500
350.0000	50.0000	0.0000	0.872812750
360.0000	50.0000	0.0000	1.000000000
0.0000	60.0000	0.0000	1.130405900
10.0000	60.0000	0.0000	0.786188360
20.0000	60.0000	0.0000	0.892052650
30.0000	60.0000	0.0000	1.266228700
40.0000	60.0000	0.0000	0.433415620
50.0000	60.0000	0.0000	0.324861940
60.0000	60.0000	0.0000	0.140252190
70.0000	60.0000	0.0000	0.061635700
80.0000	60.0000	0.0000	0.209216700
90.0000	60.0000	0.0000	0.434999900
100.0000	60.0000	0.0000	0.354549500
110.0000	60.0000	0.0000	0.481524400
120.0000	60.0000	0.0000	0.867198300
130.0000	60.0000	0.0000	0.449114100
140.0000	60.0000	0.0000	0.274525600
150.0000	60.0000	0.0000	0.290981080
160.0000	60.0000	0.0000	0.593737070
170.0000	60.0000	0.0000	1.583785500
180.0000	60.0000	0.0000	1.994190900
190.0000	60.0000	0.0000	1.436837800
200.0000	60.0000	0.0000	0.695267860
210.0000	60.0000	0.0000	0.756961050
220.0000	60.0000	0.0000	1.122552500
230.0000	60.0000	0.0000	0.914870560
240.0000	60.0000	0.0000	0.641246400
250.0000	60.0000	0.0000	1.548921100
260.0000	60.0000	0.0000	2.186905600
270.0000	60.0000	0.0000	0.782197060
280.0000	60.0000	0.0000	0.496073370
290.0000	60.0000	0.0000	0.352721200
300.0000	60.0000	0.0000	0.262288450
310.0000	60.0000	0.0000	0.208558750
320.0000	60.0000	0.0000	0.287536980
330.0000	60.0000	0.0000	0.175478620
340.0000	60.0000	0.0000	0.474184630
350.0000	60.0000	0.0000	2.789026500
360.0000	60.0000	0.0000	1.000000000
0.0000	70.0000	0.0000	1.655165100
10.0000	70.0000	0.0000	1.508164500
20.0000	70.0000	0.0000	1.193335500
30.0000	70.0000	0.0000	0.849656400
40.0000	70.0000	0.0000	0.419452430
50.0000	70.0000	0.0000	0.223658580
60.0000	70.0000	0.0000	0.327207500
70.0000	70.0000	0.0000	0.088230720
80.0000	70.0000	0.0000	0.040208485
90.0000	70.0000	0.0000	0.120453910
100.0000	70.0000	0.0000	0.393484470
110.0000	70.0000	0.0000	0.476894600
120.0000	70.0000	0.0000	0.408630200
130.0000	70.0000	0.0000	0.504370800
140.0000	70.0000	0.0000	0.227288320
150.0000	70.0000	0.0000	0.232539600
160.0000	70.0000	0.0000	0.644007440
170.0000	70.0000	0.0000	1.096556500
180.0000	70.0000	0.0000	1.121382700
190.0000	70.0000	0.0000	2.138719000
200.0000	70.0000	0.0000	1.287669200
210.0000	70.0000	0.0000	0.790468900
220.0000	70.0000	0.0000	0.588710670
230.0000	70.0000	0.0000	0.223529060
240.0000	70.0000	0.0000	0.247534420
250.0000	70.0000	0.0000	1.051206200
260.0000	70.0000	0.0000	1.319184200
270.0000	70.0000	0.0000	0.380767850
280.0000	70.0000	0.0000	0.346740720
290.0000	70.0000	0.0000	0.548540800
300.0000	70.0000	0.0000	0.261030170
310.0000	70.0000	0.0000	0.163705350
320.0000	70.0000	0.0000	0.234797300
330.0000	70.0000	0.0000	0.300557400
340.0000	70.0000	0.0000	0.571588460
350.0000	70.0000	0.0000	1.877024800
360.0000	70.0000	0.0000	1.000000000
0.0000	80.0000	0.0000	0.301026730
10.0000	80.0000	0.0000	0.815247000
20.0000	80.0000	0.0000	1.216267500
30.0000	80.0000	0.0000	0.346913000
40.0000	80.0000	0.0000	0.452106700
50.0000	80.0000	0.0000	0.383714820
60.0000	80.0000	0.0000	0.448756300
70.0000	80.0000	0.0000	0.269854640
80.0000	80.0000	0.0000	0.106499590
90.0000	80.0000	0.0000	0.241861520
100.0000	80.0000	0.0000	0.545993500
110.0000	80.0000	0.0000	0.349331380
120.0000	80.0000	0.0000	0.211770970
130.0000	80.0000	0.0000	0.432746700
140.0000	80.0000	0.0000	0.541609100
150.0000	80.0000	0.0000	0.871648800
160.0000	80.0000	0.0000	1.633790600
170.0000	80.0000	0.0000	1.793509200
180.0000	80.0000	0.0000	2.753579400
190.0000	80.0000	0.0000	3.723231800
200.0000	80.0000	0.0000	0.997679700
210.0000	80.0000	0.0000	0.956863300
220.0000	80.0000	0.0000	0.601625600
230.0000	80.0000	0.0000	0.125186650
240.0000	80.0000	0.0000	0.357524840
250.0000	80.0000	0.0000	0.747512800
260.0000	80.0000	0.0000	0.587892800
270.0000	80.0000	0.0000	0.620857950
280.0000	80.0000	0.0000	0.627174600
290.0000	80.0000	0.0000	0.697752200
300.0000	80.0000	0.0000	0.293468770
310.0000	80.0000	0.0000	0.530240000
320.0000	80.0000	0.0000	0.888247700
330.0000	80.0000	0.0000	1.113957900
340.0000	80.0000	0.0000	0.996279800
350.0000	80.0000	0.0000	1.102986000
360.0000	80.0000	0.0000	1.000000000
0.0000	90.0000	0.0000	5.342413400
10.0000	90.0000	0.0000	2.348802300
20.0000	90.0000	0.0000	1.827113900
30.0000	90.0000	0.0000	0.311788440
40.0000	90.0000	0.0000	0.592183500
50.0000	90.0000	0.0000	0.992740450
60.0000	90.0000	0.0000	0.697782460
70.0000	90.0000	0.0000	0.335447850
80.0000	90.0000	0.0000	0.143452850
90.0000	90.0000	0.0000	0.472439680
100.0000	90.0000	0.0000	0.913551450
110.0000	90.0000	0.0000	0.473748770
120.0000	90.0000	0.0000	0.241423410
130.0000	90.0000	0.0000	0.403567080
140.0000	90.0000	0.0000	1.377677700
150.0000	90.0000	0.0000	3.447413000
160.0000	90.0000	0.0000	4.300440300
170.0000	90.0000	0.0000	2.611531300
180.0000	90.0000	0.0000	3.465382800
190.0000	90.0000	0.0000	2.939974500
200.0000	90.0000	0.0000	1.061582000
210.0000	90.0000	0.0000	2.700435900
220.0000	90.0000	0.0000	1.465001600
230.0000	90.0000	0.0000	0.255337740
240.0000	90.0000	0.0000	0.505784750
250.0000	90.0000	0.0000	0.575002550
260.0000	90.0000	0.0000	0.431382420
270.0000	90.0000	0.0000	0.696688000
280.0000	90.0000	0.0000	0.958379900
290.0000	90.0000	0.0000	1.473137100
300.0000	90.0000	0.0000	0.585488140
310.0000	90.0000	0.0000	1.320392500
320.0000	90.0000	0.0000	1.989460500
330.0000	90.0000	0.0000	1.677796000
340.0000	90.0000	0.0000	1.710905000
350.0000	90.0000	0.0000	2.808085000
360.0000	90.0000	0.0000	1.000000000
0.0000	0.0000	10.0000	1.000000000
10.0000	0.0000	10.0000	1.000000000
20.0000	0.0000	10.0000	1.000000000
30.0000	0.0000	10.0000	1.000000000
40.0000	0.0000	10.0000	1.000000000
50.0000	0.0000	10.0000	1.000000000
60.0000	0.0000	10.0000	1.000000000
70.0000	0.0000	10.0000	1.000000000
80.0000	0.0000	10.0000	1.000000000
90.0000	0.0000	10.0000	1.000000000
100.0000	0.0000	10.0000	1.000000000
110.0000	0.0000	10.0000	1.000000000
120.0000	0.0000	10.0000	1.000000000
130.0000	0.0000	10.0000	1.000000000
140.0000	0.0000	10.0000	1.000000000
150.0000	0.0000	10.0000	1.000000000
160.0000	0.0000	10.0000	1.000000000
170.0000	0.0000	10.0000	1.000000000
180.0000	0.0000	10.0000	1.000000000
190.0000	0.0000	10.0000	1.000000000
200.0000	0.0000	10.0000	1.000000000
210.0000	0.0000	10.0000	1.000000000
220.0000	0.0000	10.0000	1.000000000
230.0000	0.0000	10.0000	1.000000000
240.0000	0.0000	10.0000	1.000000000
250.0000	0.0000	10.0000	1.000000000
260.0000	0.0000	10.0000	1.000000000
270.0000	0.0000	10.0000	1.000000000
280.0000	0.0000	10.0000	1.000000000
290.0000	0.0000	10.0000	1.000000000
300.0000	0.0000	10.0000	1.000000000
310.0000	0.0000	10.0000	1.000000000
320.0000	0.0000	10.0000	1.000000000
330.0000	0.0000	10.0000	1.000000000
340.0000	0.0000	10.0000	1.000000000
350.0000	0.0000	10.0000	1.000000000
360.0000	0.0000	10.0000	1.000000000
0.0000	10.0000	10.0000	0.708301900
10.0000	10.0000	10.0000	0.739954500
20.0000	10.0000	10.0000	1.802671100
30.0000	10.0000	10.0000	0.390558540
40.0000	10.0000	10.0000	0.790932000
50.0000	10.0000	10.0000	1.282627200
60.0000	10.0000	10.0000	2.900900600
70.0000	10.0000	10.0000	1.641212800
80.0000	10.0000	10.0000	0.285119350
90.0000	10.0000	10.0000	0.803243300
100.0000	10.0000	10.0000	1.417392600
110.0000	10.0000	10.0000	2.444272300
120.0000	10.0000	10.0000	2.871349600
130.0000	10.0000	10.0000	1.869572000
140.0000	10.0000	10.0000	0.733901900
150.0000	10.0000	10.0000	0.376562030
160.0000	10.0000	10.0000	1.808787000
170.0000	10.0000	10.0000	2.511477200
180.0000	10.0000	10.0000	1.742610200
190.0000	10.0000	10.0000	2.502302200
200.0000	10.0000	10.0000	1.027289600
210.0000	10.0000	10.0000	0.223526610
220.0000	10.0000	10.0000	1.569838300
230.0000	10.0000	10.0000	0.952753500
240.0000	10.0000	10.0000	0.608274640
250.0000	10.0000	10.0000	0.503744800
260.0000	10.0000	10.0000	0.091500820
270.0000	10.0000	10.0000	1.016992400
280.0000	10.0000	10.0000	1.919840500
290.0000	10.0000	10.0000	1.720461100
300.0000	10.0000	10.0000	1.888452000
310.0000	10.0000	10.0000	1.842725500
320.0000	10.0000	10.0000	0.818883840
330.0000	10.0000	10.0000	0.453584400
340.0000	10.0000	10.0000	2.921575500
350.0000	10.0000	10.0000	4.554781400
360.0000	10.0000	10.0000	1.000000000
0.0000	20.0000	10.0000	2.203235600
10.0000	20.0000	10.0000	1.788151100
20.0000	20.0000	10.0000	0.251977830
30.0000	20.0000	10.0000	0.101704240
40.0000	20.0000	10.0000	0.342913420
50.0000	20.0000	10.0000	1.271317700
60.0000	20.0000	10.0000	1.169115000
70.0000	20.0000	10.0000	0.348845660
80.0000	20.0000	10.0000	0.320512650
90.0000	20.0000	10.0000	0.437010820
100.0000	20.0000	10.0000	0.945312260
110.0000	20.0000	10.0000	1.167123400
120.0000	20.0000	10.0000	0.740075500
130.0000	20.0000	10.0000	0.337311120
140.0000	20.0000	10.0000	0.089017846
150.0000	20.0000	10.0000	0.065453310
160.0000	20.0000	10.0000	0.664275600
170.0000	20.0000	10.0000	1.334964600
180.0000	20.0000	10.0000	0.834929100
190.0000	20.0000	10.0000	1.537487400
200.0000	20.0000	10.0000	0.258532730
210.0000	20.0000	10.0000	0.175817420
220.0000	20.0000	10.0000	0.553188500
230.0000	20.0000	10.0000	1.193437100
240.0000	20.0000	10.0000	1.058676700
250.0000	20.0000	10.0000	1.090867900
260.0000	20.0000	10.0000	0.466493550
270.0000	20.0000	10.0000	0.286952760
280.0000	20.0000	10.0000	0.854516570
290.0000	20.0000	10.0000	0.991619700
300.0000	20.0000	10.0000	0.488018200
310.0000	20.0000	10.0000	0.633632200
320.0000	20.0000	10.0000	0.248501990
330.0000	20.0000	10.0000	0.049518347
340.0000	20.0000	10.0000	0.423389730
350.0000	20.0000	10.0000	0.620149250
360.0000	20.0000	10.0000	1.000000000
0.0000	30.0000	10.0000	1.427627800
10.0000	30.0000	10.0000	0.733602800
20.0000	30.0000	10.0000	0.057371892
30.0000	30.0000	10.0000	0.225756510
40.0000	30.0000	10.0000	0.959930540
50.0000	30.0000	10.0000	1.784518000
60.0000	30.0000	10.0000	0.946581600
70.0000	30.0000	10.0000	0.490644370
80.0000	30.0000	10.0000	0.620252670
90.0000	30.0000	10.0000	0.669707360
100.0000	30.0000	10.0000	1.169657500
110.0000	30.0000	10.0000	1.598709100
120.0000	30.0000	10.0000	2.082044000
130.0000	30.0000	10.0000	0.698343800
140.0000	30.0000	10.0000	0.122974895
150.0000	30.0000	10.0000	0.183404450
160.0000	30.0000	10.0000	1.769726900
170.0000	30.0000	10.0000	3.196481200
180.0000	30.0000	10.0000	1.630348700
190.0000	30.0000	10.0000	0.413974600
200.0000	30.0000	10.0000	0.065830340
210.0000	30.0000	10.0000	0.207520410
220.0000	30.0000	10.0000	0.722722050
230.0000	30.0000	10.0000	1.551940800
240.0000	30.0000	10.0000	1.035884900
250.0000	30.0000	10.0000	0.621284960
260.0000	30.0000	10.0000	0.715846540
270.0000	30.0000	10.0000	0.415074100
280.0000	30.0000	10.0000	0.618961900
290.0000	30.0000	10.0000	3.022393200
300.0000	30.0000	10.0000	1.657246200
310.0000	30.0000	10.0000	1.226025700
320.0000	30.0000	10.0000	0.347302850
330.0000	30.0000	10.0000	0.172175100
340.0000	30.0000	10.0000	0.314077700
350.0000	30.0000	10.0000	0.838074400
360.0000	30.0000	10.0000	1.000000000
0.0000	40.0000	10.0000	0.245532960
10.0000	40.0000	10.0000	0.163694010
20.0000	40.0000	10.0000	0.045504827
30.0000	40.0000	10.0000	0.368421170
40.0000	40.0000	10.0000	1.343350900
50.0000	40.0000	10.0000	0.933161400
60.0000	40.0000	10.0000	0.560068500
70.0000	40.0000	10.0000	0.446856350
80.0000	40.0000	10.0000	0.379539280
90.0000	40.0000	10.0000	0.737608850
100.0000	40.0000	10.0000	1.265292300
110.0000	40.0000	10.0000	1.099478400
120.0000	40.0000	10.0000	0.830852600
130.0000	40.0000	10.0000	0.543879400
140.0000	40.0000	10.0000	0.395376800
150.0000	40.0000	10.0000	0.436927680
160.0000	40.0000	10.0000	1.554684800
170.0000	40.0000	10.0000	0.948376900
180.0000	40.0000	10.0000	1.444452600
190.0000	40.0000	10.0000	0.604201260
200.0000	40.0000	10.0000	0.086016740
210.0000	40.0000	10.0000	0.520928800
220.0000	40.0000	10.0000	1.569785500
230.0000	40.0000	10.0000	1.630019200
240.0000	40.0000	10.0000	0.666492460
250.0000	40.0000	10.0000	0.321221440
260.0000	40.0000	10.0000	0.401020740
270.0000	40.0000	10.0000	0.329366400
280.0000	40.0000	10.0000	0.366753340
290.0000	40.0000	10.0000	1.009311300
300.0000	40.0000	10.0000	1.234991900
310.0000	40.0000	10.0000	0.913426760
320.0000	40.0000	10.0000	0.482496530
330.0000	40.0000	10.0000	0.681397200
340.0000	40.0000	10.0000	1.901010800
350.0000	40.0000	10.0000	1.136142300
360.0000	40.0000	10.0000	1.000000000
0.0000	50.0000	10.0000	1.337060000
10.0000	50.0000	10.0000	0.573074200
20.0000	50.0000	10.0000	0.135346280
30.0000	50.0000	10.0000	0.437283370
40.0000	50.0000	10.0000	0.695873140
50.0000	50.0000	10.0000	0.463394280
60.0000	50.0000	10.0000	0.167552560
70.0000	50.0000	10.0000	0.209443660
80.0000	50.0000	10.0000	0.711778760
90.0000	50.0000	10.0000	1.085148300
100.0000	50.0000	10.0000	0.658455500
110.0000	50.0000	10.0000	0.509857600
120.0000	50.0000	10.0000	0.483787360
130.0000	50.0000	10.0000	0.546574900
140.0000	50.0000	10.0000	0.702409150
150.0000	50.0000	10.0000	0.418303100
160.0000	50.0000	10.0000	0.347056100
170.0000	50.0000	10.0000	0.520802400
180.0000	50.0000	10.0000	1.071227400
190.0000	50.0000	10.0000	0.409317520
200.0000	50.0000	10.0000	0.129629970
210.0000	50.0000	10.0000	0.533512830
220.0000	50.0000	10.0000	1.163824000
230.0000	50.0000	10.0000	1.134331700
240.0000	50.0000	10.0000	0.907163000
250.0000	50.0000	10.0000	1.013139700
260.0000	50.0000	10.0000	0.568927650
270.0000	50.0000	10.0000	0.428870560
280.0000	50.0000	10.0000	0.566359100
290.0000	50.0000	10.0000	0.659316300
300.0000	50.0000	10.0000	0.553818350
310.0000	50.0000	10.0000	0.616321800
320.0000	50.0000	10.0000	0.427394800
330.0000	50.0000	10.0000	0.555662160
340.0000	50.0000	10.0000	0.959314400
350.0000	50.0000	10.0000	0.641083240
360.0000	50.0000	10.0000	1.000000000
0.0000	60.0000	10.0000	0.580320840
10.0000	60.0000	10.0000	0.359327200
20.0000	60.0000	10.0000	0.395699440
30.0000	60.0000	10.0000	0.556187500
40.0000	60.0000	10.0000	0.457414750
50.0000	60.0000	10.0000	0.569039300
60.0000	60.0000	10.0000	0.302357050
70.0000	60.0000	10.0000	0.369482730
80.0000	60.0000	10.0000	0.899302300
90.0000	60.0000	10.0000	0.431561050
100.0000	60.0000	10.0000	0.264917080
110.0000	60.0000	10.0000	0.527694640
120.0000	60.0000	10.0000	0.516991600
130.0000	60.0000	10.0000	0.299058970
140.0000	60.0000	10.0000	0.286063880
150.0000	60.0000	10.0000	0.328051500
160.0000	60.0000	10.0000	0.436009700
170.0000	60.0000	10.0000	1.078191200
180.0000	60.0000	10.0000	1.225640900
190.0000	60.0000	10.0000	0.499215540
200.0000	60.0000	10.0000	0.280811340
210.0000	60.0000	10.0000	0.621479900
220.0000	60.0000	10.0000	0.956837240
230.0000	60.0000	10.0000	1.218155300
240.0000	60.0000	10.0000	0.864905800
250.0000	60.0000	10.0000	1.361985200
260.0000	60.0000	10.0000	1.212132100
270.0000	60.0000	10.0000	0.655172000
280.0000	60.0000	10.0000	0.470921900
290.0000	60.0000	10.0000	0.300402600
300.0000	60.0000	10.0000	0.220180080
310.0000	60.0000	10.0000	0.242611020
320.0000	60.0000	10.0000	0.324341740
330.0000	60.0000	10.0000	0.378583250
340.0000	60.0000	10.0000	0.727779900
350.0000	60.0000	10.0000	1.835216900
360.0000	60.0000	10.0000	1.000000000
0.0000	70.0000	10.0000	1.298019000
10.0000	70.0000	10.0000	0.727844060
20.0000	70.0000	10.0000	0.390433070
30.0000	70.0000	10.0000	0.424050930
40.0000	70.0000	10.0000	0.478210330
50.0000	70.0000	10.0000	0.646446940
60.0000	70.0000	10.0000	0.606388330
70.0000	70.0000	10.0000	0.526465300
80.0000	70.0000	10.0000	0.217662130
90.0000	70.0000	10.0000	0.128216800
100.0000	70.0000	10.0000	0.205172600
110.0000	70.0000	10.0000	0.406148520
120.0000	70.0000	10.0000	0.366642200
130.0000	70.0000	10.0000	0.248942120
140.0000	70.0000	10.0000	0.213821520
150.0000	70.0000	10.0000	0.384962500
160.0000	70.0000	10.0000	0.952318400
170.0000	70.0000	10.0000	1.015123700
180.0000	70.0000	10.0000	0.828306900
190.0000	70.0000	10.0000	1.000269700
200.0000	70.0000	10.0000	0.831042900
210.0000	70.0000	10.0000	0.752690140
220.0000	70.0000	10.0000	0.689600600
230.0000	70.0000	10.0000	0.558642570
240.0000	70.0000	10.0000	0.350890070
250.0000	70.0000	10.0000	0.533601900
260.0000	70.0000	10.0000	0.450517740
270.0000	70.0000	10.0000	0.338204900
280.0000	70.0000	10.0000	0.298485520
290.0000	70.0000	10.0000	0.263348070
300.0000	70.0000	10.0000	0.253729200
310.0000	70.0000	10.0000	0.226666880
320.0000	70.0000	10.0000	0.329286520
330.0000	70.0000	10.0000	0.476389530
340.0000	70.0000	10.0000	0.702621800
350.0000	70.0000	10.0000	1.598287100
360.0000	70.0000	10.0000	1.000000000
0.0000	80.0000	10.0000	0.209568990
10.0000	80.0000	10.0000	0.397373170
20.0000	80.0000	10.0000	0.821240400
30.0000	80.0000	10.0000	0.498065770
40.0000	80.0000	10.0000	0.547417040
50.0000	80.0000	10.0000	0.389911860
60.0000	80.0000	10.0000	0.381420820
70.0000	80.0000	10.0000	0.451947800
80.0000	80.0000	10.0000	0.377739280
90.0000	80.0000	10.0000	0.350630700
100.0000	80.0000	10.0000	0.367675600
110.0000	80.0000	10.0000	0.436563850
120.0000	80.0000	10.0000	0.351244600
130.0000	80.0000	10.0000	0.291711840
140.0000	80.0000	10.0000	0.408707170
150.0000	80.0000	10.0000	0.796974660
160.0000	80.0000	10.0000	2.094320300
170.0000	80.0000	10.0000	2.772015600
180.0000	80.0000	10.0000	2.805333600
190.0000	80.0000	10.0000	3.164986000
200.0000	80.0000	10.0000	1.799910500
210.0000	80.0000	10.0000	1.266150500
220.0000	80.0000	10.0000	0.546501930
230.0000	80.0000	10.0000	0.230478110
240.0000	80.0000	10.0000	0.289248800
250.0000	80.0000	10.0000	0.408900950
260.0000	80.0000	10.0000	0.306396400
270.0000	80.0000	10.0000	0.394393530
280.0000	80.0000	10.0000	0.557128200
290.0000	80.0000	10.0000	0.592153600
300.0000	80.0000	10.0000	0.265053800
310.0000	80.0000	10.0000	0.327077330
320.0000	80.0000	10.0000	0.572540340
330.0000	80.0000	10.0000	0.681930660
340.0000	80.0000	10.0000	0.827467740
350.0000	80.0000	10.0000	1.549365600
360.0000	80.0000	10.0000	1.000000000
0.0000	90.0000	10.0000	4.703208400
10.0000	90.0000	10.0000	1.888417400
20.0000	90.0000	10.0000	2.026048400
30.0000	90.0000	10.0000	0.609349970
40.0000	90.0000	10.0000	0.649540400
50.0000	90.0000	10.0000	0.265992850
60.0000	90.0000	10.0000	0.157716210
70.0000	90.0000	10.0000	0.338450000
80.0000	90.0000	10.0000	0.517224670
90.0000	90.0000	10.0000	0.768788930
100.0000	90.0000	10.0000	0.483236580
110.0000	90.0000	10.0000	0.904795470
120.0000	90.0000	10.0000	0.517107200
130.0000	90.0000	10.0000	0.358631700
140.0000	90.0000	10.0000	0.734387300
150.0000	90.0000	10.0000	1.717317800
160.0000	90.0000	10.0000	4.598923000
170.0000	90.0000	10.0000	4.705788000
180.0000	90.0000	10.0000	4.786733000
190.0000	90.0000	10.0000	4.838196800
200.0000	90.0000	10.0000	1.807096000
210.0000	90.0000	10.0000	1.847541100
220.0000	90.0000	10.0000	0.621663100
230.0000	90.0000	10.0000	0.205310430
240.0000	90.0000	10.0000	0.389765440
250.0000	90.0000	10.0000	0.406799020
260.0000	90.0000	10.0000	0.419745700
270.0000	90.0000	10.0000	0.530436040
280.0000	90.0000	10.0000	0.698067700
290.0000	90.0000	10.0000	1.602266400
300.0000	90.0000	10.0000	0.321461740
310.0000	90.0000	10.0000	0.415233430
320.0000	90.0000	10.0000	0.924740430
330.0000	90.0000	10.0000	0.956348060
340.0000	90.0000	10.0000	1.537393700
350.0000	90.0000	10.0000	2.980195500
360.0000	90.0000	10.0000	1.000000000
0.0000	0.0000	20.0000	1.000000000
10.0000	0.0000	20.0000	1.000000000
20.0000	0.0000	20.0000	1.000000000
30.0000	0.0000	20.0000	1.000000000
40.0000	0.0000	20.0000	1.000000000
50.0000	0.0000	20.0000	1.000000000
60.0000	0.0000	20.0000	1.000000000
70.0000	0.0000	20.0000	1.000000000
80.0000	0.0000	20.0000	1.000000000
90.0000	0.0000	20.0000	1.000000000
100.0000	0.0000	20.0000	1.000000000
110.0000	0.0000	20.0000	1.000000000
120.0000	0.0000	20.0000	1.000000000
130.0000	0.0000	20.0000	1.000000000
140.0000	0.0000	20.0000	1.000000000
150.0000	0.0000	20.0000	1.000000000
160.0000	0.0000	20.0000	1.000000000
170.0000	0.0000	20.0000	1.000000000
180.0000	0.0000	20.0000	1.000000000
190.0000	0.0000	20.0000	1.000000000
200.0000	0.0000	20.0000	1.000000000
210.0000	0.0000	20.0000	1.000000000
220.0000	0.0000	20.0000	1.000000000
230.0000	0.0000	20.0000	1.000000000
240.0000	0.0000	20.0000	1.000000000
250.0000	0.0000	20.0000	1.000000000
260.0000	0.0000	20.0000	1.000000000
270.0000	0.0000	20.0000	1.000000000
280.0000	0.0000	20.0000	1.000000000
290.0000	0.0000	20.0000	1.000000000
300.0000	0.0000	20.0000	1.000000000
310.0000	0.0000	20.0000	1.000000000
320.0000	0.0000	20.0000	1.000000000
330.0000	0.0000	20.0000	1.000000000
340.0000	0.0000	20.0000	1.000000000
350.0000	0.0000	20.0000	1.000000000
360.0000	0.0000	20.0000	1.000000000
0.0000	10.0000	20.0000	0.647028570
10.0000	10.0000	20.0000	0.528370800
20.0000	10.0000	20.0000	3.254103200
30.0000	10.0000	20.0000	0.216001100
40.0000	10.0000	20.0000	0.373396300
50.0000	10.0000	20.0000	1.648663600
60.0000	10.0000	20.0000	0.916304900
70.0000	10.0000	20.0000	0.208862190
80.0000	10.0000	20.0000	0.669849400
90.0000	10.0000	20.0000	1.275809400
100.0000	10.0000	20.0000	0.947797360
110.0000	10.0000	20.0000	0.671380900
120.0000	10.0000	20.0000	0.175381400
130.0000	10.0000	20.0000	0.074250430
140.0000	10.0000	20.0000	0.260561700
150.0000	10.0000	20.0000	0.189217280
160.0000	10.0000	20.0000	1.791938500
170.0000	10.0000	20.0000	4.186442000
180.0000	10.0000	20.0000	1.114828300
190.0000	10.0000	20.0000	1.152568800
200.0000	10.0000	20.0000	3.219600000
210.0000	10.0000	20.0000	0.473500070
220.0000	10.0000	20.0000	0.409511920
230.0000	10.0000	20.0000	0.608837250
240.0000	10.0000	20.0000	0.745846150
250.0000	10.0000	20.0000	0.380473230
260.0000	10.0000	20.0000	0.150462210
270.0000	10.0000	20.0000	0.445719500
280.0000	10.0000	20.0000	1.183072100
290.0000	10.0000	20.0000	1.335655000
300.0000	10.0000	20.0000	0.313184020
310.0000	10.0000	20.0000	0.097610794
320.0000	10.0000	20.0000	0.259403530
330.0000	10.0000	20.0000	0.350582480
340.0000	10.0000	20.0000	2.944265000
350.0000	10.0000	20.0000	6.577087000
360.0000	10.0000	20.0000	1.000000000
0.0000	20.0000	20.0000	2.012300300
10.0000	20.0000	20.0000	1.389598600
20.0000	20.0000	20.0000	0.614173800
30.0000	20.0000	20.0000	0.385199070
40.0000	20.0000	20.0000	0.670087500
50.0000	20.0000	20.0000	1.444502800
60.0000	20.0000	20.0000	0.671387000
70.0000	20.0000	20.0000	0.258223300
80.0000	20.0000	20.0000	0.416709780
90.0000	20.0000	20.0000	1.229014200
100.0000	20.0000	20.0000	2.465841000
110.0000	20.0000	20.0000	1.726185100
120.0000	20.0000	20.0000	0.335333300
130.0000	20.0000	20.0000	0.096856730
140.0000	20.0000	20.0000	0.158738100
150.0000	20.0000	20.0000	0.315972920
160.0000	20.0000	20.0000	0.789651700
170.0000	20.0000	20.0000	1.573454100
180.0000	20.0000	20.0000	0.556490500
190.0000	20.0000	20.0000	1.030296200
200.0000	20.0000	20.0000	0.931220500
210.0000	20.0000	20.0000	0.393012400
220.0000	20.0000	20.0000	0.631652240
230.0000	20.0000	20.0000	1.541289000
240.0000	20.0000	20.0000	0.994124650
250.0000	20.0000	20.0000	0.815705660
260.0000	20.0000	20.0000	0.409461260
270.0000	20.0000	20.0000	0.601336540
280.0000	20.0000	20.0000	1.561215900
290.0000	20.0000	20.0000	1.096257000
300.0000	20.0000	20.0000	0.417476980
310.0000	20.0000	20.0000	0.162866400
320.0000	20.0000	20.0000	0.136623640
330.0000	20.0000	20.0000	0.181172760
340.0000	20.0000	20.0000	0.823586300
350.0000	20.0000	20.0000	0.924874100
360.0000	20.0000	20.0000	1.000000000
0.0000	30.0000	20.0000	0.890143400
10.0000	30.0000	20.0000	0.628701700
20.0000	30.0000	20.0000	0.290747300
30.0000	30.0000	20.0000	0.530211270
40.0000	30.0000	20.0000	0.805817370
50.0000	30.0000	20.0000	0.484875000
60.0000	30.0000	20.0000	0.334514170
70.0000	30.0000	20.0000	0.469331530
80.0000	30.0000	20.0000	0.566824400
90.0000	30.0000	20.0000	0.682410000
100.0000	30.0000	20.0000	1.106899600
110.0000	30.0000	20.0000	1.065759400
120.0000	30.0000	20.0000	0.772295100
130.0000	30.0000	20.0000	0.417212720
140.0000	30.0000	20.0000	0.452111400
150.0000	30.0000	20.0000	1.621359600
160.0000	30.0000	20.0000	3.167205300
170.0000	30.0000	20.0000	2.811643000
180.0000	30.0000	20.0000	1.092908600
190.0000	30.0000	20.0000	0.458914280
200.0000	30.0000	20.0000	0.374705940
210.0000	30.0000	20.0000	0.608420130
220.0000	30.0000	20.0000	1.636032000
230.0000	30.0000	20.0000	1.336497500
240.0000	30.0000	20.0000	0.947050600
250.0000	30.0000	20.0000	0.845606150
260.0000	30.0000	20.0000	0.797988650
270.0000	30.0000	20.0000	0.625689500
280.0000	30.0000	20.0000	0.771132200
290.0000	30.0000	20.0000	1.233888100
300.0000	30.0000	20.0000	0.687811430
310.0000	30.0000	20.0000	0.388517860
320.0000	30.0000	20.0000	0.260480550
330.0000	30.0000	20.0000	0.224625690
340.0000	30.0000	20.0000	0.249862750
350.0000	30.0000	20.0000	0.961601560
360.0000	30.0000	20.0000	1.000000000
0.0000	40.0000	20.0000	0.165984600
10.0000	40.0000	20.0000	0.170140010
20.0000	40.0000	20.0000	0.232836920
30.0000	40.0000	20.0000	0.625822370
40.0000	40.0000	20.0000	1.120039100
50.0000	40.0000	20.0000	0.510838000
60.0000	40.0000	20.0000	0.234760880
70.0000	40.0000	20.0000	0.397441540
80.0000	40.0000	20.0000	0.372305930
90.0000	40.0000	20.0000	0.467180670
100.0000	40.0000	20.0000	0.797514600
110.0000	40.0000	20.0000	0.646431270
120.0000	40.0000	20.0000	0.753885000
130.0000	40.0000	20.0000	0.760888000
140.0000	40.0000	20.0000	0.479066370
150.0000	40.0000	20.0000	1.003562000
160.0000	40.0000	20.0000	1.469936600
170.0000	40.0000	20.0000	0.767145900
180.0000	40.0000	20.0000	0.888916400
190.0000	40.0000	20.0000	0.517035370
200.0000	40.0000	20.0000	0.379260060
210.0000	40.0000	20.0000	1.313965200
220.0000	40.0000	20.0000	2.456106000
230.0000	40.0000	20.0000	1.173118700
240.0000	40.0000	20.0000	0.629190600
250.0000	40.0000	20.0000	0.572621170
260.0000	40.0000	20.0000	0.517955800
270.0000	40.0000	20.0000	0.513983250
280.0000	40.0000	20.0000	0.580664900
290.0000	40.0000	20.0000	1.239642700
300.0000	40.0000	20.0000	0.814162800
310.0000	40.0000	20.0000	0.910629600
320.0000	40.0000	20.0000	0.585152300
330.0000	40.0000	20.0000	0.590443500
340.0000	40.0000	20.0000	0.974627500
350.0000	40.0000	20.0000	1.213928800
360.0000	40.0000	20.0000	1.000000000
0.0000	50.0000	20.0000	1.030771000
10.0000	50.0000	20.0000	0.648926730
20.0000	50.0000	20.0000	0.542039630
30.0000	50.0000	20.0000	0.896947440
40.0000	50.0000	20.0000	1.634043100
50.0000	50.0000	20.0000	1.451605600
60.0000	50.0000	20.0000	0.809447600
70.0000	50.0000	20.0000	0.561154900
80.0000	50.0000	20.0000	0.652188060
90.0000	50.0000	20.0000	0.799527500
100.0000	50.0000	20.0000	0.868931400
110.0000	50.0000	20.0000	0.694344900
120.0000	50.0000	20.0000	0.455856000
130.0000	50.0000	20.0000	0.561838570
140.0000	50.0000	20.0000	0.485097100
150.0000	50.0000	20.0000	0.543167800
160.0000	50.0000	20.0000	0.414647160
170.0000	50.0000	20.0000	0.760876500
180.0000	50.0000	20.0000	0.857986600
190.0000	50.0000	20.0000	0.490167920
200.0000	50.0000	20.0000	0.673248900
210.0000	50.0000	20.0000	1.642935900
220.0000	50.0000	20.0000	1.687319600
230.0000	50.0000	20.0000	0.885408300
240.0000	50.0000	20.0000	0.758307040
250.0000	50.0000	20.0000	0.642131500
260.0000	50.0000	20.0000	0.486838460
270.0000	50.0000	20.0000	0.490955350
280.0000	50.0000	20.0000	0.728727400
290.0000	50.0000	20.0000	0.785050150
300.0000	50.0000	20.0000	0.909788200
310.0000	50.0000	20.0000	0.528513300
320.0000	50.0000	20.0000	0.425801160
330.0000	50.0000	20.0000	0.683791800
340.0000	50.0000	20.0000	0.778395240
350.0000	50.0000	20.0000	1.086904900
360.0000	50.0000	20.0000	1.000000000
0.0000	60.0000	20.0000	0.407479100
10.0000	60.0000	20.0000	0.314739230
20.0000	60.0000	20.0000	0.567044140
30.0000	60.0000	20.0000	0.576907700
40.0000	60.0000	20.0000	0.790558640
50.0000	60.0000	20.0000	1.313408500
60.0000	60.0000	20.0000	0.830920300
70.0000	60.0000	20.0000	1.608595100
80.0000	60.0000	20.0000	1.344989300
90.0000	60.0000	20.0000	0.259461000
100.0000	60.0000	20.0000	0.233112020
110.0000	60.0000	20.0000	0.328569740
120.0000	60.0000	20.0000	0.270001230
130.0000	60.0000	20.0000	0.427811900
140.0000	60.0000	20.0000	0.814875960
150.0000	60.0000	20.0000	1.108797000
160.0000	60.0000	20.0000	1.078997100
170.0000	60.0000	20.0000	2.208841800
180.0000	60.0000	20.0000	1.045650100
190.0000	60.0000	20.0000	0.590753730
200.0000	60.0000	20.0000	1.022249900
210.0000	60.0000	20.0000	1.168023700
220.0000	60.0000	20.0000	1.682702200
230.0000	60.0000	20.0000	1.786492100
240.0000	60.0000	20.0000	0.954302600
250.0000	60.0000	20.0000	1.171878900
260.0000	60.0000	20.0000	0.960242870
270.0000	60.0000	20.0000	0.424769370
280.0000	60.0000	20.0000	0.261751680
290.0000	60.0000	20.0000	0.345235200
300.0000	60.0000	20.0000	0.476323630
310.0000	60.0000	20.0000	0.314712900
320.0000	60.0000	20.0000	0.511319400
330.0000	60.0000	20.0000	0.807955500
340.0000	60.0000	20.0000	0.779613200
350.0000	60.0000	20.0000	1.589590300
360.0000	60.0000	20.0000	1.000000000
0.0000	70.0000	20.0000	0.797190400
10.0000	70.0000	20.0000	0.456947400
20.0000	70.0000	20.0000	0.486619060
30.0000	70.0000	20.0000	0.575169700
40.0000	70.0000	20.0000	0.685822000
50.0000	70.0000	20.0000	0.935281900
60.0000	70.0000	20.0000	0.606725000
70.0000	70.0000	20.0000	1.416882000
80.0000	70.0000	20.0000	0.551396500
90.0000	70.0000	20.0000	0.085271990
100.0000	70.0000	20.0000	0.086714530
110.0000	70.0000	20.0000	0.158348800
120.0000	70.0000	20.0000	0.206523200
130.0000	70.0000	20.0000	0.304270150
140.0000	70.0000	20.0000	0.667849060
150.0000	70.0000	20.0000	1.322623500
160.0000	70.0000	20.0000	2.731695700
170.0000	70.0000	20.0000	3.604441000
180.0000	70.0000	20.0000	1.008908900
190.0000	70.0000	20.0000	0.949844000
200.0000	70.0000	20.0000	1.250738100
210.0000	70.0000	20.0000	0.859886700
220.0000	70.0000	20.0000	1.161659200
230.0000	70.0000	20.0000	1.110388400
240.0000	70.0000	20.0000	0.368052270
250.0000	70.0000	20.0000	0.618732400
260.0000	70.0000	20.0000	0.426050630
270.0000	70.0000	20.0000	0.178912740
280.0000	70.0000	20.0000	0.144933280
290.0000	70.0000	20.0000	0.186373500
300.0000	70.0000	20.0000	0.505856200
310.0000	70.0000	20.0000	0.923101540
320.0000	70.0000	20.0000	1.201770100
330.0000	70.0000	20.0000	1.154220800
340.0000	70.0000	20.0000	1.316139000
350.0000	70.0000	20.0000	3.051350000
360.0000	70.0000	20.0000	1.000000000
0.0000	80.0000	20.0000	0.300760630
10.0000	80.0000	20.0000	0.431377950
20.0000	80.0000	20.0000	1.070999900
30.0000	80.0000	20.0000	0.779563000
40.0000	80.0000	20.0000	0.746424500
50.0000	80.0000	20.0000	0.403055820
60.0000	80.0000	20.0000	0.229443900
70.0000	80.0000	20.0000	0.356286140
80.0000	80.0000	20.0000	0.588792100
90.0000	80.0000	20.0000	0.343643040
100.0000	80.0000	20.0000	0.265069960
110.0000	80.0000	20.0000	0.455760180
120.0000	80.0000	20.0000	0.523719400
130.0000	80.0000	20.0000	0.441942130
140.0000	80.0000	20.0000	0.507095000
150.0000	80.0000	20.0000	0.764997300
160.0000	80.0000	20.0000	3.022072300
170.0000	80.0000	20.0000	8.939126000
180.0000	80.0000	20.0000	6.073916000
190.0000	80.0000	20.0000	5.856677000
200.0000	80.0000	20.0000	2.567844200
210.0000	80.0000	20.0000	0.988052670
220.0000	80.0000	20.0000	0.627121750
230.0000	80.0000	20.0000	0.414464030
240.0000	80.0000	20.0000	0.235094310
250.0000	80.0000	20.0000	0.448481830
260.0000	80.0000	20.0000	0.280075040
270.0000	80.0000	20.0000	0.263665100
280.0000	80.0000	20.0000	0.438696950
290.0000	80.0000	20.0000	0.657091100
300.0000	80.0000	20.0000	0.497852000
310.0000	80.0000	20.0000	0.588065400
320.0000	80.0000	20.0000	0.655124250
330.0000	80.0000	20.0000	0.843048630
340.0000	80.0000	20.0000	1.608984800
350.0000	80.0000	20.0000	4.666467700
360.0000	80.0000	20.0000	1.000000000
0.0000	90.0000	20.0000	4.676827400
10.0000	90.0000	20.0000	2.271138200
20.0000	90.0000	20.0000	3.108573200
30.0000	90.0000	20.0000	0.624089600
40.0000	90.0000	20.0000	0.622864660
50.0000	90.0000	20.0000	0.159408000
60.0000	90.0000	20.0000	0.107188754
70.0000	90.0000	20.0000	0.296492460
80.0000	90.0000	20.0000	0.827329040
90.0000	90.0000	20.0000	0.615886400
100.0000	90.0000	20.0000	0.499060930
110.0000	90.0000	20.0000	1.000003800
120.0000	90.0000	20.0000	0.889459550
130.0000	90.0000	20.0000	0.619560300
140.0000	90.0000	20.0000	0.629650060
150.0000	90.0000	20.0000	0.951737170
160.0000	90.0000	20.0000	5.129223000
170.0000	90.0000	20.0000	12.924132000
180.0000	90.0000	20.0000	12.925325000
190.0000	90.0000	20.0000	15.636474000
200.0000	90.0000	20.0000	3.143184700
210.0000	90.0000	20.0000	0.865152900
220.0000	90.0000	20.0000	0.568942100
230.0000	90.0000	20.0000	0.396785900
240.0000	90.0000	20.0000	0.423763960
250.0000	90.0000	20.0000	0.730482500
260.0000	90.0000	20.0000	0.423275920
270.0000	90.0000	20.0000	0.430600430
280.0000	90.0000	20.0000	0.856604600
290.0000	90.0000	20.0000	1.852209800
300.0000	90.0000	20.0000	0.449511900
310.0000	90.0000	20.0000	0.296566720
320.0000	90.0000	20.0000	0.382653270
330.0000	90.0000	20.0000	0.720673800
340.0000	90.0000	20.0000	1.921130200
350.0000	90.0000	20.0000	5.407421000
360.0000	90.0000	20.0000	1.000000000
0.0000	0.0000	30.0000	1.000000000
10.0000	0.0000	30.0000	1.000000000
20.0000	0.0000	30.0000	1.000000000
30.0000	0.0000	30.0000	1.000000000
40.0000	0.0000	30.0000	1.000000000
50.0000	0.0000	30.0000	1.000000000
60.0000	0.0000	30.0000	1.000000000
70.0000	0.0000	30.0000	1.000000000
80.0000	0.0000	30.0000	1.000000000
90.0000	0.0000	30.0000	1.000000000
100.0000	0.0000	30.0000	1.000000000
110.0000	0.0000	30.0000	1.000000000
120.0000	0.0000	30.0000	1.000000000
130.0000	0.0000	30.0000	1.000000000
140.0000	0.0000	30.0000	1.000000000
150.0000	0.0000	30.0000	1.000000000
160.0000	0.0000	30.0000	1.000000000
170.0000	0.0000	30.0000	1.000000000
180.0000	0.0000	30.0000	1.000000000
190.0000	0.0000	30.0000	1.000000000
200.0000	0.0000	30.0000	1.000000000
210.0000	0.0000	30.0000	1.000000000
220.0000	0.0000	30.0000	1.000000000
230.0000	0.0000	30.0000	1.000000000
240.0000	0.0000	30.0000	1.000000000
250.0000	0.0000	30.0000	1.000000000
260.0000	0.0000	30.0000	1.000000000
270.0000	0.0000	30.0000	1.000000000
280.0000	0.0000	30.0000	1.000000000
290.0000	0.0000	30.0000	1.000000000
300.0000	0.0000	30.0000	1.000000000
310.0000	0.0000	30.0000	1.000000000
320.0000	0.0000	30.0000	1.000000000
330.0000	0.0000	30.0000	1.000000000
340.0000	0.0000	30.0000	1.000000000
350.0000	0.0000	30.0000	1.000000000
360.0000	0.0000	30.0000	1.000000000
0.0000	10.0000	30.0000	0.496868940
10.0000	10.0000	30.0000	0.597483300
20.0000	10.0000	30.0000	5.110308000
30.0000	10.0000	30.0000	0.283161900
40.0000	10.0000	30.0000	0.667397300
50.0000	10.0000	30.0000	0.228334160
60.0000	10.0000	30.0000	0.097634870
70.0000	10.0000	30.0000	0.315702080
80.0000	10.0000	30.0000	0.767517450
90.0000	10.0000	30.0000	0.406648070
100.0000	10.0000	30.0000	0.859151240
110.0000	10.0000	30.0000	0.689746600
120.0000	10.0000	30.0000	0.103765980
130.0000	10.0000	30.0000	0.165066000
140.0000	10.0000	30.0000	0.472384150
150.0000	10.0000	30.0000	0.175588880
160.0000	10.0000	30.0000	1.961247300
170.0000	10.0000	30.0000	1.978171300
180.0000	10.0000	30.0000	0.687687930
190.0000	10.0000	30.0000	2.700425900
200.0000	10.0000	30.0000	5.742638000
210.0000	10.0000	30.0000	0.155869130
220.0000	10.0000	30.0000	0.528521900
230.0000	10.0000	30.0000	0.148172800
240.0000	10.0000	30.0000	0.176444700
250.0000	10.0000	30.0000	0.908077300
260.0000	10.0000	30.0000	0.451974750
270.0000	10.0000	30.0000	0.268118700
280.0000	10.0000	30.0000	0.538658200
290.0000	10.0000	30.0000	0.768964650
300.0000	10.0000	30.0000	0.102033580
310.0000	10.0000	30.0000	0.113897130
320.0000	10.0000	30.0000	0.667738300
330.0000	10.0000	30.0000	0.293540300
340.0000	10.0000	30.0000	3.507155200
350.0000	10.0000	30.0000	5.484392000
360.0000	10.0000	30.0000	1.000000000
0.0000	20.0000	30.0000	1.436000200
10.0000	20.0000	30.0000	1.836990600
20.0000	20.0000	30.0000	1.427599800
30.0000	20.0000	30.0000	1.015366200
40.0000	20.0000	30.0000	1.206916000
50.0000	20.0000	30.0000	0.700060000
60.0000	20.0000	30.0000	0.804515240
70.0000	20.0000	30.0000	1.260476600
80.0000	20.0000	30.0000	3.066793700
90.0000	20.0000	30.0000	3.516711700
100.0000	20.0000	30.0000	3.566492300
110.0000	20.0000	30.0000	1.995469700
120.0000	20.0000	30.0000	0.764027900
130.0000	20.0000	30.0000	0.604468500
140.0000	20.0000	30.0000	0.896681700
150.0000	20.0000	30.0000	0.492391140
160.0000	20.0000	30.0000	0.776181760
170.0000	20.0000	30.0000	1.264205600
180.0000	20.0000	30.0000	0.654963000
190.0000	20.0000	30.0000	2.483338600
200.0000	20.0000	30.0000	1.773504100
210.0000	20.0000	30.0000	0.568172700
220.0000	20.0000	30.0000	0.711468940
230.0000	20.0000	30.0000	0.363078620
240.0000	20.0000	30.0000	0.531434360
250.0000	20.0000	30.0000	1.340966300
260.0000	20.0000	30.0000	1.647455500
270.0000	20.0000	30.0000	1.317275000
280.0000	20.0000	30.0000	1.403081300
290.0000	20.0000	30.0000	1.582816500
300.0000	20.0000	30.0000	0.508467440
310.0000	20.0000	30.0000	0.293913780
320.0000	20.0000	30.0000	0.620922600
330.0000	20.0000	30.0000	0.472343920
340.0000	20.0000	30.0000	1.539906700
350.0000	20.0000	30.0000	1.074675200
360.0000	20.0000	30.0000	1.000000000
0.0000	30.0000	30.0000	1.153903800
10.0000	30.0000	30.0000	1.647108900
20.0000	30.0000	30.0000	1.139724400
30.0000	30.0000	30.0000	0.797674200
40.0000	30.0000	30.0000	0.599919500
50.0000	30.0000	30.0000	0.393453420
60.0000	30.0000	30.0000	0.607425600
70.0000	30.0000	30.0000	0.740460700
80.0000	30.0000	30.0000	1.743594400
90.0000	30.0000	30.0000	2.589708600
100.0000	30.0000	30.0000	1.889285000
110.0000	30.0000	30.0000	1.086898400
120.0000	30.0000	30.0000	0.646028200
130.0000	30.0000	30.0000	0.411531570
140.0000	30.0000	30.0000	1.450037600
150.0000	30.0000	30.0000	2.099768000
160.0000	30.0000	30.0000	1.732244600
170.0000	30.0000	30.0000	1.709600000
180.0000	30.0000	30.0000	0.881998700
190.0000	30.0000	30.0000	0.921373900
200.0000	30.0000	30.0000	1.072312400
210.0000	30.0000	30.0000	2.211927200
220.0000	30.0000	30.0000	2.015661500
230.0000	30.0000	30.0000	0.512905060
240.0000	30.0000	30.0000	0.649186900
250.0000	30.0000	30.0000	0.974889000
260.0000	30.0000	30.0000	1.555559600
270.0000	30.0000	30.0000	1.756988800
280.0000	30.0000	30.0000	2.028744000
290.0000	30.0000	30.0000	2.351320300
300.0000	30.0000	30.0000	0.585889500
310.0000	30.0000	30.0000	0.173517750
320.0000	30.0000	30.0000	0.432645080
330.0000	30.0000	30.0000	0.585237500
340.0000	30.0000	30.0000	0.941588500
350.0000	30.0000	30.0000	1.537344600
360.0000	30.0000	30.0000	1.000000000
0.0000	40.0000	30.0000	0.248669220
10.0000	40.0000	30.0000	0.475993250
20.0000	40.0000	30.0000	1.215687600
30.0000	40.0000	30.0000	0.821488560
40.0000	40.0000	30.0000	0.539165800
50.0000	40.0000	30.0000	0.491244230
60.0000	40.0000	30.0000	0.499926630
70.0000	40.0000	30.0000	0.378755870
80.0000	40.0000	30.0000	0.230535000
90.0000	40.0000	30.0000	0.171739460
100.0000	40.0000	30.0000	0.312204480
110.0000	40.0000	30.0000	0.498223750
120.0000	40.0000	30.0000	0.479468640
130.0000	40.0000	30.0000	0.377993350
140.0000	40.0000	30.0000	0.712552800
150.0000	40.0000	30.0000	1.264156500
160.0000	40.0000	30.0000	2.390200000
170.0000	40.0000	30.0000	0.742428800
180.0000	40.0000	30.0000	0.693919900
190.0000	40.0000	30.0000	1.639275300
200.0000	40.0000	30.0000	2.113637000
210.0000	40.0000	30.0000	2.095552400
220.0000	40.0000	30.0000	1.160411800
230.0000	40.0000	30.0000	0.532009300
240.0000	40.0000	30.0000	0.630937600
250.0000	40.0000	30.0000	0.897644600
260.0000	40.0000	30.0000	0.504381540
270.0000	40.0000	30.0000	0.484303950
280.0000	40.0000	30.0000	1.274387700
290.0000	40.0000	30.0000	1.298780700
300.0000	40.0000	30.0000	0.442209400
310.0000	40.0000	30.0000	0.329722730
320.0000	40.0000	30.0000	0.748205840
330.0000	40.0000	30.0000	0.802396240
340.0000	40.0000	30.0000	1.139338500
350.0000	40.0000	30.0000	1.080496100
360.0000	40.0000	30.0000	1.000000000
0.0000	50.0000	30.0000	1.140254400
10.0000	50.0000	30.0000	1.444188000
20.0000	50.0000	30.0000	1.806261700
30.0000	50.0000	30.0000	1.361097500
40.0000	50.0000	30.0000	1.185368300
50.0000	50.0000	30.0000	1.573283900
60.0000	50.0000	30.0000	1.596390100
70.0000	50.0000	30.0000	1.116525400
80.0000	50.0000	30.0000	0.452890600
90.0000	50.0000	30.0000	0.219838700
100.0000	50.0000	30.0000	0.669341440
110.0000	50.0000	30.0000	1.110588600
120.0000	50.0000	30.0000	1.225675100
130.0000	50.0000	30.0000	0.858985100
140.0000	50.0000	30.0000	0.962741300
150.0000	50.0000	30.0000	1.560156800
160.0000	50.0000	30.0000	2.512575900
170.0000	50.0000	30.0000	1.100396200
180.0000	50.0000	30.0000	0.915119350
190.0000	50.0000	30.0000	2.109197000
200.0000	50.0000	30.0000	2.558615000
210.0000	50.0000	30.0000	1.220480100
220.0000	50.0000	30.0000	0.940485500
230.0000	50.0000	30.0000	0.631161200
240.0000	50.0000	30.0000	0.593812200
250.0000	50.0000	30.0000	0.367179300
260.0000	50.0000	30.0000	0.240574570
270.0000	50.0000	30.0000	0.330550820
280.0000	50.0000	30.0000	0.774775000
290.0000	50.0000	30.0000	0.514877800
300.0000	50.0000	30.0000	0.363092150
310.0000	50.0000	30.0000	0.569081400
320.0000	50.0000	30.0000	1.729474100
330.0000	50.0000	30.0000	1.360305900
340.0000	50.0000	30.0000	1.500797500
350.0000	50.0000	30.0000	1.446763400
360.0000	50.0000	30.0000	1.000000000
0.0000	60.0000	30.0000	0.725313660
10.0000	60.0000	30.0000	0.978606760
20.0000	60.0000	30.0000	2.977491900
30.0000	60.0000	30.0000	1.540136200
40.0000	60.0000	30.0000	1.297897900
50.0000	60.0000	30.0000	1.741663700
60.0000	60.0000	30.0000	0.912858500
70.0000	60.0000	30.0000	0.829379400
80.0000	60.0000	30.0000	0.545332200
90.0000	60.0000	30.0000	0.112511225
100.0000	60.0000	30.0000	0.258391000
110.0000	60.0000	30.0000	0.420568530
120.0000	60.0000	30.0000	0.585486400
130.0000	60.0000	30.0000	1.130815000
140.0000	60.0000	30.0000	2.363966200
150.0000	60.0000	30.0000	2.875761700
160.0000	60.0000	30.0000	3.747898300
170.0000	60.0000	30.0000	2.284841300
180.0000	60.0000	30.0000	1.183418200
190.0000	60.0000	30.0000	1.887834700
200.0000	60.0000	30.0000	2.145392700
210.0000	60.0000	30.0000	1.091236600
220.0000	60.0000	30.0000	1.702299600
230.0000	60.0000	30.0000	1.163872000
240.0000	60.0000	30.0000	0.546073500
250.0000	60.0000	30.0000	0.262411420
260.0000	60.0000	30.0000	0.195897610
270.0000	60.0000	30.0000	0.183189270
280.0000	60.0000	30.0000	0.267625030
290.0000	60.0000	30.0000	0.454883500
300.0000	60.0000	30.0000	0.607018200
310.0000	60.0000	30.0000	0.767777300
320.0000	60.0000	30.0000	1.600659000
330.0000	60.0000	30.0000	1.488599900
340.0000	60.0000	30.0000	1.733732300
350.0000	60.0000	30.0000	2.275249200
360.0000	60.0000	30.0000	1.000000000
0.0000	70.0000	30.0000	1.465673000
10.0000	70.0000	30.0000	1.766332000
20.0000	70.0000	30.0000	3.452890900
30.0000	70.0000	30.0000	1.597202700
40.0000	70.0000	30.0000	1.132166100
50.0000	70.0000	30.0000	1.084779300
60.0000	70.0000	30.0000	0.665851600
70.0000	70.0000	30.0000	0.679080370
80.0000	70.0000	30.0000	0.218567540
90.0000	70.0000	30.0000	0.049494658
100.0000	70.0000	30.0000	0.080979735
110.0000	70.0000	30.0000	0.132758980
120.0000	70.0000	30.0000	0.243813250
130.0000	70.0000	30.0000	0.550930140
140.0000	70.0000	30.0000	1.139370400
150.0000	70.0000	30.0000	1.549356800
160.0000	70.0000	30.0000	3.988678500
170.0000	70.0000	30.0000	3.159401400
180.0000	70.0000	30.0000	1.274064000
190.0000	70.0000	30.0000	2.200771300
200.0000	70.0000	30.0000	2.477438400
210.0000	70.0000	30.0000	1.045198900
220.0000	70.0000	30.0000	1.138956300
230.0000	70.0000	30.0000	0.549300400
240.0000	70.0000	30.0000	0.287799750
250.0000	70.0000	30.0000	0.590899940
260.0000	70.0000	30.0000	0.205198110
270.0000	70.0000	30.0000	0.086135200
280.0000	70.0000	30.0000	0.126979920
290.0000	70.0000	30.0000	0.345491470
300.0000	70.0000	30.0000	0.869881700
310.0000	70.0000	30.0000	2.354619500
320.0000	70.0000	30.0000	2.114385800
330.0000	70.0000	30.0000	1.201052800
340.0000	70.0000	30.0000	2.776720000
350.0000	70.0000	30.0000	4.153160000
360.0000	70.0000	30.0000	1.000000000
0.0000	80.0000	30.0000	0.877030730
10.0000	80.0000	30.0000	1.563330800
20.0000	80.0000	30.0000	4.545043500
30.0000	80.0000	30.0000	1.358716400
40.0000	80.0000	30.0000	0.945421300
50.0000	80.0000	30.0000	0.651438000
60.0000	80.0000	30.0000	0.558276700
70.0000	80.0000	30.0000	0.692285700
80.0000	80.0000	30.0000	0.543950800
90.0000	80.0000	30.0000	0.371845450
100.0000	80.0000	30.0000	0.310423820
110.0000	80.0000	30.0000	0.465124960
120.0000	80.0000	30.0000	0.450913580
130.0000	80.0000	30.0000	0.576835400
140.0000	80.0000	30.0000	0.943919840
150.0000	80.0000	30.0000	1.307861000
160.0000	80.0000	30.0000	4.188545000
170.0000	80.0000	30.0000	8.168797000
180.0000	80.0000	30.0000	6.382776000
190.0000	80.0000	30.0000	7.953407000
200.0000	80.0000	30.0000	4.008378500
210.0000	80.0000	30.0000	1.135369400
220.0000	80.0000	30.0000	0.822360500
230.0000	80.0000	30.0000	0.387664560
240.0000	80.0000	30.0000	0.267148580
250.0000	80.0000	30.0000	0.705858400
260.0000	80.0000	30.0000	0.349422780
270.0000	80.0000	30.0000	0.194359750
280.0000	80.0000	30.0000	0.323909640
290.0000	80.0000	30.0000	0.651561740
300.0000	80.0000	30.0000	0.545639750
310.0000	80.0000	30.0000	1.016744700
320.0000	80.0000	30.0000	0.989041150
330.0000	80.0000	30.0000	0.887383400
340.0000	80.0000	30.0000	2.847387000
350.0000	80.0000	30.0000	8.891229000
360.0000	80.0000	30.0000	1.000000000
0.0000	90.0000	30.0000	9.851645000
10.0000	90.0000	30.0000	5.792734600
20.0000	90.0000	30.0000	7.872974400
30.0000	90.0000	30.0000	1.619953400
40.0000	90.0000	30.0000	1.303582400
50.0000	90.0000	30.0000	0.915130600
60.0000	90.0000	30.0000	0.682473000
70.0000	90.0000	30.0000	0.732757100
80.0000	90.0000	30.0000	0.788961350
90.0000	90.0000	30.0000	0.808512150
100.0000	90.0000	30.0000	1.113735100
110.0000	90.0000	30.0000	1.627218500
120.0000	90.0000	30.0000	1.005016100
130.0000	90.0000	30.0000	1.333920000
140.0000	90.0000	30.0000	1.864547600
150.0000	90.0000	30.0000	2.023454400
160.0000	90.0000	30.0000	5.860867500
170.0000	90.0000	30.0000	11.600076000
180.0000	90.0000	30.0000	11.448228000
190.0000	90.0000	30.0000	15.803697000
200.0000	90.0000	30.0000	5.163869400
210.0000	90.0000	30.0000	1.456559200
220.0000	90.0000	30.0000	1.118745100
230.0000	90.0000	30.0000	0.846544300
240.0000	90.0000	30.0000	0.616005200
250.0000	90.0000	30.0000	0.652033400
260.0000	90.0000	30.0000	0.407396080
270.0000	90.0000	30.0000	0.367743760
280.0000	90.0000	30.0000	0.922870640
290.0000	90.0000	30.0000	1.090484900
300.0000	90.0000	30.0000	0.477247000
310.0000	90.0000	30.0000	0.632124600
320.0000	90.0000	30.0000	0.672744900
330.0000	90.0000	30.0000	0.877617500
340.0000	90.0000	30.0000	2.709806000
350.0000	90.0000	30.0000	11.148770000
360.0000	90.0000	30.0000	1.000000000
0.0000	0.0000	40.0000	1.000000000
10.0000	0.0000	40.0000	1.000000000
20.0000	0.0000	40.0000	1.000000000
30.0000	0.0000	40.0000	1.000000000
40.0000	0.0000	40.0000	1.000000000
50.0000	0.0000	40.0000	1.000000000
60.0000	0.0000	40.0000	1.000000000
70.0000	0.0000	40.0000	1.000000000
80.0000	0.0000	40.0000	1.000000000
90.0000	0.0000	40.0000	1.000000000
100.0000	0.0000	40.0000	1.000000000
110.0000	0.0000	40.0000	1.000000000
120.0000	0.0000	40.0000	1.000000000
130.0000	0.0000	40.0000	1.000000000
140.0000	0.0000	40.0000	1.000000000
150.0000	0.0000	40.0000	1.000000000
160.0000	0.0000	40.0000	1.000000000
170.0000	0.0000	40.0000	1.000000000
180.0000	0.0000	40.0000	1.000000000
190.0000	0.0000	40.0000	1.000000000
200.0000	0.0000	40.0000	1.000000000
210.0000	0.0000	40.0000	1.000000000
220.0000	0.0000	40.0000	1.000000000
230.0000	0.0000	40.0000	1.000000000
240.0000	0.0000	40.0000	1.000000000
250.0000	0.0000	40.0000	1.000000000
260.0000	0.0000	40.0000	1.000000000
270.0000	0.0000	40.0000	1.000000000
280.0000	0.0000	40.0000	1.000000000
290.0000	0.0000	40.0000	1.000000000
300.0000	0.0000	40.0000	1.000000000
310.0000	0.0000	40.0000	1.000000000
320.0000	0.0000	40.0000	1.000000000
330.0000	0.0000	40.0000	1.000000000
340.0000	0.0000	40.0000	1.000000000
350.0000	0.0000	40.0000	1.000000000
360.0000	0.0000	40.0000	1.000000000
0.0000	10.0000	40.0000	0.522666630
10.0000	10.0000	40.0000	0.667058170
20.0000	10.0000	40.0000	5.038066000
30.0000	10.0000	40.0000	0.331325100
40.0000	10.0000	40.0000	0.283216100
50.0000	10.0000	40.0000	0.106683260
60.0000	10.0000	40.0000	0.279887900
70.0000	10.0000	40.0000	0.929407600
80.0000	10.0000	40.0000	0.581554800
90.0000	10.0000	40.0000	0.329464940
100.0000	10.0000	40.0000	0.380671100
110.0000	10.0000	40.0000	0.262652840
120.0000	10.0000	40.0000	0.895869600
130.0000	10.0000	40.0000	1.006973700
140.0000	10.0000	40.0000	0.293410240
150.0000	10.0000	40.0000	0.178514300
160.0000	10.0000	40.0000	1.221849400
170.0000	10.0000	40.0000	1.103762300
180.0000	10.0000	40.0000	1.162108900
190.0000	10.0000	40.0000	4.136275000
200.0000	10.0000	40.0000	3.585582500
210.0000	10.0000	40.0000	0.384985060
220.0000	10.0000	40.0000	0.296479500
230.0000	10.0000	40.0000	0.084866650
240.0000	10.0000	40.0000	0.295650150
250.0000	10.0000	40.0000	0.557000040
260.0000	10.0000	40.0000	0.718494500
270.0000	10.0000	40.0000	0.914354200
280.0000	10.0000	40.0000	0.354861080
290.0000	10.0000	40.0000	0.170888920
300.0000	10.0000	40.0000	0.378794040
310.0000	10.0000	40.0000	0.795362900
320.0000	10.0000	40.0000	1.039289100
330.0000	10.0000	40.0000	0.320768980
340.0000	10.0000	40.0000	2.899863000
350.0000	10.0000	40.0000	2.770666000
360.0000	10.0000	40.0000	1.000000000
0.0000	20.0000	40.0000	1.441095400
10.0000	20.0000	40.0000	2.271580700
20.0000	20.0000	40.0000	1.288013000
30.0000	20.0000	40.0000	0.440021570
40.0000	20.0000	40.0000	0.237107620
50.0000	20.0000	40.0000	0.131487400
60.0000	20.0000	40.0000	0.375669840
70.0000	20.0000	40.0000	1.947396600
80.0000	20.0000	40.0000	1.148616900
90.0000	20.0000	40.0000	0.643416000
100.0000	20.0000	40.0000	0.710695500
110.0000	20.0000	40.0000	0.470487650
120.0000	20.0000	40.0000	0.958639800
130.0000	20.0000	40.0000	1.501738400
140.0000	20.0000	40.0000	0.473485680
150.0000	20.0000	40.0000	0.483184400
160.0000	20.0000	40.0000	0.765802100
170.0000	20.0000	40.0000	0.748344000
180.0000	20.0000	40.0000	0.757179300
190.0000	20.0000	40.0000	2.982349000
200.0000	20.0000	40.0000	1.062841800
210.0000	20.0000	40.0000	0.411715300
220.0000	20.0000	40.0000	0.137602700
230.0000	20.0000	40.0000	0.055532340
240.0000	20.0000	40.0000	0.175478370
250.0000	20.0000	40.0000	0.952766400
260.0000	20.0000	40.0000	1.158430700
270.0000	20.0000	40.0000	0.795837800
280.0000	20.0000	40.0000	0.387591300
290.0000	20.0000	40.0000	0.417476740
300.0000	20.0000	40.0000	0.372906740
310.0000	20.0000	40.0000	1.150393100
320.0000	20.0000	40.0000	0.805242100
330.0000	20.0000	40.0000	0.439504240
340.0000	20.0000	40.0000	1.007068600
350.0000	20.0000	40.0000	0.448249370
360.0000	20.0000	40.0000	1.000000000
0.0000	30.0000	40.0000	1.471049300
10.0000	30.0000	40.0000	1.831336700
20.0000	30.0000	40.0000	0.473649530
30.0000	30.0000	40.0000	0.346542720
40.0000	30.0000	40.0000	0.264534680
50.0000	30.0000	40.0000	0.751594500
60.0000	30.0000	40.0000	0.899526100
70.0000	30.0000	40.0000	0.817314200
80.0000	30.0000	40.0000	0.876515750
90.0000	30.0000	40.0000	0.669491100
100.0000	30.0000	40.0000	0.802416440
110.0000	30.0000	40.0000	0.620486200
120.0000	30.0000	40.0000	0.663301700
130.0000	30.0000	40.0000	0.525206100
140.0000	30.0000	40.0000	0.788884600
150.0000	30.0000	40.0000	0.925463100
160.0000	30.0000	40.0000	0.384249150
170.0000	30.0000	40.0000	0.441817020
180.0000	30.0000	40.0000	0.761717000
190.0000	30.0000	40.0000	0.815375000
200.0000	30.0000	40.0000	0.955452400
210.0000	30.0000	40.0000	0.995375400
220.0000	30.0000	40.0000	0.411431040
230.0000	30.0000	40.0000	0.323487730
240.0000	30.0000	40.0000	0.595073400
250.0000	30.0000	40.0000	0.865810600
260.0000	30.0000	40.0000	0.554380000
270.0000	30.0000	40.0000	0.434288500
280.0000	30.0000	40.0000	0.723015070
290.0000	30.0000	40.0000	0.992630100
300.0000	30.0000	40.0000	0.750661600
310.0000	30.0000	40.0000	0.678346900
320.0000	30.0000	40.0000	0.587661900
330.0000	30.0000	40.0000	0.714590550
340.0000	30.0000	40.0000	0.579074860
350.0000	30.0000	40.0000	0.536646840
360.0000	30.0000	40.0000	1.000000000
0.0000	40.0000	40.0000	0.207515220
10.0000	40.0000	40.0000	0.307434320
20.0000	40.0000	40.0000	0.535734530
30.0000	40.0000	40.0000	0.731001440
40.0000	40.0000	40.0000	0.471678020
50.0000	40.0000	40.0000	1.857971300
60.0000	40.0000	40.0000	1.296983700
70.0000	40.0000	40.0000	0.359522280
80.0000	40.0000	40.0000	0.334142860
90.0000	40.0000	40.0000	0.404605480
100.0000	40.0000	40.0000	0.468938440
110.0000	40.0000	40.0000	0.661313600
120.0000	40.0000	40.0000	0.568047500
130.0000	40.0000	40.0000	0.848059600
140.0000	40.0000	40.0000	1.931539200
150.0000	40.0000	40.0000	1.897405300
160.0000	40.0000	40.0000	0.551261660
170.0000	40.0000	40.0000	0.164170090
180.0000	40.0000	40.0000	0.640573100
190.0000	40.0000	40.0000	2.284703300
200.0000	40.0000	40.0000	1.161762500
210.0000	40.0000	40.0000	0.644899200
220.0000	40.0000	40.0000	0.508704960
230.0000	40.0000	40.0000	0.958604800
240.0000	40.0000	40.0000	1.035989200
250.0000	40.0000	40.0000	1.386855200
260.0000	40.0000	40.0000	0.659262540
270.0000	40.0000	40.0000	0.541051570
280.0000	40.0000	40.0000	0.585110800
290.0000	40.0000	40.0000	0.620258570
300.0000	40.0000	40.0000	0.322403460
310.0000	40.0000	40.0000	0.305837330
320.0000	40.0000	40.0000	0.891512040
330.0000	40.0000	40.0000	1.108226100
340.0000	40.0000	40.0000	0.440853700
350.0000	40.0000	40.0000	0.195234970
360.0000	40.0000	40.0000	1.000000000
0.0000	50.0000	40.0000	0.721476550
10.0000	50.0000	40.0000	0.825087670
20.0000	50.0000	40.0000	0.736978050
30.0000	50.0000	40.0000	0.731015700
40.0000	50.0000	40.0000	0.632275500
50.0000	50.0000	40.0000	0.970400700
60.0000	50.0000	40.0000	1.047592200
70.0000	50.0000	40.0000	0.577312770
80.0000	50.0000	40.0000	0.527220900
90.0000	50.0000	40.0000	0.653917000
100.0000	50.0000	40.0000	0.595768700
110.0000	50.0000	40.0000	0.907773900
120.0000	50.0000	40.0000	1.097616400
130.0000	50.0000	40.0000	1.790146400
140.0000	50.0000	40.0000	3.238875600
150.0000	50.0000	40.0000	2.230977500
160.0000	50.0000	40.0000	0.647848550
170.0000	50.0000	40.0000	0.200673100
180.0000	50.0000	40.0000	0.750194970
190.0000	50.0000	40.0000	1.795942300
200.0000	50.0000	40.0000	0.530342760
210.0000	50.0000	40.0000	0.411379130
220.0000	50.0000	40.0000	0.765205440
230.0000	50.0000	40.0000	0.921954750
240.0000	50.0000	40.0000	0.708784500
250.0000	50.0000	40.0000	0.496239300
260.0000	50.0000	40.0000	0.472289700
270.0000	50.0000	40.0000	0.734199700
280.0000	50.0000	40.0000	0.749649940
290.0000	50.0000	40.0000	0.330061000
300.0000	50.0000	40.0000	0.189041100
310.0000	50.0000	40.0000	0.515690500
320.0000	50.0000	40.0000	2.003482800
330.0000	50.0000	40.0000	2.127303600
340.0000	50.0000	40.0000	0.830751000
350.0000	50.0000	40.0000	0.174694170
360.0000	50.0000	40.0000	1.000000000
0.0000	60.0000	40.0000	0.521358250
10.0000	60.0000	40.0000	0.724302650
20.0000	60.0000	40.0000	1.069987700
30.0000	60.0000	40.0000	0.831780730
40.0000	60.0000	40.0000	1.402248900
50.0000	60.0000	40.0000	1.832489400
60.0000	60.0000	40.0000	0.651743770
70.0000	60.0000	40.0000	0.414592860
80.0000	60.0000	40.0000	0.554452200
90.0000	60.0000	40.0000	0.431607900
100.0000	60.0000	40.0000	0.498720600
110.0000	60.0000	40.0000	0.732663150
120.0000	60.0000	40.0000	0.740823300
130.0000	60.0000	40.0000	1.389332300
140.0000	60.0000	40.0000	1.474299400
150.0000	60.0000	40.0000	0.894867240
160.0000	60.0000	40.0000	0.623185700
170.0000	60.0000	40.0000	0.418875580
180.0000	60.0000	40.0000	0.792705240
190.0000	60.0000	40.0000	1.151563900
200.0000	60.0000	40.0000	0.464553860
210.0000	60.0000	40.0000	0.492736940
220.0000	60.0000	40.0000	0.797085800
230.0000	60.0000	40.0000	0.474580620
240.0000	60.0000	40.0000	0.288005350
250.0000	60.0000	40.0000	0.157550100
260.0000	60.0000	40.0000	0.076269254
270.0000	60.0000	40.0000	0.354398040
280.0000	60.0000	40.0000	1.272817700
290.0000	60.0000	40.0000	0.685065200
300.0000	60.0000	40.0000	0.611993300
310.0000	60.0000	40.0000	1.323012500
320.0000	60.0000	40.0000	2.037493200
330.0000	60.0000	40.0000	1.599000300
340.0000	60.0000	40.0000	1.052517200
350.0000	60.0000	40.0000	0.445085230
360.0000	60.0000	40.0000	1.000000000
0.0000	70.0000	40.0000	1.462796800
10.0000	70.0000	40.0000	1.956968900
20.0000	70.0000	40.0000	1.980416400
30.0000	70.0000	40.0000	1.431493600
40.0000	70.0000	40.0000	1.581357100
50.0000	70.0000	40.0000	1.209067000
60.0000	70.0000	40.0000	0.564589200
70.0000	70.0000	40.0000	0.311129200
80.0000	70.0000	40.0000	0.117374450
90.0000	70.0000	40.0000	0.113448960
100.0000	70.0000	40.0000	0.168984580
110.0000	70.0000	40.0000	0.289635400
120.0000	70.0000	40.0000	0.409383900
130.0000	70.0000	40.0000	0.547184400
140.0000	70.0000	40.0000	0.633560800
150.0000	70.0000	40.0000	0.786593260
160.0000	70.0000	40.0000	1.239537500
170.0000	70.0000	40.0000	0.730308600
180.0000	70.0000	40.0000	0.593082600
190.0000	70.0000	40.0000	1.275719200
200.0000	70.0000	40.0000	1.093076500
210.0000	70.0000	40.0000	0.703345950
220.0000	70.0000	40.0000	0.490471070
230.0000	70.0000	40.0000	0.228567570
240.0000	70.0000	40.0000	0.266207250
250.0000	70.0000	40.0000	0.402064700
260.0000	70.0000	40.0000	0.078574404
270.0000	70.0000	40.0000	0.135043040
280.0000	70.0000	40.0000	0.490208800
290.0000	70.0000	40.0000	0.709146860
300.0000	70.0000	40.0000	0.566905900
310.0000	70.0000	40.0000	1.168663000
320.0000	70.0000	40.0000	1.478392000
330.0000	70.0000	40.0000	0.958791260
340.0000	70.0000	40.0000	1.259294600
350.0000	70.0000	40.0000	1.115781000
360.0000	70.0000	40.0000	1.000000000
0.0000	80.0000	40.0000	0.561394160
10.0000	80.0000	40.0000	1.219702700
20.0000	80.0000	40.0000	3.217590300
30.0000	80.0000	40.0000	1.211889400
40.0000	80.0000	40.0000	0.702318000
50.0000	80.0000	40.0000	0.485932260
60.0000	80.0000	40.0000	0.742578500
70.0000	80.0000	40.0000	0.672651650
80.0000	80.0000	40.0000	0.267078550
90.0000	80.0000	40.0000	0.287986250
100.0000	80.0000	40.0000	0.375343140
110.0000	80.0000	40.0000	0.365598980
120.0000	80.0000	40.0000	0.241279600
130.0000	80.0000	40.0000	0.297910750
140.0000	80.0000	40.0000	0.574638840
150.0000	80.0000	40.0000	1.108927500
160.0000	80.0000	40.0000	3.536527600
170.0000	80.0000	40.0000	2.635041500
180.0000	80.0000	40.0000	2.081195400
190.0000	80.0000	40.0000	3.333075000
200.0000	80.0000	40.0000	2.400453000
210.0000	80.0000	40.0000	0.985467000
220.0000	80.0000	40.0000	0.401409000
230.0000	80.0000	40.0000	0.222432400
240.0000	80.0000	40.0000	0.384795100
250.0000	80.0000	40.0000	0.755158070
260.0000	80.0000	40.0000	0.283751160
270.0000	80.0000	40.0000	0.231614830
280.0000	80.0000	40.0000	0.386330900
290.0000	80.0000	40.0000	0.581535300
300.0000	80.0000	40.0000	0.272278070
310.0000	80.0000	40.0000	0.422528920
320.0000	80.0000	40.0000	0.806512830
330.0000	80.0000	40.0000	1.165179600
340.0000	80.0000	40.0000	2.217475700
350.0000	80.0000	40.0000	4.151217500
360.0000	80.0000	40.0000	1.000000000
0.0000	90.0000	40.0000	8.848389000
10.0000	90.0000	40.0000	3.978972200
20.0000	90.0000	40.0000	4.611855000
30.0000	90.0000	40.0000	1.453582500
40.0000	90.0000	40.0000	0.697970200
50.0000	90.0000	40.0000	0.558858300
60.0000	90.0000	40.0000	1.092972400
70.0000	90.0000	40.0000	0.911174400
80.0000	90.0000	40.0000	0.539027630
90.0000	90.0000	40.0000	0.429673170
100.0000	90.0000	40.0000	0.866664100
110.0000	90.0000	40.0000	0.871644440
120.0000	90.0000	40.0000	0.247338650
130.0000	90.0000	40.0000	0.368260800
140.0000	90.0000	40.0000	0.647697870
150.0000	90.0000	40.0000	1.017072400
160.0000	90.0000	40.0000	3.787477000
170.0000	90.0000	40.0000	3.407369100
180.0000	90.0000	40.0000	3.715404500
190.0000	90.0000	40.0000	6.279766000
200.0000	90.0000	40.0000	3.143787000
210.0000	90.0000	40.0000	1.323478600
220.0000	90.0000	40.0000	0.436282370
230.0000	90.0000	40.0000	0.300224630
240.0000	90.0000	40.0000	0.500372700
250.0000	90.0000	40.0000	0.529420140
260.0000	90.0000	40.0000	0.379458840
270.0000	90.0000	40.0000	0.344138700
280.0000	90.0000	40.0000	0.576823100
290.0000	90.0000	40.0000	0.722312030
300.0000	90.0000	40.0000	0.246993680
310.0000	90.0000	40.0000	0.236961050
320.0000	90.0000	40.0000	0.397711840
330.0000	90.0000	40.0000	0.968181970
340.0000	90.0000	40.0000	2.843449800
350.0000	90.0000	40.0000	11.768284000
360.0000	90.0000	40.0000	1.000000000
0.0000	0.0000	50.0000	1.000000000
10.0000	0.0000	50.0000	1.000000000
20.0000	0.0000	50.0000	1.000000000
30.0000	0.0000	50.0000	1.000000000
40.0000	0.0000	50.0000	1.000000000
50.0000	0.0000	50.0000	1.000000000
60.0000	0.0000	50.0000	1.000000000
70.0000	0.0000	50.0000	1.000000000
80.0000	0.0000	50.0000	1.000000000
90.0000	0.0000	50.0000	1.000000000
100.0000	0.0000	50.0000	1.000000000
110.0000	0.0000	50.0000	1.000000000
120.0000	0.0000	50.0000	1.000000000
130.0000	0.0000	50.0000	1.000000000
140.0000	0.0000	50.0000	1.000000000
150.0000	0.0000	50.0000	1.000000000
160.0000	0.0000	50.0000	1.000000000
170.0000	0.0000	50.0000	1.000000000
180.0000	0.0000	50.0000	1.000000000
190.0000	0.0000	50.0000	1.000000000
200.0000	0.0000	50.0000	1.000000000
210.0000	0.0000	50.0000	1.000000000
220.0000	0.0000	50.0000	1.000000000
230.0000	0.0000	50.0000	1.000000000
240.0000	0.0000	50.0000	1.000000000
250.0000	0.0000	50.0000	1.000000000
260.0000	0.0000	50.0000	1.000000000
270.0000	0.0000	50.0000	1.000000000
280.0000	0.0000	50.0000	1.000000000
290.0000	0.0000	50.0000	1.000000000
300.0000	0.0000	50.0000	1.000000000
310.0000	0.0000	50.0000	1.000000000
320.0000	0.0000	50.0000	1.000000000
330.0000	0.0000	50.0000	1.000000000
340.0000	0.0000	50.0000	1.000000000
350.0000	0.0000	50.0000	1.000000000
360.0000	0.0000	50.0000	1.000000000
0.0000	10.0000	50.0000	0.660245500
10.0000	10.0000	50.0000	0.811083300
20.0000	10.0000	50.0000	6.238689000
30.0000	10.0000	50.0000	0.205935760
40.0000	10.0000	50.0000	0.126071830
50.0000	10.0000	50.0000	0.295338660
60.0000	10.0000	50.0000	1.080444600
70.0000	10.0000	50.0000	0.876951400
80.0000	10.0000	50.0000	0.199539270
90.0000	10.0000	50.0000	0.160628630
100.0000	10.0000	50.0000	0.200822860
110.0000	10.0000	50.0000	0.527749960
120.0000	10.0000	50.0000	1.262134000
130.0000	10.0000	50.0000	0.818336370
140.0000	10.0000	50.0000	0.464572970
150.0000	10.0000	50.0000	0.193546010
160.0000	10.0000	50.0000	0.785714300
170.0000	10.0000	50.0000	2.112737700
180.0000	10.0000	50.0000	1.969014300
190.0000	10.0000	50.0000	3.457368900
200.0000	10.0000	50.0000	5.940318600
210.0000	10.0000	50.0000	0.231163650
220.0000	10.0000	50.0000	0.080160300
230.0000	10.0000	50.0000	0.130320520
240.0000	10.0000	50.0000	0.755897200
250.0000	10.0000	50.0000	1.286461600
260.0000	10.0000	50.0000	0.365158680
270.0000	10.0000	50.0000	0.314352200
280.0000	10.0000	50.0000	0.291734300
290.0000	10.0000	50.0000	0.523571600
300.0000	10.0000	50.0000	1.033657800
310.0000	10.0000	50.0000	1.979360000
320.0000	10.0000	50.0000	1.209267500
330.0000	10.0000	50.0000	0.380765440
340.0000	10.0000	50.0000	1.639447900
350.0000	10.0000	50.0000	3.115537400
360.0000	10.0000	50.0000	1.000000000
0.0000	20.0000	50.0000	2.090937400
10.0000	20.0000	50.0000	2.502145800
20.0000	20.0000	50.0000	0.890890000
30.0000	20.0000	50.0000	0.117294280
40.0000	20.0000	50.0000	0.115553430
50.0000	20.0000	50.0000	0.191958800
60.0000	20.0000	50.0000	0.588476400
70.0000	20.0000	50.0000	2.513215500
80.0000	20.0000	50.0000	0.722518800
90.0000	20.0000	50.0000	0.286847350
100.0000	20.0000	50.0000	0.526624260
110.0000	20.0000	50.0000	0.577124000
120.0000	20.0000	50.0000	1.321626100
130.0000	20.0000	50.0000	1.576322300
140.0000	20.0000	50.0000	0.660532100
150.0000	20.0000	50.0000	0.239215060
160.0000	20.0000	50.0000	0.219663710
170.0000	20.0000	50.0000	0.776662230
180.0000	20.0000	50.0000	0.662038860
190.0000	20.0000	50.0000	2.537507800
200.0000	20.0000	50.0000	1.327570400
210.0000	20.0000	50.0000	0.123801070
220.0000	20.0000	50.0000	0.121759850
230.0000	20.0000	50.0000	0.196505110
240.0000	20.0000	50.0000	0.313370820
250.0000	20.0000	50.0000	0.855609830
260.0000	20.0000	50.0000	1.026657800
270.0000	20.0000	50.0000	0.771478350
280.0000	20.0000	50.0000	0.883433600
290.0000	20.0000	50.0000	0.576850400
300.0000	20.0000	50.0000	0.681423100
310.0000	20.0000	50.0000	1.697884300
320.0000	20.0000	50.0000	0.693186600
330.0000	20.0000	50.0000	0.256609380
340.0000	20.0000	50.0000	0.249868380
350.0000	20.0000	50.0000	0.325797350
360.0000	20.0000	50.0000	1.000000000
0.0000	30.0000	50.0000	1.423721300
10.0000	30.0000	50.0000	1.480481300
20.0000	30.0000	50.0000	0.362325200
30.0000	30.0000	50.0000	0.131324840
40.0000	30.0000	50.0000	0.235541430
50.0000	30.0000	50.0000	0.734981300
60.0000	30.0000	50.0000	0.803747830
70.0000	30.0000	50.0000	1.375597700
80.0000	30.0000	50.0000	1.381331000
90.0000	30.0000	50.0000	0.726296100
100.0000	30.0000	50.0000	0.944017100
110.0000	30.0000	50.0000	0.953184600
120.0000	30.0000	50.0000	1.556619000
130.0000	30.0000	50.0000	1.310890600
140.0000	30.0000	50.0000	1.047347700
150.0000	30.0000	50.0000	0.357929440
160.0000	30.0000	50.0000	0.051303100
170.0000	30.0000	50.0000	0.408528660
180.0000	30.0000	50.0000	1.060273400
190.0000	30.0000	50.0000	1.633202200
200.0000	30.0000	50.0000	2.023461600
210.0000	30.0000	50.0000	0.266143050
220.0000	30.0000	50.0000	0.207132470
230.0000	30.0000	50.0000	0.730308830
240.0000	30.0000	50.0000	1.964221400
250.0000	30.0000	50.0000	1.747156300
260.0000	30.0000	50.0000	0.645370800
270.0000	30.0000	50.0000	0.548851700
280.0000	30.0000	50.0000	0.820701200
290.0000	30.0000	50.0000	0.899382300
300.0000	30.0000	50.0000	1.662695300
310.0000	30.0000	50.0000	2.505813600
320.0000	30.0000	50.0000	0.864593700
330.0000	30.0000	50.0000	0.267508180
340.0000	30.0000	50.0000	0.066193960
350.0000	30.0000	50.0000	0.314315380
360.0000	30.0000	50.0000	1.000000000
0.0000	40.0000	50.0000	0.226366980
10.0000	40.0000	50.0000	0.536189560
20.0000	40.0000	50.0000	1.131759900
30.0000	40.0000	50.0000	0.285231770
40.0000	40.0000	50.0000	0.499018970
50.0000	40.0000	50.0000	1.541110900
60.0000	40.0000	50.0000	1.079705000
70.0000	40.0000	50.0000	0.467863530
80.0000	40.0000	50.0000	0.688612200
90.0000	40.0000	50.0000	0.866793300
100.0000	40.0000	50.0000	0.535010900
110.0000	40.0000	50.0000	0.560279200
120.0000	40.0000	50.0000	0.836964670
130.0000	40.0000	50.0000	1.185962400
140.0000	40.0000	50.0000	1.953287500
150.0000	40.0000	50.0000	0.917471000
160.0000	40.0000	50.0000	0.065443790
170.0000	40.0000	50.0000	0.107230230
180.0000	40.0000	50.0000	1.189079000
190.0000	40.0000	50.0000	3.654736000
200.0000	40.0000	50.0000	1.364060900
210.0000	40.0000	50.0000	0.379659560
220.0000	40.0000	50.0000	0.401573270
230.0000	40.0000	50.0000	0.546825300
240.0000	40.0000	50.0000	1.326775100
250.0000	40.0000	50.0000	1.386900000
260.0000	40.0000	50.0000	0.785915500
270.0000	40.0000	50.0000	0.564018850
280.0000	40.0000	50.0000	0.507274750
290.0000	40.0000	50.0000	0.367325900
300.0000	40.0000	50.0000	0.515291150
310.0000	40.0000	50.0000	1.067681400
320.0000	40.0000	50.0000	0.919199350
330.0000	40.0000	50.0000	0.466658650
340.0000	40.0000	50.0000	0.101490304
350.0000	40.0000	50.0000	0.183025330
360.0000	40.0000	50.0000	1.000000000
0.0000	50.0000	50.0000	1.194249000
10.0000	50.0000	50.0000	1.309833800
20.0000	50.0000	50.0000	0.774968270
30.0000	50.0000	50.0000	0.524151440
40.0000	50.0000	50.0000	0.885973800
50.0000	50.0000	50.0000	0.848264930
60.0000	50.0000	50.0000	0.676264500
70.0000	50.0000	50.0000	0.211676580
80.0000	50.0000	50.0000	0.356014370
90.0000	50.0000	50.0000	1.463106600
100.0000	50.0000	50.0000	0.794563200
110.0000	50.0000	50.0000	0.672707900
120.0000	50.0000	50.0000	0.900435750
130.0000	50.0000	50.0000	1.599897300
140.0000	50.0000	50.0000	1.510025900
150.0000	50.0000	50.0000	0.520322000
160.0000	50.0000	50.0000	0.065260740
170.0000	50.0000	50.0000	0.119844520
180.0000	50.0000	50.0000	1.089984300
190.0000	50.0000	50.0000	1.204475900
200.0000	50.0000	50.0000	0.355196920
210.0000	50.0000	50.0000	0.411579670
220.0000	50.0000	50.0000	0.833744300
230.0000	50.0000	50.0000	0.796961070
240.0000	50.0000	50.0000	0.487646520
250.0000	50.0000	50.0000	0.473336760
260.0000	50.0000	50.0000	0.628550700
270.0000	50.0000	50.0000	1.107161900
280.0000	50.0000	50.0000	0.593985440
290.0000	50.0000	50.0000	0.202464660
300.0000	50.0000	50.0000	0.159205820
310.0000	50.0000	50.0000	0.421049180
320.0000	50.0000	50.0000	0.870581000
330.0000	50.0000	50.0000	0.723395470
340.0000	50.0000	50.0000	0.180628780
350.0000	50.0000	50.0000	0.081013770
360.0000	50.0000	50.0000	1.000000000
0.0000	60.0000	50.0000	0.437388150
10.0000	60.0000	50.0000	0.501761850
20.0000	60.0000	50.0000	0.724821570
30.0000	60.0000	50.0000	0.618101000
40.0000	60.0000	50.0000	0.754653800
50.0000	60.0000	50.0000	0.654783900
60.0000	60.0000	50.0000	0.374829080
70.0000	60.0000	50.0000	0.182643030
80.0000	60.0000	50.0000	0.316601100
90.0000	60.0000	50.0000	0.885694200
100.0000	60.0000	50.0000	1.294017900
110.0000	60.0000	50.0000	0.968149960
120.0000	60.0000	50.0000	0.891750200
130.0000	60.0000	50.0000	1.405876500
140.0000	60.0000	50.0000	0.935177740
150.0000	60.0000	50.0000	0.432029840
160.0000	60.0000	50.0000	0.198045850
170.0000	60.0000	50.0000	0.363185300
180.0000	60.0000	50.0000	0.967511830
190.0000	60.0000	50.0000	0.821940500
200.0000	60.0000	50.0000	0.450216530
210.0000	60.0000	50.0000	0.453504560
220.0000	60.0000	50.0000	0.470667180
230.0000	60.0000	50.0000	0.339240730
240.0000	60.0000	50.0000	0.276443060
250.0000	60.0000	50.0000	0.260678860
260.0000	60.0000	50.0000	0.289902180
270.0000	60.0000	50.0000	0.753184900
280.0000	60.0000	50.0000	0.870686230
290.0000	60.0000	50.0000	0.314796840
300.0000	60.0000	50.0000	0.300599300
310.0000	60.0000	50.0000	0.551570200
320.0000	60.0000	50.0000	1.134432100
330.0000	60.0000	50.0000	1.034215900
340.0000	60.0000	50.0000	0.332451640
350.0000	60.0000	50.0000	0.170702040
360.0000	60.0000	50.0000	1.000000000
0.0000	70.0000	50.0000	1.171053500
10.0000	70.0000	50.0000	0.980834840
20.0000	70.0000	50.0000	0.789111700
30.0000	70.0000	50.0000	0.522299950
40.0000	70.0000	50.0000	0.411264060
50.0000	70.0000	50.0000	0.423719080
60.0000	70.0000	50.0000	0.389056500
70.0000	70.0000	50.0000	0.287822370
80.0000	70.0000	50.0000	0.181988050
90.0000	70.0000	50.0000	0.150306500
100.0000	70.0000	50.0000	0.288739770
110.0000	70.0000	50.0000	0.366534140
120.0000	70.0000	50.0000	0.361545400
130.0000	70.0000	50.0000	0.554735060
140.0000	70.0000	50.0000	0.599563800
150.0000	70.0000	50.0000	0.728367030
160.0000	70.0000	50.0000	1.038281900
170.0000	70.0000	50.0000	0.624082860
180.0000	70.0000	50.0000	0.487037870
190.0000	70.0000	50.0000	1.006619700
200.0000	70.0000	50.0000	0.945235850
210.0000	70.0000	50.0000	0.438951340
220.0000	70.0000	50.0000	0.218220030
230.0000	70.0000	50.0000	0.231044560
240.0000	70.0000	50.0000	0.401685200
250.0000	70.0000	50.0000	0.406218100
260.0000	70.0000	50.0000	0.196991260
270.0000	70.0000	50.0000	0.262234100
280.0000	70.0000	50.0000	0.465518300
290.0000	70.0000	50.0000	0.535898500
300.0000	70.0000	50.0000	0.339122470
310.0000	70.0000	50.0000	0.517125550
320.0000	70.0000	50.0000	0.912383740
330.0000	70.0000	50.0000	0.767171600
340.0000	70.0000	50.0000	0.592104200
350.0000	70.0000	50.0000	0.542949600
360.0000	70.0000	50.0000	1.000000000
0.0000	80.0000	50.0000	0.232796300
10.0000	80.0000	50.0000	0.446674200
20.0000	80.0000	50.0000	1.293890700
30.0000	80.0000	50.0000	0.561057200
40.0000	80.0000	50.0000	0.362072600
50.0000	80.0000	50.0000	0.329079870
60.0000	80.0000	50.0000	0.463045600
70.0000	80.0000	50.0000	0.511557400
80.0000	80.0000	50.0000	0.329986240
90.0000	80.0000	50.0000	0.241915940
100.0000	80.0000	50.0000	0.361798670
110.0000	80.0000	50.0000	0.341672360
120.0000	80.0000	50.0000	0.209985870
130.0000	80.0000	50.0000	0.243366820
140.0000	80.0000	50.0000	0.492485200
150.0000	80.0000	50.0000	1.283512600
160.0000	80.0000	50.0000	2.673007200
170.0000	80.0000	50.0000	1.677791100
180.0000	80.0000	50.0000	1.418285500
190.0000	80.0000	50.0000	1.914992600
200.0000	80.0000	50.0000	1.554619900
210.0000	80.0000	50.0000	0.557874260
220.0000	80.0000	50.0000	0.339806400
230.0000	80.0000	50.0000	0.382119570
240.0000	80.0000	50.0000	0.560947000
250.0000	80.0000	50.0000	0.787630200
260.0000	80.0000	50.0000	0.385098280
270.0000	80.0000	50.0000	0.369558780
280.0000	80.0000	50.0000	0.582445700
290.0000	80.0000	50.0000	0.682228740
300.0000	80.0000	50.0000	0.626538630
310.0000	80.0000	50.0000	0.543734000
320.0000	80.0000	50.0000	0.524425300
330.0000	80.0000	50.0000	0.893917200
340.0000	80.0000	50.0000	1.262637000
350.0000	80.0000	50.0000	2.166673200
360.0000	80.0000	50.0000	1.000000000
0.0000	90.0000	50.0000	5.616516600
10.0000	90.0000	50.0000	2.046529300
20.0000	90.0000	50.0000	2.578043700
30.0000	90.0000	50.0000	0.779937740
40.0000	90.0000	50.0000	0.500876500
50.0000	90.0000	50.0000	0.501585960
60.0000	90.0000	50.0000	0.706551250
70.0000	90.0000	50.0000	0.747818350
80.0000	90.0000	50.0000	0.547474700
90.0000	90.0000	50.0000	0.395736340
100.0000	90.0000	50.0000	0.631520870
110.0000	90.0000	50.0000	0.513263170
120.0000	90.0000	50.0000	0.172617900
130.0000	90.0000	50.0000	0.283758430
140.0000	90.0000	50.0000	0.718164600
150.0000	90.0000	50.0000	1.542707700
160.0000	90.0000	50.0000	2.993091300
170.0000	90.0000	50.0000	2.038354900
180.0000	90.0000	50.0000	2.655646800
190.0000	90.0000	50.0000	4.228179000
200.0000	90.0000	50.0000	1.968452100
210.0000	90.0000	50.0000	0.955154960
220.0000	90.0000	50.0000	0.697340200
230.0000	90.0000	50.0000	0.425231870
240.0000	90.0000	50.0000	0.435604960
250.0000	90.0000	50.0000	1.156258600
260.0000	90.0000	50.0000	0.606609700
270.0000	90.0000	50.0000	0.518797930
280.0000	90.0000	50.0000	1.196374400
290.0000	90.0000	50.0000	0.946022330
300.0000	90.0000	50.0000	0.599210000
310.0000	90.0000	50.0000	0.475595360
320.0000	90.0000	50.0000	0.357326780
330.0000	90.0000	50.0000	0.942955730
340.0000	90.0000	50.0000	2.126434000
350.0000	90.0000	50.0000	4.295106400
360.0000	90.0000	50.0000	1.000000000
0.0000	0.0000	60.0000	1.000000000
10.0000	0.0000	60.0000	1.000000000
20.0000	0.0000	60.0000	1.000000000
30.0000	0.0000	60.0000	1.000000000
40.0000	0.0000	60.0000	1.000000000
50.0000	0.0000	60.0000	1.000000000
60.0000	0.0000	60.0000	1.000000000
70.0000	0.0000	60.0000	1.000000000
80.0000	0.0000	60.0000	1.000000000
90.0000	0.0000	60.0000	1.000000000
100.0000	0.0000	60.0000	1.000000000
110.0000	0.0000	60.0000	1.000000000
120.0000	0.0000	60.0000	1.000000000
130.0000	0.0000	60.0000	1.000000000
140.0000	0.0000	60.0000	1.000000000
150.0000	0.0000	60.0000	1.000000000
160.0000	0.0000	60.0000	1.000000000
170.0000	0.0000	60.0000	1.000000000
180.0000	0.0000	60.0000	1.000000000
190.0000	0.0000	60.0000	1.000000000
200.0000	0.0000	60.0000	1.000000000
210.0000	0.0000	60.0000	1.000000000
220.0000	0.0000	60.0000	1.000000000
230.0000	0.0000	60.0000	1.000000000
240.0000	0.0000	60.0000	1.000000000
250.0000	0.0000	60.0000	1.000000000
260.0000	0.0000	60.0000	1.000000000
270.0000	0.0000	60.0000	1.000000000
280.0000	0.0000	60.0000	1.000000000
290.0000	0.0000	60.0000	1.000000000
300.0000	0.0000	60.0000	1.000000000
310.0000	0.0000	60.0000	1.000000000
320.0000	0.0000	60.0000	1.000000000
330.0000	0.0000	60.0000	1.000000000
340.0000	0.0000	60.0000	1.000000000
350.0000	0.0000	60.0000	1.000000000
360.0000	0.0000	60.0000	1.000000000
0.0000	10.0000	60.0000	0.839442130
10.0000	10.0000	60.0000	0.961951730
20.0000	10.0000	60.0000	4.699280000
30.0000	10.0000	60.0000	0.090454035
40.0000	10.0000	60.0000	0.093251790
50.0000	10.0000	60.0000	0.885682400
60.0000	10.0000	60.0000	1.623524400
70.0000	10.0000	60.0000	0.429086800
80.0000	10.0000	60.0000	0.089468140
90.0000	10.0000	60.0000	0.549638750
100.0000	10.0000	60.0000	2.911662800
110.0000	10.0000	60.0000	2.355826100
120.0000	10.0000	60.0000	0.207864760
130.0000	10.0000	60.0000	0.365506950
140.0000	10.0000	60.0000	1.615784500
150.0000	10.0000	60.0000	0.174196840
160.0000	10.0000	60.0000	0.806660600
170.0000	10.0000	60.0000	3.941937700
180.0000	10.0000	60.0000	2.323740000
190.0000	10.0000	60.0000	4.084752000
200.0000	10.0000	60.0000	6.280812700
210.0000	10.0000	60.0000	0.064903360
220.0000	10.0000	60.0000	0.035923857
230.0000	10.0000	60.0000	0.139900760
240.0000	10.0000	60.0000	1.276218000
250.0000	10.0000	60.0000	15.075731000
260.0000	10.0000	60.0000	0.277421980
270.0000	10.0000	60.0000	0.086736430
280.0000	10.0000	60.0000	0.582725300
290.0000	10.0000	60.0000	0.956957040
300.0000	10.0000	60.0000	0.738779840
310.0000	10.0000	60.0000	2.214205000
320.0000	10.0000	60.0000	1.487993100
330.0000	10.0000	60.0000	0.370014820
340.0000	10.0000	60.0000	1.464740200
350.0000	10.0000	60.0000	4.812304000
360.0000	10.0000	60.0000	1.000000000
0.0000	20.0000	60.0000	2.743485500
10.0000	20.0000	60.0000	2.597075500
20.0000	20.0000	60.0000	0.809175800
30.0000	20.0000	60.0000	0.092023626
40.0000	20.0000	60.0000	0.257965530
50.0000	20.0000	60.0000	1.050439200
60.0000	20.0000	60.0000	1.524008300
70.0000	20.0000	60.0000	9.616944000
80.0000	20.0000	60.0000	4.807846000
90.0000	20.0000	60.0000	1.778966200
100.0000	20.0000	60.0000	1.818594600
110.0000	20.0000	60.0000	0.943068200
120.0000	20.0000	60.0000	1.038462600
130.0000	20.0000	60.0000	1.251266500
140.0000	20.0000	60.0000	1.220054100
150.0000	20.0000	60.0000	0.080903480
160.0000	20.0000	60.0000	0.135198830
170.0000	20.0000	60.0000	1.272410000
180.0000	20.0000	60.0000	0.819142160
190.0000	20.0000	60.0000	3.562385000
200.0000	20.0000	60.0000	1.385093600
210.0000	20.0000	60.0000	0.066322416
220.0000	20.0000	60.0000	0.383638080
230.0000	20.0000	60.0000	2.072515500
240.0000	20.0000	60.0000	1.275435800
250.0000	20.0000	60.0000	3.025921600
260.0000	20.0000	60.0000	3.926375400
270.0000	20.0000	60.0000	1.953228800
280.0000	20.0000	60.0000	2.137086200
290.0000	20.0000	60.0000	0.787179600
300.0000	20.0000	60.0000	1.149805500
310.0000	20.0000	60.0000	1.559133600
320.0000	20.0000	60.0000	0.979500830
330.0000	20.0000	60.0000	0.145749050
340.0000	20.0000	60.0000	0.126625610
350.0000	20.0000	60.0000	0.559128760
360.0000	20.0000	60.0000	1.000000000
0.0000	30.0000	60.0000	1.968394000
10.0000	30.0000	60.0000	1.890312300
20.0000	30.0000	60.0000	0.162080000
30.0000	30.0000	60.0000	0.105097410
40.0000	30.0000	60.0000	0.366204830
50.0000	30.0000	60.0000	0.445802700
60.0000	30.0000	60.0000	0.379850360
70.0000	30.0000	60.0000	1.239979500
80.0000	30.0000	60.0000	3.739162700
90.0000	30.0000	60.0000	1.399921500
100.0000	30.0000	60.0000	0.979497300
110.0000	30.0000	60.0000	0.848889400
120.0000	30.0000	60.0000	1.978963500
130.0000	30.0000	60.0000	1.945926700
140.0000	30.0000	60.0000	1.352324600
150.0000	30.0000	60.0000	0.141761200
160.0000	30.0000	60.0000	0.046739046
170.0000	30.0000	60.0000	1.198202400
180.0000	30.0000	60.0000	1.651994600
190.0000	30.0000	60.0000	2.595286100
200.0000	30.0000	60.0000	0.955113950
210.0000	30.0000	60.0000	0.141383560
220.0000	30.0000	60.0000	0.288153860
230.0000	30.0000	60.0000	0.917269400
240.0000	30.0000	60.0000	0.744857500
250.0000	30.0000	60.0000	0.626411200
260.0000	30.0000	60.0000	1.385954000
270.0000	30.0000	60.0000	3.759290500
280.0000	30.0000	60.0000	1.788412200
290.0000	30.0000	60.0000	0.597456040
300.0000	30.0000	60.0000	1.464106300
310.0000	30.0000	60.0000	4.052509000
320.0000	30.0000	60.0000	1.976356100
330.0000	30.0000	60.0000	0.158741760
340.0000	30.0000	60.0000	0.065440040
350.0000	30.0000	60.0000	1.244487300
360.0000	30.0000	60.0000	1.000000000
0.0000	40.0000	60.0000	0.496071500
10.0000	40.0000	60.0000	1.360863900
20.0000	40.0000	60.0000	1.522086900
30.0000	40.0000	60.0000	0.173920400
40.0000	40.0000	60.0000	0.569806800
50.0000	40.0000	60.0000	1.222191100
60.0000	40.0000	60.0000	0.440330830
70.0000	40.0000	60.0000	0.532249450
80.0000	40.0000	60.0000	2.119192800
90.0000	40.0000	60.0000	1.051426500
100.0000	40.0000	60.0000	0.313173830
110.0000	40.0000	60.0000	0.511839450
120.0000	40.0000	60.0000	0.980091750
130.0000	40.0000	60.0000	0.815348270
140.0000	40.0000	60.0000	1.237866200
150.0000	40.0000	60.0000	0.318647180
160.0000	40.0000	60.0000	0.036789447
170.0000	40.0000	60.0000	0.391718060
180.0000	40.0000	60.0000	1.985639600
190.0000	40.0000	60.0000	5.263375300
200.0000	40.0000	60.0000	2.294542600
210.0000	40.0000	60.0000	0.414505270
220.0000	40.0000	60.0000	0.302521970
230.0000	40.0000	60.0000	0.569089650
240.0000	40.0000	60.0000	0.976223200
250.0000	40.0000	60.0000	0.507193800
260.0000	40.0000	60.0000	0.678131460
270.0000	40.0000	60.0000	0.740432440
280.0000	40.0000	60.0000	0.564236040
290.0000	40.0000	60.0000	0.295881930
300.0000	40.0000	60.0000	0.786767240
310.0000	40.0000	60.0000	4.252289000
320.0000	40.0000	60.0000	0.842955400
330.0000	40.0000	60.0000	0.136535660
340.0000	40.0000	60.0000	0.085638820
350.0000	40.0000	60.0000	0.895419900
360.0000	40.0000	60.0000	1.000000000
0.0000	50.0000	60.0000	2.723838300
10.0000	50.0000	60.0000	3.868871700
20.0000	50.0000	60.0000	1.985408100
30.0000	50.0000	60.0000	0.563167750
40.0000	50.0000	60.0000	0.638122740
50.0000	50.0000	60.0000	0.506931660
60.0000	50.0000	60.0000	0.422089700
70.0000	50.0000	60.0000	0.180809780
80.0000	50.0000	60.0000	0.395787000
90.0000	50.0000	60.0000	2.690144300
100.0000	50.0000	60.0000	1.046596300
110.0000	50.0000	60.0000	0.751514200
120.0000	50.0000	60.0000	0.883280700
130.0000	50.0000	60.0000	0.705706300
140.0000	50.0000	60.0000	0.695934600
150.0000	50.0000	60.0000	0.250863880
160.0000	50.0000	60.0000	0.067167506
170.0000	50.0000	60.0000	0.379665260
180.0000	50.0000	60.0000	1.565140700
190.0000	50.0000	60.0000	1.979278200
200.0000	50.0000	60.0000	0.877613100
210.0000	50.0000	60.0000	0.536552250
220.0000	50.0000	60.0000	0.720701200
230.0000	50.0000	60.0000	0.866112050
240.0000	50.0000	60.0000	0.486605080
250.0000	50.0000	60.0000	0.263344800
260.0000	50.0000	60.0000	0.438810530
270.0000	50.0000	60.0000	0.848608550
280.0000	50.0000	60.0000	0.476236370
290.0000	50.0000	60.0000	0.211305190
300.0000	50.0000	60.0000	0.241026730
310.0000	50.0000	60.0000	0.516363260
320.0000	50.0000	60.0000	0.481888920
330.0000	50.0000	60.0000	0.203266560
340.0000	50.0000	60.0000	0.178134070
350.0000	50.0000	60.0000	0.442639980
360.0000	50.0000	60.0000	1.000000000
0.0000	60.0000	60.0000	0.784703200
10.0000	60.0000	60.0000	1.316566100
20.0000	60.0000	60.0000	1.633334000
30.0000	60.0000	60.0000	0.587077300
40.0000	60.0000	60.0000	0.372483100
50.0000	60.0000	60.0000	0.417227100
60.0000	60.0000	60.0000	0.426593100
70.0000	60.0000	60.0000	0.189545120
80.0000	60.0000	60.0000	0.269367670
90.0000	60.0000	60.0000	1.195236900
100.0000	60.0000	60.0000	1.952943400
110.0000	60.0000	60.0000	1.701462000
120.0000	60.0000	60.0000	1.361548500
130.0000	60.0000	60.0000	1.521194900
140.0000	60.0000	60.0000	0.876696350
150.0000	60.0000	60.0000	0.513240750
160.0000	60.0000	60.0000	0.468832550
170.0000	60.0000	60.0000	0.996616540
180.0000	60.0000	60.0000	1.403505000
190.0000	60.0000	60.0000	1.750497200
200.0000	60.0000	60.0000	0.663306650
210.0000	60.0000	60.0000	0.224810180
220.0000	60.0000	60.0000	0.318694920
230.0000	60.0000	60.0000	0.455332900
240.0000	60.0000	60.0000	0.296440500
250.0000	60.0000	60.0000	0.262365520
260.0000	60.0000	60.0000	0.495015260
270.0000	60.0000	60.0000	1.278281100
280.0000	60.0000	60.0000	0.336537570
290.0000	60.0000	60.0000	0.121378680
300.0000	60.0000	60.0000	0.139257910
310.0000	60.0000	60.0000	0.503241960
320.0000	60.0000	60.0000	1.147681800
330.0000	60.0000	60.0000	0.892031500
340.0000	60.0000	60.0000	0.551222900
350.0000	60.0000	60.0000	0.670677240
360.0000	60.0000	60.0000	1.000000000
0.0000	70.0000	60.0000	1.871136900
10.0000	70.0000	60.0000	1.237928600
20.0000	70.0000	60.0000	0.800672800
30.0000	70.0000	60.0000	0.294591250
40.0000	70.0000	60.0000	0.158764800
50.0000	70.0000	60.0000	0.403900900
60.0000	70.0000	60.0000	0.578612500
70.0000	70.0000	60.0000	0.417415350
80.0000	70.0000	60.0000	0.348324780
90.0000	70.0000	60.0000	0.207918880
100.0000	70.0000	60.0000	0.407475440
110.0000	70.0000	60.0000	0.691633600
120.0000	70.0000	60.0000	0.562459100
130.0000	70.0000	60.0000	0.397311200
140.0000	70.0000	60.0000	0.591040100
150.0000	70.0000	60.0000	0.877185940
160.0000	70.0000	60.0000	1.916814900
170.0000	70.0000	60.0000	1.484357400
180.0000	70.0000	60.0000	0.770235300
190.0000	70.0000	60.0000	1.548428200
200.0000	70.0000	60.0000	1.065621100
210.0000	70.0000	60.0000	0.241979970
220.0000	70.0000	60.0000	0.166331720
230.0000	70.0000	60.0000	0.429231200
240.0000	70.0000	60.0000	0.515128700
250.0000	70.0000	60.0000	0.395528580
260.0000	70.0000	60.0000	0.418260460
270.0000	70.0000	60.0000	0.389148680
280.0000	70.0000	60.0000	0.119414410
290.0000	70.0000	60.0000	0.133753210
300.0000	70.0000	60.0000	0.157872650
310.0000	70.0000	60.0000	0.273526760
320.0000	70.0000	60.0000	0.498604360
330.0000	70.0000	60.0000	0.637868400
340.0000	70.0000	60.0000	0.615271330
350.0000	70.0000	60.0000	1.164380300
360.0000	70.0000	60.0000	1.000000000
0.0000	80.0000	60.0000	0.392407030
10.0000	80.0000	60.0000	0.522088900
20.0000	80.0000	60.0000	0.958547300
30.0000	80.0000	60.0000	0.416165200
40.0000	80.0000	60.0000	0.448759730
50.0000	80.0000	60.0000	0.573335230
60.0000	80.0000	60.0000	0.555707450
70.0000	80.0000	60.0000	0.791540270
80.0000	80.0000	60.0000	0.659295800
90.0000	80.0000	60.0000	0.472239700
100.0000	80.0000	60.0000	0.668865600
110.0000	80.0000	60.0000	0.399547930
120.0000	80.0000	60.0000	0.300587680
130.0000	80.0000	60.0000	0.228883330
140.0000	80.0000	60.0000	0.530110200
150.0000	80.0000	60.0000	1.016789900
160.0000	80.0000	60.0000	2.039162200
170.0000	80.0000	60.0000	2.033992000
180.0000	80.0000	60.0000	1.637250100
190.0000	80.0000	60.0000	2.025839000
200.0000	80.0000	60.0000	1.851362200
210.0000	80.0000	60.0000	0.620112400
220.0000	80.0000	60.0000	0.604568540
230.0000	80.0000	60.0000	0.835334600
240.0000	80.0000	60.0000	0.811462640
250.0000	80.0000	60.0000	0.878207600
260.0000	80.0000	60.0000	0.537166060
270.0000	80.0000	60.0000	0.395661920
280.0000	80.0000	60.0000	0.317454760
290.0000	80.0000	60.0000	0.349260780
300.0000	80.0000	60.0000	0.680756870
310.0000	80.0000	60.0000	0.597751740
320.0000	80.0000	60.0000	0.286737950
330.0000	80.0000	60.0000	0.325297470
340.0000	80.0000	60.0000	0.513864500
350.0000	80.0000	60.0000	1.911787500
360.0000	80.0000	60.0000	1.000000000
0.0000	90.0000	60.0000	6.039289000
10.0000	90.0000	60.0000	1.972767200
20.0000	90.0000	60.0000	1.791472700
30.0000	90.0000	60.0000	0.749218340
40.0000	90.0000	60.0000	1.668516400
50.0000	90.0000	60.0000	0.992203530
60.0000	90.0000	60.0000	0.732914600
70.0000	90.0000	60.0000	1.341416500
80.0000	90.0000	60.0000	0.950063770
90.0000	90.0000	60.0000	0.639306370
100.0000	90.0000	60.0000	0.715777750
110.0000	90.0000	60.0000	0.428888350
120.0000	90.0000	60.0000	0.505882100
130.0000	90.0000	60.0000	0.566555440
140.0000	90.0000	60.0000	1.153919200
150.0000	90.0000	60.0000	2.066738800
160.0000	90.0000	60.0000	2.013879300
170.0000	90.0000	60.0000	1.811588600
180.0000	90.0000	60.0000	2.754010000
190.0000	90.0000	60.0000	4.585990000
200.0000	90.0000	60.0000	1.840880900
210.0000	90.0000	60.0000	0.942760470
220.0000	90.0000	60.0000	1.717858600
230.0000	90.0000	60.0000	1.044480300
240.0000	90.0000	60.0000	0.653392600
250.0000	90.0000	60.0000	2.790955000
260.0000	90.0000	60.0000	0.885995000
270.0000	90.0000	60.0000	0.801314650
280.0000	90.0000	60.0000	0.628874240
290.0000	90.0000	60.0000	0.342846420
300.0000	90.0000	60.0000	1.208787900
310.0000	90.0000	60.0000	1.593734000
320.0000	90.0000	60.0000	0.401137140
330.0000	90.0000	60.0000	0.476757350
340.0000	90.0000	60.0000	0.717013500
350.0000	90.0000	60.0000	2.020717600
360.0000	90.0000	60.0000	1.000000000
