0.0000	0.0000	0.0000	0.342206120
10.0000	0.0000	0.0000	0.263732600
20.0000	0.0000	0.0000	0.483034500
30.0000	0.0000	0.0000	0.520407140
40.0000	0.0000	0.0000	0.881117940
50.0000	0.0000	0.0000	1.010531100
60.0000	0.0000	0.0000	0.349144900
70.0000	0.0000	0.0000	0.545351500
80.0000	0.0000	0.0000	0.367980600
90.0000	0.0000	0.0000	1.011476500
100.0000	0.0000	0.0000	1.945491800
110.0000	0.0000	0.0000	2.425941700
120.0000	0.0000	0.0000	2.127395400
130.0000	0.0000	0.0000	2.321992400
140.0000	0.0000	0.0000	2.015278800
150.0000	0.0000	0.0000	1.223976700
160.0000	0.0000	0.0000	0.874147300
170.0000	0.0000	0.0000	0.347871420
180.0000	0.0000	0.0000	0.160383970
190.0000	0.0000	0.0000	0.899508200
200.0000	0.0000	0.0000	0.591007900
210.0000	0.0000	0.0000	0.266656280
220.0000	0.0000	0.0000	0.441030000
230.0000	0.0000	0.0000	0.565357270
240.0000	0.0000	0.0000	0.147555200
250.0000	0.0000	0.0000	0.551475940
260.0000	0.0000	0.0000	0.489508840
270.0000	0.0000	0.0000	1.101898300
280.0000	0.0000	0.0000	1.672477700
290.0000	0.0000	0.0000	1.738339700
300.0000	0.0000	0.0000	1.790363900
310.0000	0.0000	0.0000	2.486447300
320.0000	0.0000	0.0000	1.730054400
330.0000	0.0000	0.0000	0.895421100
340.0000	0.0000	0.0000	0.839161900
350.0000	0.0000	0.0000	1.714457800
360.0000	0.0000	0.0000	1.000000000
0.0000	10.0000	0.0000	0.729011540
10.0000	10.0000	0.0000	1.142166400
20.0000	10.0000	0.0000	2.373880400
30.0000	10.0000	0.0000	0.343825580
40.0000	10.0000	0.0000	2.152558800
50.0000	10.0000	0.0000	0.491981400
60.0000	10.0000	0.0000	0.990300700
70.0000	10.0000	0.0000	7.804099000
80.0000	10.0000	0.0000	0.125370590
90.0000	10.0000	0.0000	0.740396600
100.0000	10.0000	0.0000	1.925792500
110.0000	10.0000	0.0000	2.773213000
120.0000	10.0000	0.0000	3.373915000
130.0000	10.0000	0.0000	3.887396600
140.0000	10.0000	0.0000	1.256384300
150.0000	10.0000	0.0000	0.319709900
160.0000	10.0000	0.0000	1.329923900
170.0000	10.0000	0.0000	2.166379500
180.0000	10.0000	0.0000	1.589803900
190.0000	10.0000	0.0000	5.940346700
200.0000	10.0000	0.0000	1.111011100
210.0000	10.0000	0.0000	0.108760920
220.0000	10.0000	0.0000	2.509085700
230.0000	10.0000	0.0000	1.311382200
240.0000	10.0000	0.0000	0.219351070
250.0000	10.0000	0.0000	0.811017040
260.0000	10.0000	0.0000	0.274443780
270.0000	10.0000	0.0000	2.144470200
280.0000	10.0000	0.0000	2.444916500
290.0000	10.0000	0.0000	2.236295200
300.0000	10.0000	0.0000	2.196789500
310.0000	10.0000	0.0000	2.983722700
320.0000	10.0000	0.0000	1.155357100
330.0000	10.0000	0.0000	0.394981060
340.0000	10.0000	0.0000	2.130899400
350.0000	10.0000	0.0000	4.155084600
360.0000	10.0000	0.0000	1.000000000
0.0000	20.0000	0.0000	2.253632800
10.0000	20.0000	0.0000	2.844827400
20.0000	20.0000	0.0000	0.298432020
30.0000	20.0000	0.0000	0.067463994
40.0000	20.0000	0.0000	0.342814150
50.0000	20.0000	0.0000	0.936599700
60.0000	20.0000	0.0000	1.933286700
70.0000	20.0000	0.0000	0.754553440
80.0000	20.0000	0.0000	0.247770850
90.0000	20.0000	0.0000	0.307104260
100.0000	20.0000	0.0000	1.802406000
110.0000	20.0000	0.0000	1.961281900
120.0000	20.0000	0.0000	2.385574300
130.0000	20.0000	0.0000	4.218921700
140.0000	20.0000	0.0000	0.334895940
150.0000	20.0000	0.0000	0.050837886
160.0000	20.0000	0.0000	0.450646880
170.0000	20.0000	0.0000	1.320893900
180.0000	20.0000	0.0000	1.201465200
190.0000	20.0000	0.0000	4.523617700
200.0000	20.0000	0.0000	0.200242200
210.0000	20.0000	0.0000	0.111501570
220.0000	20.0000	0.0000	1.372213600
230.0000	20.0000	0.0000	1.113895200
240.0000	20.0000	0.0000	1.029632400
250.0000	20.0000	0.0000	1.060174600
260.0000	20.0000	0.0000	0.452653100
270.0000	20.0000	0.0000	0.685754360
280.0000	20.0000	0.0000	2.166902000
290.0000	20.0000	0.0000	3.876855000
300.0000	20.0000	0.0000	2.257489000
310.0000	20.0000	0.0000	2.304085300
320.0000	20.0000	0.0000	0.978580700
330.0000	20.0000	0.0000	0.082999700
340.0000	20.0000	0.0000	0.308676480
350.0000	20.0000	0.0000	0.574331700
360.0000	20.0000	0.0000	1.000000000
0.0000	30.0000	0.0000	1.673032000
10.0000	30.0000	0.0000	1.700293300
20.0000	30.0000	0.0000	0.070272140
30.0000	30.0000	0.0000	0.146654650
40.0000	30.0000	0.0000	0.710937740
50.0000	30.0000	0.0000	3.472544700
60.0000	30.0000	0.0000	2.498074000
70.0000	30.0000	0.0000	0.596139000
80.0000	30.0000	0.0000	0.537533160
90.0000	30.0000	0.0000	0.735900640
100.0000	30.0000	0.0000	1.376678700
110.0000	30.0000	0.0000	0.827030360
120.0000	30.0000	0.0000	1.358104200
130.0000	30.0000	0.0000	1.115722900
140.0000	30.0000	0.0000	0.150766660
150.0000	30.0000	0.0000	0.056656860
160.0000	30.0000	0.0000	0.358327450
170.0000	30.0000	0.0000	2.954478300
180.0000	30.0000	0.0000	2.986472800
190.0000	30.0000	0.0000	1.631079100
200.0000	30.0000	0.0000	0.093524550
210.0000	30.0000	0.0000	0.272898020
220.0000	30.0000	0.0000	1.237612500
230.0000	30.0000	0.0000	1.641321000
240.0000	30.0000	0.0000	1.027139300
250.0000	30.0000	0.0000	0.443664460
260.0000	30.0000	0.0000	0.506523400
270.0000	30.0000	0.0000	0.610909500
280.0000	30.0000	0.0000	0.822048540
290.0000	30.0000	0.0000	1.579716900
300.0000	30.0000	0.0000	1.182775000
310.0000	30.0000	0.0000	0.713946460
320.0000	30.0000	0.0000	0.411188480
330.0000	30.0000	0.0000	0.130936430
340.0000	30.0000	0.0000	0.256625980
350.0000	30.0000	0.0000	0.681818250
360.0000	30.0000	0.0000	1.000000000
0.0000	40.0000	0.0000	0.466596250
10.0000	40.0000	0.0000	0.490467250
20.0000	40.0000	0.0000	0.047856722
30.0000	40.0000	0.0000	0.219392100
40.0000	40.0000	0.0000	0.774822950
50.0000	40.0000	0.0000	1.355454200
60.0000	40.0000	0.0000	3.011092200
70.0000	40.0000	0.0000	0.526618900
80.0000	40.0000	0.0000	0.244345170
90.0000	40.0000	0.0000	0.930369100
100.0000	40.0000	0.0000	1.345496200
110.0000	40.0000	0.0000	0.879558300
120.0000	40.0000	0.0000	0.491719750
130.0000	40.0000	0.0000	0.478966180
140.0000	40.0000	0.0000	0.447107200
150.0000	40.0000	0.0000	0.215128200
160.0000	40.0000	0.0000	1.287622600
170.0000	40.0000	0.0000	1.406763900
180.0000	40.0000	0.0000	2.030124400
190.0000	40.0000	0.0000	2.222903000
200.0000	40.0000	0.0000	0.109309494
210.0000	40.0000	0.0000	0.306885630
220.0000	40.0000	0.0000	0.830690900
230.0000	40.0000	0.0000	1.674072300
240.0000	40.0000	0.0000	0.560745700
250.0000	40.0000	0.0000	0.244202060
260.0000	40.0000	0.0000	0.287233500
270.0000	40.0000	0.0000	0.290051900
280.0000	40.0000	0.0000	0.329647800
290.0000	40.0000	0.0000	0.631665500
300.0000	40.0000	0.0000	1.274831400
310.0000	40.0000	0.0000	0.603989540
320.0000	40.0000	0.0000	0.436116500
330.0000	40.0000	0.0000	0.707787000
340.0000	40.0000	0.0000	3.163386800
350.0000	40.0000	0.0000	1.442590400
360.0000	40.0000	0.0000	1.000000000
0.0000	50.0000	0.0000	2.445024000
10.0000	50.0000	0.0000	1.400917800
20.0000	50.0000	0.0000	0.141679450
30.0000	50.0000	0.0000	0.496992080
40.0000	50.0000	0.0000	0.430429200
50.0000	50.0000	0.0000	0.271162060
60.0000	50.0000	0.0000	0.174859970
70.0000	50.0000	0.0000	0.110894610
80.0000	50.0000	0.0000	0.338463570
90.0000	50.0000	0.0000	1.067969700
100.0000	50.0000	0.0000	0.435085540
110.0000	50.0000	0.0000	0.386755020
120.0000	50.0000	0.0000	0.731182600
130.0000	50.0000	0.0000	0.511237440
140.0000	50.0000	0.0000	0.585267300
150.0000	50.0000	0.0000	0.500881500
160.0000	50.0000	0.0000	0.951129200
170.0000	50.0000	0.0000	0.952284000
180.0000	50.0000	0.0000	1.531588200
190.0000	50.0000	0.0000	1.142134300
200.0000	50.0000	0.0000	0.170364350
210.0000	50.0000	0.0000	0.395107150
220.0000	50.0000	0.0000	0.712691250
230.0000	50.0000	0.0000	0.673260450
240.0000	50.0000	0.0000	0.776563900
250.0000	50.0000	0.0000	1.200189500
260.0000	50.0000	0.0000	0.666545570
270.0000	50.0000	0.0000	0.474623770
280.0000	50.0000	0.0000	0.572971640
290.0000	50.0000	0.0000	0.436605700
300.0000	50.0000	0.0000	0.419309700
310.0000	50.0000	0.0000	0.423801480
320.0000	50.0000	0.0000	0.414775430
330.0000	50.0000	0.0000	0.805457500
340.0000	50.0000	0.0000	1.855186300
350.0000	50.0000	0.0000	0.978484900
360.0000	50.0000	0.0000	1.000000000
0.0000	60.0000	0.0000	1.154507300
10.0000	60.0000	0.0000	0.813716230
20.0000	60.0000	0.0000	0.924982000
30.0000	60.0000	0.0000	1.251003700
40.0000	60.0000	0.0000	0.410384800
50.0000	60.0000	0.0000	0.306824830
60.0000	60.0000	0.0000	0.140195490
70.0000	60.0000	0.0000	0.067033246
80.0000	60.0000	0.0000	0.177166460
90.0000	60.0000	0.0000	0.439500120
100.0000	60.0000	0.0000	0.344346730
110.0000	60.0000	0.0000	0.618198600
120.0000	60.0000	0.0000	0.979203900
130.0000	60.0000	0.0000	0.439207080
140.0000	60.0000	0.0000	0.287422930
150.0000	60.0000	0.0000	0.287010040
160.0000	60.0000	0.0000	0.561106860
170.0000	60.0000	0.0000	1.596494000
180.0000	60.0000	0.0000	1.874993700
190.0000	60.0000	0.0000	1.416489500
200.0000	60.0000	0.0000	0.803033600
210.0000	60.0000	0.0000	0.751727700
220.0000	60.0000	0.0000	1.038827000
230.0000	60.0000	0.0000	0.900300600
240.0000	60.0000	0.0000	0.638124350
250.0000	60.0000	0.0000	1.688589500
260.0000	60.0000	0.0000	2.158788200
270.0000	60.0000	0.0000	0.925913600
280.0000	60.0000	0.0000	0.637197300
290.0000	60.0000	0.0000	0.441072900
300.0000	60.0000	0.0000	0.299448800
310.0000	60.0000	0.0000	0.208229500
320.0000	60.0000	0.0000	0.267972560
330.0000	60.0000	0.0000	0.181809990
340.0000	60.0000	0.0000	0.498310030
350.0000	60.0000	0.0000	3.008408500
360.0000	60.0000	0.0000	1.000000000
0.0000	70.0000	0.0000	1.618070000
10.0000	70.0000	0.0000	1.487362000
20.0000	70.0000	0.0000	1.178979800
30.0000	70.0000	0.0000	0.798593500
40.0000	70.0000	0.0000	0.377398520
50.0000	70.0000	0.0000	0.202788980
60.0000	70.0000	0.0000	0.318481740
70.0000	70.0000	0.0000	0.093634434
80.0000	70.0000	0.0000	0.028804433
90.0000	70.0000	0.0000	0.089775910
100.0000	70.0000	0.0000	0.423054300
110.0000	70.0000	0.0000	0.598319900
120.0000	70.0000	0.0000	0.487531540
130.0000	70.0000	0.0000	0.555475100
140.0000	70.0000	0.0000	0.224424680
150.0000	70.0000	0.0000	0.202728840
160.0000	70.0000	0.0000	0.619913340
170.0000	70.0000	0.0000	1.152287600
180.0000	70.0000	0.0000	1.093323200
190.0000	70.0000	0.0000	2.374566300
200.0000	70.0000	0.0000	1.432785000
210.0000	70.0000	0.0000	0.712022100
220.0000	70.0000	0.0000	0.521090900
230.0000	70.0000	0.0000	0.204330950
240.0000	70.0000	0.0000	0.242164400
250.0000	70.0000	0.0000	1.025930600
260.0000	70.0000	0.0000	1.142338500
270.0000	70.0000	0.0000	0.440464700
280.0000	70.0000	0.0000	0.448343720
290.0000	70.0000	0.0000	0.554527000
300.0000	70.0000	0.0000	0.293213700
310.0000	70.0000	0.0000	0.189947140
320.0000	70.0000	0.0000	0.238464920
330.0000	70.0000	0.0000	0.304204820
340.0000	70.0000	0.0000	0.612784300
350.0000	70.0000	0.0000	2.153125300
360.0000	70.0000	0.0000	1.000000000
0.0000	80.0000	0.0000	0.278356550
10.0000	80.0000	0.0000	0.721519530
20.0000	80.0000	0.0000	1.147667300
30.0000	80.0000	0.0000	0.346336160
40.0000	80.0000	0.0000	0.454415380
50.0000	80.0000	0.0000	0.384965630
60.0000	80.0000	0.0000	0.468273130
70.0000	80.0000	0.0000	0.282173780
80.0000	80.0000	0.0000	0.081593156
90.0000	80.0000	0.0000	0.194330770
100.0000	80.0000	0.0000	0.570430460
110.0000	80.0000	0.0000	0.352730660
120.0000	80.0000	0.0000	0.219106500
130.0000	80.0000	0.0000	0.482801800
140.0000	80.0000	0.0000	0.559541340
150.0000	80.0000	0.0000	0.825098100
160.0000	80.0000	0.0000	1.608460900
170.0000	80.0000	0.0000	1.916313000
180.0000	80.0000	0.0000	2.871178400
190.0000	80.0000	0.0000	4.172691300
200.0000	80.0000	0.0000	1.085140700
210.0000	80.0000	0.0000	1.012453900
220.0000	80.0000	0.0000	0.611552300
230.0000	80.0000	0.0000	0.125371320
240.0000	80.0000	0.0000	0.361298770
250.0000	80.0000	0.0000	0.674664260
260.0000	80.0000	0.0000	0.496880860
270.0000	80.0000	0.0000	0.661973240
280.0000	80.0000	0.0000	0.722649340
290.0000	80.0000	0.0000	0.692209060
300.0000	80.0000	0.0000	0.329133480
310.0000	80.0000	0.0000	0.576437900
320.0000	80.0000	0.0000	0.862829450
330.0000	80.0000	0.0000	1.150851700
340.0000	80.0000	0.0000	1.049525700
350.0000	80.0000	0.0000	1.113761800
360.0000	80.0000	0.0000	1.000000000
0.0000	90.0000	0.0000	5.130660500
10.0000	90.0000	0.0000	2.201989200
20.0000	90.0000	0.0000	1.888617600
30.0000	90.0000	0.0000	0.365804370
40.0000	90.0000	0.0000	0.640956700
50.0000	90.0000	0.0000	0.937523800
60.0000	90.0000	0.0000	0.667806150
70.0000	90.0000	0.0000	0.359814820
80.0000	90.0000	0.0000	0.123907320
90.0000	90.0000	0.0000	0.410697300
100.0000	90.0000	0.0000	0.900266200
110.0000	90.0000	0.0000	0.397792940
120.0000	90.0000	0.0000	0.218482450
130.0000	90.0000	0.0000	0.419755370
140.0000	90.0000	0.0000	1.453185200
150.0000	90.0000	0.0000	3.348156500
160.0000	90.0000	0.0000	4.419705000
170.0000	90.0000	0.0000	2.736129300
180.0000	90.0000	0.0000	3.563127000
190.0000	90.0000	0.0000	3.195902300
200.0000	90.0000	0.0000	1.235227500
210.0000	90.0000	0.0000	3.183509300
220.0000	90.0000	0.0000	1.546273600
230.0000	90.0000	0.0000	0.275300120
240.0000	90.0000	0.0000	0.543509400
250.0000	90.0000	0.0000	0.539714000
260.0000	90.0000	0.0000	0.383087720
270.0000	90.0000	0.0000	0.704357270
280.0000	90.0000	0.0000	0.986122000
290.0000	90.0000	0.0000	1.535836900
300.0000	90.0000	0.0000	0.593773500
310.0000	90.0000	0.0000	1.356408100
320.0000	90.0000	0.0000	1.990537000
330.0000	90.0000	0.0000	1.676518600
340.0000	90.0000	0.0000	1.608727300
350.0000	90.0000	0.0000	2.432546900
360.0000	90.0000	0.0000	1.000000000
0.0000	0.0000	10.0000	1.000000000
10.0000	0.0000	10.0000	1.000000000
20.0000	0.0000	10.0000	1.000000000
30.0000	0.0000	10.0000	1.000000000
40.0000	0.0000	10.0000	1.000000000
50.0000	0.0000	10.0000	1.000000000
60.0000	0.0000	10.0000	1.000000000
70.0000	0.0000	10.0000	1.000000000
80.0000	0.0000	10.0000	1.000000000
90.0000	0.0000	10.0000	1.000000000
100.0000	0.0000	10.0000	1.000000000
110.0000	0.0000	10.0000	1.000000000
120.0000	0.0000	10.0000	1.000000000
130.0000	0.0000	10.0000	1.000000000
140.0000	0.0000	10.0000	1.000000000
150.0000	0.0000	10.0000	1.000000000
160.0000	0.0000	10.0000	1.000000000
170.0000	0.0000	10.0000	1.000000000
180.0000	0.0000	10.0000	1.000000000
190.0000	0.0000	10.0000	1.000000000
200.0000	0.0000	10.0000	1.000000000
210.0000	0.0000	10.0000	1.000000000
220.0000	0.0000	10.0000	1.000000000
230.0000	0.0000	10.0000	1.000000000
240.0000	0.0000	10.0000	1.000000000
250.0000	0.0000	10.0000	1.000000000
260.0000	0.0000	10.0000	1.000000000
270.0000	0.0000	10.0000	1.000000000
280.0000	0.0000	10.0000	1.000000000
290.0000	0.0000	10.0000	1.000000000
300.0000	0.0000	10.0000	1.000000000
310.0000	0.0000	10.0000	1.000000000
320.0000	0.0000	10.0000	1.000000000
330.0000	0.0000	10.0000	1.000000000
340.0000	0.0000	10.0000	1.000000000
350.0000	0.0000	10.0000	1.000000000
360.0000	0.0000	10.0000	1.000000000
0.0000	10.0000	10.0000	0.745269540
10.0000	10.0000	10.0000	0.746904900
20.0000	10.0000	10.0000	1.806116600
30.0000	10.0000	10.0000	0.406198000
40.0000	10.0000	10.0000	0.724013300
50.0000	10.0000	10.0000	1.203553900
60.0000	10.0000	10.0000	2.624469300
70.0000	10.0000	10.0000	1.534189300
80.0000	10.0000	10.0000	0.234757650
90.0000	10.0000	10.0000	0.857479450
100.0000	10.0000	10.0000	1.747996900
110.0000	10.0000	10.0000	2.322720800
120.0000	10.0000	10.0000	2.728235200
130.0000	10.0000	10.0000	1.841627500
140.0000	10.0000	10.0000	0.761801960
150.0000	10.0000	10.0000	0.400252520
160.0000	10.0000	10.0000	1.665982600
170.0000	10.0000	10.0000	2.554161800
180.0000	10.0000	10.0000	1.812082200
190.0000	10.0000	10.0000	2.493962000
200.0000	10.0000	10.0000	1.074819700
210.0000	10.0000	10.0000	0.228516150
220.0000	10.0000	10.0000	1.450269800
230.0000	10.0000	10.0000	0.951007960
240.0000	10.0000	10.0000	0.610730700
250.0000	10.0000	10.0000	0.555707600
260.0000	10.0000	10.0000	0.111163400
270.0000	10.0000	10.0000	1.096883400
280.0000	10.0000	10.0000	2.070360700
290.0000	10.0000	10.0000	1.760735000
300.0000	10.0000	10.0000	1.862394800
310.0000	10.0000	10.0000	1.746730100
320.0000	10.0000	10.0000	0.828964530
330.0000	10.0000	10.0000	0.472914460
340.0000	10.0000	10.0000	2.783167600
350.0000	10.0000	10.0000	4.752382000
360.0000	10.0000	10.0000	1.000000000
0.0000	20.0000	10.0000	2.177251800
10.0000	20.0000	10.0000	1.773479500
20.0000	20.0000	10.0000	0.272164600
30.0000	20.0000	10.0000	0.114367075
40.0000	20.0000	10.0000	0.360839600
50.0000	20.0000	10.0000	1.303347700
60.0000	20.0000	10.0000	1.152025700
70.0000	20.0000	10.0000	0.341474830
80.0000	20.0000	10.0000	0.258402300
90.0000	20.0000	10.0000	0.424852670
100.0000	20.0000	10.0000	1.178027400
110.0000	20.0000	10.0000	1.089115100
120.0000	20.0000	10.0000	0.674515300
130.0000	20.0000	10.0000	0.346519440
140.0000	20.0000	10.0000	0.098395680
150.0000	20.0000	10.0000	0.075151550
160.0000	20.0000	10.0000	0.701789000
170.0000	20.0000	10.0000	1.234375600
180.0000	20.0000	10.0000	0.842513300
190.0000	20.0000	10.0000	1.490999900
200.0000	20.0000	10.0000	0.279109360
210.0000	20.0000	10.0000	0.204585550
220.0000	20.0000	10.0000	0.614695670
230.0000	20.0000	10.0000	1.318420800
240.0000	20.0000	10.0000	1.067291600
250.0000	20.0000	10.0000	0.987738800
260.0000	20.0000	10.0000	0.493547740
270.0000	20.0000	10.0000	0.331761100
280.0000	20.0000	10.0000	0.980682130
290.0000	20.0000	10.0000	0.976514640
300.0000	20.0000	10.0000	0.464442000
310.0000	20.0000	10.0000	0.688136040
320.0000	20.0000	10.0000	0.279193850
330.0000	20.0000	10.0000	0.059184656
340.0000	20.0000	10.0000	0.437878880
350.0000	20.0000	10.0000	0.666392000
360.0000	20.0000	10.0000	1.000000000
0.0000	30.0000	10.0000	1.335965000
10.0000	30.0000	10.0000	0.748877050
20.0000	30.0000	10.0000	0.061099384
30.0000	30.0000	10.0000	0.233359750
40.0000	30.0000	10.0000	1.053170200
50.0000	30.0000	10.0000	1.891048800
60.0000	30.0000	10.0000	0.905590650
70.0000	30.0000	10.0000	0.479488730
80.0000	30.0000	10.0000	0.617752430
90.0000	30.0000	10.0000	0.668662400
100.0000	30.0000	10.0000	1.228033800
110.0000	30.0000	10.0000	1.606191900
120.0000	30.0000	10.0000	1.974062400
130.0000	30.0000	10.0000	0.701408270
140.0000	30.0000	10.0000	0.137680900
150.0000	30.0000	10.0000	0.214840040
160.0000	30.0000	10.0000	1.890482000
170.0000	30.0000	10.0000	3.061491000
180.0000	30.0000	10.0000	1.710953500
190.0000	30.0000	10.0000	0.433311000
200.0000	30.0000	10.0000	0.066965790
210.0000	30.0000	10.0000	0.232317130
220.0000	30.0000	10.0000	0.835426300
230.0000	30.0000	10.0000	1.686394800
240.0000	30.0000	10.0000	1.083472100
250.0000	30.0000	10.0000	0.604773900
260.0000	30.0000	10.0000	0.623389500
270.0000	30.0000	10.0000	0.435915530
280.0000	30.0000	10.0000	0.678094400
290.0000	30.0000	10.0000	3.044724000
300.0000	30.0000	10.0000	1.737527500
310.0000	30.0000	10.0000	1.258191600
320.0000	30.0000	10.0000	0.371580720
330.0000	30.0000	10.0000	0.214132030
340.0000	30.0000	10.0000	0.357280520
350.0000	30.0000	10.0000	0.691255900
360.0000	30.0000	10.0000	1.000000000
0.0000	40.0000	10.0000	0.250154670
10.0000	40.0000	10.0000	0.167199160
20.0000	40.0000	10.0000	0.044178740
30.0000	40.0000	10.0000	0.336011900
40.0000	40.0000	10.0000	1.398985900
50.0000	40.0000	10.0000	0.981742200
60.0000	40.0000	10.0000	0.538896300
70.0000	40.0000	10.0000	0.392144230
80.0000	40.0000	10.0000	0.391204700
90.0000	40.0000	10.0000	0.799913100
100.0000	40.0000	10.0000	1.186185200
110.0000	40.0000	10.0000	1.197377300
120.0000	40.0000	10.0000	0.944483200
130.0000	40.0000	10.0000	0.559237000
140.0000	40.0000	10.0000	0.452542540
150.0000	40.0000	10.0000	0.532746430
160.0000	40.0000	10.0000	1.607355500
170.0000	40.0000	10.0000	0.872386300
180.0000	40.0000	10.0000	1.376021500
190.0000	40.0000	10.0000	0.619239870
200.0000	40.0000	10.0000	0.096004660
210.0000	40.0000	10.0000	0.549107550
220.0000	40.0000	10.0000	1.546983100
230.0000	40.0000	10.0000	1.634527100
240.0000	40.0000	10.0000	0.695024550
250.0000	40.0000	10.0000	0.359081450
260.0000	40.0000	10.0000	0.343459340
270.0000	40.0000	10.0000	0.318331030
280.0000	40.0000	10.0000	0.382937340
290.0000	40.0000	10.0000	0.961770600
300.0000	40.0000	10.0000	1.166891700
310.0000	40.0000	10.0000	0.828084400
320.0000	40.0000	10.0000	0.444689720
330.0000	40.0000	10.0000	0.729896840
340.0000	40.0000	10.0000	1.987399900
350.0000	40.0000	10.0000	1.050927600
360.0000	40.0000	10.0000	1.000000000
0.0000	50.0000	10.0000	1.376143900
10.0000	50.0000	10.0000	0.571976700
20.0000	50.0000	10.0000	0.131283130
30.0000	50.0000	10.0000	0.425981900
40.0000	50.0000	10.0000	0.711041330
50.0000	50.0000	10.0000	0.477305700
60.0000	50.0000	10.0000	0.177008730
70.0000	50.0000	10.0000	0.202464550
80.0000	50.0000	10.0000	0.674869840
90.0000	50.0000	10.0000	1.089727800
100.0000	50.0000	10.0000	0.582538660
110.0000	50.0000	10.0000	0.578282950
120.0000	50.0000	10.0000	0.531126740
130.0000	50.0000	10.0000	0.538307250
140.0000	50.0000	10.0000	0.743917940
150.0000	50.0000	10.0000	0.481989770
160.0000	50.0000	10.0000	0.356492580
170.0000	50.0000	10.0000	0.522537500
180.0000	50.0000	10.0000	1.049768900
190.0000	50.0000	10.0000	0.407990660
200.0000	50.0000	10.0000	0.151156780
210.0000	50.0000	10.0000	0.603972430
220.0000	50.0000	10.0000	1.145772800
230.0000	50.0000	10.0000	1.134063700
240.0000	50.0000	10.0000	0.952162740
250.0000	50.0000	10.0000	1.165801400
260.0000	50.0000	10.0000	0.538783100
270.0000	50.0000	10.0000	0.415882140
280.0000	50.0000	10.0000	0.595286400
290.0000	50.0000	10.0000	0.633818100
300.0000	50.0000	10.0000	0.584540960
310.0000	50.0000	10.0000	0.552814300
320.0000	50.0000	10.0000	0.376538870
330.0000	50.0000	10.0000	0.582145300
340.0000	50.0000	10.0000	0.959455600
350.0000	50.0000	10.0000	0.630861460
360.0000	50.0000	10.0000	1.000000000
0.0000	60.0000	10.0000	0.599552150
10.0000	60.0000	10.0000	0.376654100
20.0000	60.0000	10.0000	0.424801560
30.0000	60.0000	10.0000	0.595156300
40.0000	60.0000	10.0000	0.437424720
50.0000	60.0000	10.0000	0.519339260
60.0000	60.0000	10.0000	0.322389780
70.0000	60.0000	10.0000	0.410999270
80.0000	60.0000	10.0000	0.825008200
90.0000	60.0000	10.0000	0.380900060
100.0000	60.0000	10.0000	0.250338580
110.0000	60.0000	10.0000	0.592099130
120.0000	60.0000	10.0000	0.529468540
130.0000	60.0000	10.0000	0.283823940
140.0000	60.0000	10.0000	0.275464300
150.0000	60.0000	10.0000	0.316549400
160.0000	60.0000	10.0000	0.393743700
170.0000	60.0000	10.0000	1.073821200
180.0000	60.0000	10.0000	1.207103100
190.0000	60.0000	10.0000	0.500844200
200.0000	60.0000	10.0000	0.283386350
210.0000	60.0000	10.0000	0.593320600
220.0000	60.0000	10.0000	0.922367800
230.0000	60.0000	10.0000	1.172793300
240.0000	60.0000	10.0000	0.892336960
250.0000	60.0000	10.0000	1.547564400
260.0000	60.0000	10.0000	1.259129200
270.0000	60.0000	10.0000	0.677028300
280.0000	60.0000	10.0000	0.548585650
290.0000	60.0000	10.0000	0.316517700
300.0000	60.0000	10.0000	0.233700070
310.0000	60.0000	10.0000	0.235494720
320.0000	60.0000	10.0000	0.309648480
330.0000	60.0000	10.0000	0.394278850
340.0000	60.0000	10.0000	0.692910250
350.0000	60.0000	10.0000	1.654342900
360.0000	60.0000	10.0000	1.000000000
0.0000	70.0000	10.0000	1.234777300
10.0000	70.0000	10.0000	0.724598500
20.0000	70.0000	10.0000	0.401036680
30.0000	70.0000	10.0000	0.420853050
40.0000	70.0000	10.0000	0.446088100
50.0000	70.0000	10.0000	0.573043170
60.0000	70.0000	10.0000	0.619154330
70.0000	70.0000	10.0000	0.594911800
80.0000	70.0000	10.0000	0.196462570
90.0000	70.0000	10.0000	0.111903705
100.0000	70.0000	10.0000	0.217029210
110.0000	70.0000	10.0000	0.438166900
120.0000	70.0000	10.0000	0.366890280
130.0000	70.0000	10.0000	0.249788210
140.0000	70.0000	10.0000	0.208603370
150.0000	70.0000	10.0000	0.342025250
160.0000	70.0000	10.0000	0.898012900
170.0000	70.0000	10.0000	1.082987800
180.0000	70.0000	10.0000	0.793162700
190.0000	70.0000	10.0000	1.048713200
200.0000	70.0000	10.0000	0.824760500
210.0000	70.0000	10.0000	0.679781440
220.0000	70.0000	10.0000	0.660675050
230.0000	70.0000	10.0000	0.526751100
240.0000	70.0000	10.0000	0.335164400
250.0000	70.0000	10.0000	0.545250060
260.0000	70.0000	10.0000	0.472025750
270.0000	70.0000	10.0000	0.369444730
280.0000	70.0000	10.0000	0.344343070
290.0000	70.0000	10.0000	0.256789030
300.0000	70.0000	10.0000	0.282191600
310.0000	70.0000	10.0000	0.245410530
320.0000	70.0000	10.0000	0.322919500
330.0000	70.0000	10.0000	0.472787230
340.0000	70.0000	10.0000	0.720363800
350.0000	70.0000	10.0000	1.654705800
360.0000	70.0000	10.0000	1.000000000
0.0000	80.0000	10.0000	0.188754320
10.0000	80.0000	10.0000	0.356256750
20.0000	80.0000	10.0000	0.820086360
30.0000	80.0000	10.0000	0.491019600
40.0000	80.0000	10.0000	0.535966500
50.0000	80.0000	10.0000	0.375021250
60.0000	80.0000	10.0000	0.378585070
70.0000	80.0000	10.0000	0.477178900
80.0000	80.0000	10.0000	0.360461620
90.0000	80.0000	10.0000	0.323489400
100.0000	80.0000	10.0000	0.389722680
110.0000	80.0000	10.0000	0.424410340
120.0000	80.0000	10.0000	0.348574160
130.0000	80.0000	10.0000	0.316114070
140.0000	80.0000	10.0000	0.440615480
150.0000	80.0000	10.0000	0.798543200
160.0000	80.0000	10.0000	2.175692800
170.0000	80.0000	10.0000	2.935553300
180.0000	80.0000	10.0000	2.789175700
190.0000	80.0000	10.0000	3.307844400
200.0000	80.0000	10.0000	1.869352700
210.0000	80.0000	10.0000	1.291930600
220.0000	80.0000	10.0000	0.568838660
230.0000	80.0000	10.0000	0.228267920
240.0000	80.0000	10.0000	0.293262150
250.0000	80.0000	10.0000	0.418430450
260.0000	80.0000	10.0000	0.314579200
270.0000	80.0000	10.0000	0.423535350
280.0000	80.0000	10.0000	0.568792400
290.0000	80.0000	10.0000	0.567246000
300.0000	80.0000	10.0000	0.294100400
310.0000	80.0000	10.0000	0.367100830
320.0000	80.0000	10.0000	0.580103100
330.0000	80.0000	10.0000	0.687541100
340.0000	80.0000	10.0000	0.846117900
350.0000	80.0000	10.0000	1.521234200
360.0000	80.0000	10.0000	1.000000000
0.0000	90.0000	10.0000	4.523694500
10.0000	90.0000	10.0000	1.777144000
20.0000	90.0000	10.0000	2.175341400
30.0000	90.0000	10.0000	0.658702800
40.0000	90.0000	10.0000	0.616466940
50.0000	90.0000	10.0000	0.241676380
60.0000	90.0000	10.0000	0.147027550
70.0000	90.0000	10.0000	0.335070550
80.0000	90.0000	10.0000	0.482575200
90.0000	90.0000	10.0000	0.740256670
100.0000	90.0000	10.0000	0.497389380
110.0000	90.0000	10.0000	0.878360030
120.0000	90.0000	10.0000	0.524920700
130.0000	90.0000	10.0000	0.385002400
140.0000	90.0000	10.0000	0.777395000
150.0000	90.0000	10.0000	1.742770000
160.0000	90.0000	10.0000	4.624620400
170.0000	90.0000	10.0000	4.844715600
180.0000	90.0000	10.0000	4.821540000
190.0000	90.0000	10.0000	4.969806000
200.0000	90.0000	10.0000	1.960487000
210.0000	90.0000	10.0000	1.941193700
220.0000	90.0000	10.0000	0.596814930
230.0000	90.0000	10.0000	0.199001920
240.0000	90.0000	10.0000	0.407825900
250.0000	90.0000	10.0000	0.446681200
260.0000	90.0000	10.0000	0.461009230
270.0000	90.0000	10.0000	0.562302200
280.0000	90.0000	10.0000	0.703875960
290.0000	90.0000	10.0000	1.494997500
300.0000	90.0000	10.0000	0.322917500
310.0000	90.0000	10.0000	0.451312480
320.0000	90.0000	10.0000	0.960320900
330.0000	90.0000	10.0000	0.952235640
340.0000	90.0000	10.0000	1.474284900
350.0000	90.0000	10.0000	2.713766000
360.0000	90.0000	10.0000	1.000000000
0.0000	0.0000	20.0000	1.000000000
10.0000	0.0000	20.0000	1.000000000
20.0000	0.0000	20.0000	1.000000000
30.0000	0.0000	20.0000	1.000000000
40.0000	0.0000	20.0000	1.000000000
50.0000	0.0000	20.0000	1.000000000
60.0000	0.0000	20.0000	1.000000000
70.0000	0.0000	20.0000	1.000000000
80.0000	0.0000	20.0000	1.000000000
90.0000	0.0000	20.0000	1.000000000
100.0000	0.0000	20.0000	1.000000000
110.0000	0.0000	20.0000	1.000000000
120.0000	0.0000	20.0000	1.000000000
130.0000	0.0000	20.0000	1.000000000
140.0000	0.0000	20.0000	1.000000000
150.0000	0.0000	20.0000	1.000000000
160.0000	0.0000	20.0000	1.000000000
170.0000	0.0000	20.0000	1.000000000
180.0000	0.0000	20.0000	1.000000000
190.0000	0.0000	20.0000	1.000000000
200.0000	0.0000	20.0000	1.000000000
210.0000	0.0000	20.0000	1.000000000
220.0000	0.0000	20.0000	1.000000000
230.0000	0.0000	20.0000	1.000000000
240.0000	0.0000	20.0000	1.000000000
250.0000	0.0000	20.0000	1.000000000
260.0000	0.0000	20.0000	1.000000000
270.0000	0.0000	20.0000	1.000000000
280.0000	0.0000	20.0000	1.000000000
290.0000	0.0000	20.0000	1.000000000
300.0000	0.0000	20.0000	1.000000000
310.0000	0.0000	20.0000	1.000000000
320.0000	0.0000	20.0000	1.000000000
330.0000	0.0000	20.0000	1.000000000
340.0000	0.0000	20.0000	1.000000000
350.0000	0.0000	20.0000	1.000000000
360.0000	0.0000	20.0000	1.000000000
0.0000	10.0000	20.0000	0.670782500
10.0000	10.0000	20.0000	0.539391040
20.0000	10.0000	20.0000	3.155578400
30.0000	10.0000	20.0000	0.238447140
40.0000	10.0000	20.0000	0.392087850
50.0000	10.0000	20.0000	1.470187100
60.0000	10.0000	20.0000	0.845732800
70.0000	10.0000	20.0000	0.207977970
80.0000	10.0000	20.0000	0.710216700
90.0000	10.0000	20.0000	1.397725200
100.0000	10.0000	20.0000	0.872096600
110.0000	10.0000	20.0000	0.595086400
120.0000	10.0000	20.0000	0.162799540
130.0000	10.0000	20.0000	0.069316216
140.0000	10.0000	20.0000	0.239457300
150.0000	10.0000	20.0000	0.184693260
160.0000	10.0000	20.0000	1.626469700
170.0000	10.0000	20.0000	4.178175400
180.0000	10.0000	20.0000	1.176550600
190.0000	10.0000	20.0000	1.187261500
200.0000	10.0000	20.0000	3.317429000
210.0000	10.0000	20.0000	0.490036250
220.0000	10.0000	20.0000	0.407416400
230.0000	10.0000	20.0000	0.635125160
240.0000	10.0000	20.0000	0.720455350
250.0000	10.0000	20.0000	0.426688730
260.0000	10.0000	20.0000	0.186891180
270.0000	10.0000	20.0000	0.463403600
280.0000	10.0000	20.0000	1.153522400
290.0000	10.0000	20.0000	1.393033900
300.0000	10.0000	20.0000	0.283843730
310.0000	10.0000	20.0000	0.100129290
320.0000	10.0000	20.0000	0.284746680
330.0000	10.0000	20.0000	0.362695340
340.0000	10.0000	20.0000	2.933205600
350.0000	10.0000	20.0000	6.637871700
360.0000	10.0000	20.0000	1.000000000
0.0000	20.0000	20.0000	1.945146800
10.0000	20.0000	20.0000	1.389376900
20.0000	20.0000	20.0000	0.652088940
30.0000	20.0000	20.0000	0.392409120
40.0000	20.0000	20.0000	0.675520100
50.0000	20.0000	20.0000	1.376728900
60.0000	20.0000	20.0000	0.630596800
70.0000	20.0000	20.0000	0.262902680
80.0000	20.0000	20.0000	0.397140350
90.0000	20.0000	20.0000	1.218093400
100.0000	20.0000	20.0000	2.459009400
110.0000	20.0000	20.0000	1.690464100
120.0000	20.0000	20.0000	0.374481800
130.0000	20.0000	20.0000	0.101147994
140.0000	20.0000	20.0000	0.154759230
150.0000	20.0000	20.0000	0.332455960
160.0000	20.0000	20.0000	0.770667730
170.0000	20.0000	20.0000	1.408065800
180.0000	20.0000	20.0000	0.552982800
190.0000	20.0000	20.0000	1.001227300
200.0000	20.0000	20.0000	0.955335700
210.0000	20.0000	20.0000	0.384740050
220.0000	20.0000	20.0000	0.662061630
230.0000	20.0000	20.0000	1.785420200
240.0000	20.0000	20.0000	1.012930500
250.0000	20.0000	20.0000	0.691063460
260.0000	20.0000	20.0000	0.392112400
270.0000	20.0000	20.0000	0.582859640
280.0000	20.0000	20.0000	1.480223500
290.0000	20.0000	20.0000	0.954987940
300.0000	20.0000	20.0000	0.368801950
310.0000	20.0000	20.0000	0.183930110
320.0000	20.0000	20.0000	0.147174580
330.0000	20.0000	20.0000	0.165496870
340.0000	20.0000	20.0000	0.829327000
350.0000	20.0000	20.0000	0.976761100
360.0000	20.0000	20.0000	1.000000000
0.0000	30.0000	20.0000	0.851597200
10.0000	30.0000	20.0000	0.647535800
20.0000	30.0000	20.0000	0.330245020
30.0000	30.0000	20.0000	0.584217130
40.0000	30.0000	20.0000	0.867833000
50.0000	30.0000	20.0000	0.533433900
60.0000	30.0000	20.0000	0.302029800
70.0000	30.0000	20.0000	0.406597260
80.0000	30.0000	20.0000	0.549743600
90.0000	30.0000	20.0000	0.653969000
100.0000	30.0000	20.0000	1.144599700
110.0000	30.0000	20.0000	1.118226400
120.0000	30.0000	20.0000	0.825039900
130.0000	30.0000	20.0000	0.493820850
140.0000	30.0000	20.0000	0.497831550
150.0000	30.0000	20.0000	1.767043400
160.0000	30.0000	20.0000	3.035287600
170.0000	30.0000	20.0000	2.720167900
180.0000	30.0000	20.0000	1.116369100
190.0000	30.0000	20.0000	0.444507900
200.0000	30.0000	20.0000	0.363116350
210.0000	30.0000	20.0000	0.582581040
220.0000	30.0000	20.0000	1.593138900
230.0000	30.0000	20.0000	1.423549400
240.0000	30.0000	20.0000	1.021526200
250.0000	30.0000	20.0000	0.771025400
260.0000	30.0000	20.0000	0.677799200
270.0000	30.0000	20.0000	0.580119500
280.0000	30.0000	20.0000	0.764068800
290.0000	30.0000	20.0000	1.143041000
300.0000	30.0000	20.0000	0.670949160
310.0000	30.0000	20.0000	0.413593320
320.0000	30.0000	20.0000	0.288670180
330.0000	30.0000	20.0000	0.231593340
340.0000	30.0000	20.0000	0.275979100
350.0000	30.0000	20.0000	0.824910340
360.0000	30.0000	20.0000	1.000000000
0.0000	40.0000	20.0000	0.172661590
10.0000	40.0000	20.0000	0.171709280
20.0000	40.0000	20.0000	0.218564200
30.0000	40.0000	20.0000	0.615026100
40.0000	40.0000	20.0000	1.155773500
50.0000	40.0000	20.0000	0.511172060
60.0000	40.0000	20.0000	0.226934600
70.0000	40.0000	20.0000	0.322097400
80.0000	40.0000	20.0000	0.355690930
90.0000	40.0000	20.0000	0.473871100
100.0000	40.0000	20.0000	0.772675800
110.0000	40.0000	20.0000	0.668223560
120.0000	40.0000	20.0000	0.739024040
130.0000	40.0000	20.0000	0.839188300
140.0000	40.0000	20.0000	0.587510170
150.0000	40.0000	20.0000	1.226524000
160.0000	40.0000	20.0000	1.548837800
170.0000	40.0000	20.0000	0.785776300
180.0000	40.0000	20.0000	0.891872050
190.0000	40.0000	20.0000	0.537667600
200.0000	40.0000	20.0000	0.414017700
210.0000	40.0000	20.0000	1.368681200
220.0000	40.0000	20.0000	2.498983400
230.0000	40.0000	20.0000	1.179335400
240.0000	40.0000	20.0000	0.687679300
250.0000	40.0000	20.0000	0.659558200
260.0000	40.0000	20.0000	0.555770100
270.0000	40.0000	20.0000	0.524936100
280.0000	40.0000	20.0000	0.579247700
290.0000	40.0000	20.0000	1.138521400
300.0000	40.0000	20.0000	0.795623700
310.0000	40.0000	20.0000	0.847158600
320.0000	40.0000	20.0000	0.578634260
330.0000	40.0000	20.0000	0.627533900
340.0000	40.0000	20.0000	0.981445400
350.0000	40.0000	20.0000	1.160422700
360.0000	40.0000	20.0000	1.000000000
0.0000	50.0000	20.0000	1.053042000
10.0000	50.0000	20.0000	0.634991500
20.0000	50.0000	20.0000	0.510689500
30.0000	50.0000	20.0000	0.906746750
40.0000	50.0000	20.0000	1.726789400
50.0000	50.0000	20.0000	1.409152000
60.0000	50.0000	20.0000	0.857388300
70.0000	50.0000	20.0000	0.544252500
80.0000	50.0000	20.0000	0.634021100
90.0000	50.0000	20.0000	0.757704440
100.0000	50.0000	20.0000	0.738208200
110.0000	50.0000	20.0000	0.648836730
120.0000	50.0000	20.0000	0.434413160
130.0000	50.0000	20.0000	0.575687300
140.0000	50.0000	20.0000	0.560510200
150.0000	50.0000	20.0000	0.612912900
160.0000	50.0000	20.0000	0.427384170
170.0000	50.0000	20.0000	0.804829660
180.0000	50.0000	20.0000	0.883565200
190.0000	50.0000	20.0000	0.517444900
200.0000	50.0000	20.0000	0.694661400
210.0000	50.0000	20.0000	1.640041600
220.0000	50.0000	20.0000	1.747785800
230.0000	50.0000	20.0000	0.937602200
240.0000	50.0000	20.0000	0.810151600
250.0000	50.0000	20.0000	0.733573700
260.0000	50.0000	20.0000	0.547144830
270.0000	50.0000	20.0000	0.530383050
280.0000	50.0000	20.0000	0.764023360
290.0000	50.0000	20.0000	0.704908400
300.0000	50.0000	20.0000	0.842980500
310.0000	50.0000	20.0000	0.485159640
320.0000	50.0000	20.0000	0.412428200
330.0000	50.0000	20.0000	0.701769100
340.0000	50.0000	20.0000	0.720490930
350.0000	50.0000	20.0000	1.043583200
360.0000	50.0000	20.0000	1.000000000
0.0000	60.0000	20.0000	0.439614600
10.0000	60.0000	20.0000	0.352519120
20.0000	60.0000	20.0000	0.602041540
30.0000	60.0000	20.0000	0.605186800
40.0000	60.0000	20.0000	0.812370540
50.0000	60.0000	20.0000	1.286658500
60.0000	60.0000	20.0000	0.963563300
70.0000	60.0000	20.0000	1.906567000
80.0000	60.0000	20.0000	1.352916200
90.0000	60.0000	20.0000	0.246308910
100.0000	60.0000	20.0000	0.203997610
110.0000	60.0000	20.0000	0.308578040
120.0000	60.0000	20.0000	0.272443950
130.0000	60.0000	20.0000	0.418277740
140.0000	60.0000	20.0000	0.766431500
150.0000	60.0000	20.0000	1.012325200
160.0000	60.0000	20.0000	0.972685400
170.0000	60.0000	20.0000	2.339522600
180.0000	60.0000	20.0000	1.090074300
190.0000	60.0000	20.0000	0.575027170
200.0000	60.0000	20.0000	0.883943900
210.0000	60.0000	20.0000	1.067690800
220.0000	60.0000	20.0000	1.605959700
230.0000	60.0000	20.0000	1.653188000
240.0000	60.0000	20.0000	0.964849800
250.0000	60.0000	20.0000	1.184893500
260.0000	60.0000	20.0000	1.043369500
270.0000	60.0000	20.0000	0.524708100
280.0000	60.0000	20.0000	0.303906230
290.0000	60.0000	20.0000	0.297934260
300.0000	60.0000	20.0000	0.442895080
310.0000	60.0000	20.0000	0.325575830
320.0000	60.0000	20.0000	0.540092300
330.0000	60.0000	20.0000	0.874254000
340.0000	60.0000	20.0000	0.728734140
350.0000	60.0000	20.0000	1.336897100
360.0000	60.0000	20.0000	1.000000000
0.0000	70.0000	20.0000	0.781374630
10.0000	70.0000	20.0000	0.476702900
20.0000	70.0000	20.0000	0.515156400
30.0000	70.0000	20.0000	0.612430160
40.0000	70.0000	20.0000	0.722056800
50.0000	70.0000	20.0000	0.869761000
60.0000	70.0000	20.0000	0.661268100
70.0000	70.0000	20.0000	1.674359800
80.0000	70.0000	20.0000	0.580915030
90.0000	70.0000	20.0000	0.081382110
100.0000	70.0000	20.0000	0.082109490
110.0000	70.0000	20.0000	0.152877120
120.0000	70.0000	20.0000	0.214470370
130.0000	70.0000	20.0000	0.311463830
140.0000	70.0000	20.0000	0.650372200
150.0000	70.0000	20.0000	1.214222600
160.0000	70.0000	20.0000	2.685518700
170.0000	70.0000	20.0000	3.634657000
180.0000	70.0000	20.0000	0.984883100
190.0000	70.0000	20.0000	0.972899300
200.0000	70.0000	20.0000	1.226319400
210.0000	70.0000	20.0000	0.839823800
220.0000	70.0000	20.0000	1.173440000
230.0000	70.0000	20.0000	1.012684600
240.0000	70.0000	20.0000	0.357416240
250.0000	70.0000	20.0000	0.608914400
260.0000	70.0000	20.0000	0.474920630
270.0000	70.0000	20.0000	0.249285900
280.0000	70.0000	20.0000	0.156620550
290.0000	70.0000	20.0000	0.165210190
300.0000	70.0000	20.0000	0.509527200
310.0000	70.0000	20.0000	0.958898600
320.0000	70.0000	20.0000	1.172506100
330.0000	70.0000	20.0000	1.146438100
340.0000	70.0000	20.0000	1.296450600
350.0000	70.0000	20.0000	2.749477400
360.0000	70.0000	20.0000	1.000000000
0.0000	80.0000	20.0000	0.273159700
10.0000	80.0000	20.0000	0.400432020
20.0000	80.0000	20.0000	1.150375800
30.0000	80.0000	20.0000	0.800229850
40.0000	80.0000	20.0000	0.725830550
50.0000	80.0000	20.0000	0.384642570
60.0000	80.0000	20.0000	0.238980440
70.0000	80.0000	20.0000	0.398979100
80.0000	80.0000	20.0000	0.602114300
90.0000	80.0000	20.0000	0.309183780
100.0000	80.0000	20.0000	0.249051420
110.0000	80.0000	20.0000	0.470559030
120.0000	80.0000	20.0000	0.577182300
130.0000	80.0000	20.0000	0.486082880
140.0000	80.0000	20.0000	0.553138700
150.0000	80.0000	20.0000	0.784822460
160.0000	80.0000	20.0000	3.266266600
170.0000	80.0000	20.0000	9.010101000
180.0000	80.0000	20.0000	5.828297600
190.0000	80.0000	20.0000	5.750645600
200.0000	80.0000	20.0000	2.679843400
210.0000	80.0000	20.0000	1.001103600
220.0000	80.0000	20.0000	0.626294300
230.0000	80.0000	20.0000	0.392049900
240.0000	80.0000	20.0000	0.231890010
250.0000	80.0000	20.0000	0.467013300
260.0000	80.0000	20.0000	0.302476850
270.0000	80.0000	20.0000	0.321773000
280.0000	80.0000	20.0000	0.426501450
290.0000	80.0000	20.0000	0.634083900
300.0000	80.0000	20.0000	0.533566300
310.0000	80.0000	20.0000	0.631197100
320.0000	80.0000	20.0000	0.649226200
330.0000	80.0000	20.0000	0.840785740
340.0000	80.0000	20.0000	1.636498900
350.0000	80.0000	20.0000	4.482822000
360.0000	80.0000	20.0000	1.000000000
0.0000	90.0000	20.0000	4.617929500
10.0000	90.0000	20.0000	2.227200300
20.0000	90.0000	20.0000	3.350419000
30.0000	90.0000	20.0000	0.617116500
40.0000	90.0000	20.0000	0.551743900
50.0000	90.0000	20.0000	0.152389930
60.0000	90.0000	20.0000	0.107349090
70.0000	90.0000	20.0000	0.312523040
80.0000	90.0000	20.0000	0.831206860
90.0000	90.0000	20.0000	0.554290700
100.0000	90.0000	20.0000	0.480109200
110.0000	90.0000	20.0000	1.147616400
120.0000	90.0000	20.0000	1.071110400
130.0000	90.0000	20.0000	0.678606450
140.0000	90.0000	20.0000	0.686385900
150.0000	90.0000	20.0000	0.995903100
160.0000	90.0000	20.0000	5.224255600
170.0000	90.0000	20.0000	13.081509000
180.0000	90.0000	20.0000	12.733297000
190.0000	90.0000	20.0000	15.012054000
200.0000	90.0000	20.0000	3.207427500
210.0000	90.0000	20.0000	0.838351130
220.0000	90.0000	20.0000	0.541081800
230.0000	90.0000	20.0000	0.377746220
240.0000	90.0000	20.0000	0.425091150
250.0000	90.0000	20.0000	0.781725940
260.0000	90.0000	20.0000	0.426481200
270.0000	90.0000	20.0000	0.455045520
280.0000	90.0000	20.0000	0.851312300
290.0000	90.0000	20.0000	1.850296600
300.0000	90.0000	20.0000	0.467543180
310.0000	90.0000	20.0000	0.350591700
320.0000	90.0000	20.0000	0.424963030
330.0000	90.0000	20.0000	0.738855100
340.0000	90.0000	20.0000	1.903100700
350.0000	90.0000	20.0000	5.213465000
360.0000	90.0000	20.0000	1.000000000
0.0000	0.0000	30.0000	1.000000000
10.0000	0.0000	30.0000	1.000000000
20.0000	0.0000	30.0000	1.000000000
30.0000	0.0000	30.0000	1.000000000
40.0000	0.0000	30.0000	1.000000000
50.0000	0.0000	30.0000	1.000000000
60.0000	0.0000	30.0000	1.000000000
70.0000	0.0000	30.0000	1.000000000
80.0000	0.0000	30.0000	1.000000000
90.0000	0.0000	30.0000	1.000000000
100.0000	0.0000	30.0000	1.000000000
110.0000	0.0000	30.0000	1.000000000
120.0000	0.0000	30.0000	1.000000000
130.0000	0.0000	30.0000	1.000000000
140.0000	0.0000	30.0000	1.000000000
150.0000	0.0000	30.0000	1.000000000
160.0000	0.0000	30.0000	1.000000000
170.0000	0.0000	30.0000	1.000000000
180.0000	0.0000	30.0000	1.000000000
190.0000	0.0000	30.0000	1.000000000
200.0000	0.0000	30.0000	1.000000000
210.0000	0.0000	30.0000	1.000000000
220.0000	0.0000	30.0000	1.000000000
230.0000	0.0000	30.0000	1.000000000
240.0000	0.0000	30.0000	1.000000000
250.0000	0.0000	30.0000	1.000000000
260.0000	0.0000	30.0000	1.000000000
270.0000	0.0000	30.0000	1.000000000
280.0000	0.0000	30.0000	1.000000000
290.0000	0.0000	30.0000	1.000000000
300.0000	0.0000	30.0000	1.000000000
310.0000	0.0000	30.0000	1.000000000
320.0000	0.0000	30.0000	1.000000000
330.0000	0.0000	30.0000	1.000000000
340.0000	0.0000	30.0000	1.000000000
350.0000	0.0000	30.0000	1.000000000
360.0000	0.0000	30.0000	1.000000000
0.0000	10.0000	30.0000	0.546557840
10.0000	10.0000	30.0000	0.645244540
20.0000	10.0000	30.0000	4.787238000
30.0000	10.0000	30.0000	0.308309820
40.0000	10.0000	30.0000	0.622398100
50.0000	10.0000	30.0000	0.220420940
60.0000	10.0000	30.0000	0.120271500
70.0000	10.0000	30.0000	0.378956200
80.0000	10.0000	30.0000	0.843416000
90.0000	10.0000	30.0000	0.477600750
100.0000	10.0000	30.0000	0.780349400
110.0000	10.0000	30.0000	0.598331300
120.0000	10.0000	30.0000	0.098065610
130.0000	10.0000	30.0000	0.149063070
140.0000	10.0000	30.0000	0.418316100
150.0000	10.0000	30.0000	0.169980500
160.0000	10.0000	30.0000	1.748814000
170.0000	10.0000	30.0000	1.983453900
180.0000	10.0000	30.0000	0.766814100
190.0000	10.0000	30.0000	2.820356100
200.0000	10.0000	30.0000	5.677269000
210.0000	10.0000	30.0000	0.170228080
220.0000	10.0000	30.0000	0.579641700
230.0000	10.0000	30.0000	0.154461320
240.0000	10.0000	30.0000	0.151683100
250.0000	10.0000	30.0000	0.856376470
260.0000	10.0000	30.0000	0.497862600
270.0000	10.0000	30.0000	0.304625800
280.0000	10.0000	30.0000	0.594224150
290.0000	10.0000	30.0000	0.714226800
300.0000	10.0000	30.0000	0.098437850
310.0000	10.0000	30.0000	0.127043770
320.0000	10.0000	30.0000	0.676633950
330.0000	10.0000	30.0000	0.324796560
340.0000	10.0000	30.0000	3.314504000
350.0000	10.0000	30.0000	5.217344800
360.0000	10.0000	30.0000	1.000000000
0.0000	20.0000	30.0000	1.407866100
10.0000	20.0000	30.0000	1.840607400
20.0000	20.0000	30.0000	1.309757400
30.0000	20.0000	30.0000	0.921756600
40.0000	20.0000	30.0000	1.098680400
50.0000	20.0000	30.0000	0.580516640
60.0000	20.0000	30.0000	0.756741300
70.0000	20.0000	30.0000	1.238318100
80.0000	20.0000	30.0000	2.933276400
90.0000	20.0000	30.0000	3.566049300
100.0000	20.0000	30.0000	3.310230700
110.0000	20.0000	30.0000	1.724940500
120.0000	20.0000	30.0000	0.635145100
130.0000	20.0000	30.0000	0.518876100
140.0000	20.0000	30.0000	0.849837660
150.0000	20.0000	30.0000	0.523328240
160.0000	20.0000	30.0000	0.739984600
170.0000	20.0000	30.0000	1.101743100
180.0000	20.0000	30.0000	0.644059600
190.0000	20.0000	30.0000	2.388980200
200.0000	20.0000	30.0000	1.673872500
210.0000	20.0000	30.0000	0.558401350
220.0000	20.0000	30.0000	0.785348100
230.0000	20.0000	30.0000	0.413643400
240.0000	20.0000	30.0000	0.510015700
250.0000	20.0000	30.0000	1.187895200
260.0000	20.0000	30.0000	1.469702400
270.0000	20.0000	30.0000	1.215856200
280.0000	20.0000	30.0000	1.278213700
290.0000	20.0000	30.0000	1.406346800
300.0000	20.0000	30.0000	0.502502440
310.0000	20.0000	30.0000	0.305753800
320.0000	20.0000	30.0000	0.543346100
330.0000	20.0000	30.0000	0.445217600
340.0000	20.0000	30.0000	1.481702200
350.0000	20.0000	30.0000	1.028376900
360.0000	20.0000	30.0000	1.000000000
0.0000	30.0000	30.0000	1.085528900
10.0000	30.0000	30.0000	1.667753700
20.0000	30.0000	30.0000	1.251429000
30.0000	30.0000	30.0000	0.801672200
40.0000	30.0000	30.0000	0.588322640
50.0000	30.0000	30.0000	0.375677080
60.0000	30.0000	30.0000	0.579289140
70.0000	30.0000	30.0000	0.677288500
80.0000	30.0000	30.0000	1.602562700
90.0000	30.0000	30.0000	2.670148800
100.0000	30.0000	30.0000	2.105250100
110.0000	30.0000	30.0000	1.115618700
120.0000	30.0000	30.0000	0.618404200
130.0000	30.0000	30.0000	0.423591000
140.0000	30.0000	30.0000	1.494606400
150.0000	30.0000	30.0000	2.169526600
160.0000	30.0000	30.0000	1.662327000
170.0000	30.0000	30.0000	1.584355200
180.0000	30.0000	30.0000	0.863461430
190.0000	30.0000	30.0000	0.895108500
200.0000	30.0000	30.0000	0.988775400
210.0000	30.0000	30.0000	2.027479400
220.0000	30.0000	30.0000	1.898064600
230.0000	30.0000	30.0000	0.513892000
240.0000	30.0000	30.0000	0.728926800
250.0000	30.0000	30.0000	1.069083100
260.0000	30.0000	30.0000	1.541301000
270.0000	30.0000	30.0000	1.715573900
280.0000	30.0000	30.0000	1.955608600
290.0000	30.0000	30.0000	2.364826700
300.0000	30.0000	30.0000	0.568644500
310.0000	30.0000	30.0000	0.171549590
320.0000	30.0000	30.0000	0.396525080
330.0000	30.0000	30.0000	0.600288400
340.0000	30.0000	30.0000	1.058495000
350.0000	30.0000	30.0000	1.271283600
360.0000	30.0000	30.0000	1.000000000
0.0000	40.0000	30.0000	0.253278800
10.0000	40.0000	30.0000	0.473391650
20.0000	40.0000	30.0000	1.273453800
30.0000	40.0000	30.0000	0.869354800
40.0000	40.0000	30.0000	0.572910800
50.0000	40.0000	30.0000	0.555411900
60.0000	40.0000	30.0000	0.558157740
70.0000	40.0000	30.0000	0.349140080
80.0000	40.0000	30.0000	0.203848060
90.0000	40.0000	30.0000	0.182106470
100.0000	40.0000	30.0000	0.347354800
110.0000	40.0000	30.0000	0.520034500
120.0000	40.0000	30.0000	0.532182930
130.0000	40.0000	30.0000	0.438602100
140.0000	40.0000	30.0000	0.797870340
150.0000	40.0000	30.0000	1.344497200
160.0000	40.0000	30.0000	2.448569800
170.0000	40.0000	30.0000	0.761396300
180.0000	40.0000	30.0000	0.700761600
190.0000	40.0000	30.0000	1.624362700
200.0000	40.0000	30.0000	2.035097400
210.0000	40.0000	30.0000	2.070486500
220.0000	40.0000	30.0000	1.171635600
230.0000	40.0000	30.0000	0.559865900
240.0000	40.0000	30.0000	0.661629600
250.0000	40.0000	30.0000	1.074288600
260.0000	40.0000	30.0000	0.644465500
270.0000	40.0000	30.0000	0.539645550
280.0000	40.0000	30.0000	1.363880900
290.0000	40.0000	30.0000	1.403512700
300.0000	40.0000	30.0000	0.466116300
310.0000	40.0000	30.0000	0.336123470
320.0000	40.0000	30.0000	0.720081900
330.0000	40.0000	30.0000	0.844938040
340.0000	40.0000	30.0000	1.206409600
350.0000	40.0000	30.0000	1.048039800
360.0000	40.0000	30.0000	1.000000000
0.0000	50.0000	30.0000	1.130802000
10.0000	50.0000	30.0000	1.367695900
20.0000	50.0000	30.0000	1.699194400
30.0000	50.0000	30.0000	1.352840500
40.0000	50.0000	30.0000	1.214997500
50.0000	50.0000	30.0000	1.580649000
60.0000	50.0000	30.0000	1.715083400
70.0000	50.0000	30.0000	1.063771500
80.0000	50.0000	30.0000	0.404387100
90.0000	50.0000	30.0000	0.228895160
100.0000	50.0000	30.0000	0.632931650
110.0000	50.0000	30.0000	1.026313300
120.0000	50.0000	30.0000	1.234872100
130.0000	50.0000	30.0000	0.940947900
140.0000	50.0000	30.0000	1.018242200
150.0000	50.0000	30.0000	1.537027100
160.0000	50.0000	30.0000	2.480944400
170.0000	50.0000	30.0000	1.195238000
180.0000	50.0000	30.0000	0.965579100
190.0000	50.0000	30.0000	2.054418000
200.0000	50.0000	30.0000	2.236758500
210.0000	50.0000	30.0000	1.187610500
220.0000	50.0000	30.0000	0.950705600
230.0000	50.0000	30.0000	0.682516400
240.0000	50.0000	30.0000	0.600824830
250.0000	50.0000	30.0000	0.369067280
260.0000	50.0000	30.0000	0.302122440
270.0000	50.0000	30.0000	0.396618900
280.0000	50.0000	30.0000	0.806733670
290.0000	50.0000	30.0000	0.551772500
300.0000	50.0000	30.0000	0.425022300
310.0000	50.0000	30.0000	0.601331400
320.0000	50.0000	30.0000	1.633074500
330.0000	50.0000	30.0000	1.368988800
340.0000	50.0000	30.0000	1.446378600
350.0000	50.0000	30.0000	1.362266300
360.0000	50.0000	30.0000	1.000000000
0.0000	60.0000	30.0000	0.769395000
10.0000	60.0000	30.0000	1.034978900
20.0000	60.0000	30.0000	2.750082300
30.0000	60.0000	30.0000	1.583222700
40.0000	60.0000	30.0000	1.411151200
50.0000	60.0000	30.0000	1.700278300
60.0000	60.0000	30.0000	0.996341600
70.0000	60.0000	30.0000	0.854634000
80.0000	60.0000	30.0000	0.528739300
90.0000	60.0000	30.0000	0.120363260
100.0000	60.0000	30.0000	0.262020800
110.0000	60.0000	30.0000	0.442152320
120.0000	60.0000	30.0000	0.633964600
130.0000	60.0000	30.0000	1.257812000
140.0000	60.0000	30.0000	2.427884600
150.0000	60.0000	30.0000	2.702592800
160.0000	60.0000	30.0000	3.369427400
170.0000	60.0000	30.0000	2.395858300
180.0000	60.0000	30.0000	1.237203400
190.0000	60.0000	30.0000	1.808450300
200.0000	60.0000	30.0000	1.909897300
210.0000	60.0000	30.0000	1.079630100
220.0000	60.0000	30.0000	1.626114100
230.0000	60.0000	30.0000	1.125150200
240.0000	60.0000	30.0000	0.551795900
250.0000	60.0000	30.0000	0.247676820
260.0000	60.0000	30.0000	0.224197610
270.0000	60.0000	30.0000	0.249702980
280.0000	60.0000	30.0000	0.290064630
290.0000	60.0000	30.0000	0.451507330
300.0000	60.0000	30.0000	0.624593200
310.0000	60.0000	30.0000	0.792013000
320.0000	60.0000	30.0000	1.621003900
330.0000	60.0000	30.0000	1.554944900
340.0000	60.0000	30.0000	1.769882900
350.0000	60.0000	30.0000	2.162518300
360.0000	60.0000	30.0000	1.000000000
0.0000	70.0000	30.0000	1.512739200
10.0000	70.0000	30.0000	1.838939000
20.0000	70.0000	30.0000	3.453519300
30.0000	70.0000	30.0000	1.768800400
40.0000	70.0000	30.0000	1.249687200
50.0000	70.0000	30.0000	1.061456600
60.0000	70.0000	30.0000	0.684747400
70.0000	70.0000	30.0000	0.692358550
80.0000	70.0000	30.0000	0.218901050
90.0000	70.0000	30.0000	0.044648394
100.0000	70.0000	30.0000	0.080665020
110.0000	70.0000	30.0000	0.154835060
120.0000	70.0000	30.0000	0.272749840
130.0000	70.0000	30.0000	0.613955800
140.0000	70.0000	30.0000	1.173153200
150.0000	70.0000	30.0000	1.603576300
160.0000	70.0000	30.0000	4.189750700
170.0000	70.0000	30.0000	3.195239500
180.0000	70.0000	30.0000	1.269726400
190.0000	70.0000	30.0000	2.183719200
200.0000	70.0000	30.0000	2.515401000
210.0000	70.0000	30.0000	1.066369000
220.0000	70.0000	30.0000	1.067473900
230.0000	70.0000	30.0000	0.505800800
240.0000	70.0000	30.0000	0.290123020
250.0000	70.0000	30.0000	0.509470400
260.0000	70.0000	30.0000	0.207700740
270.0000	70.0000	30.0000	0.119032440
280.0000	70.0000	30.0000	0.147266460
290.0000	70.0000	30.0000	0.329341100
300.0000	70.0000	30.0000	0.828539900
310.0000	70.0000	30.0000	2.378985400
320.0000	70.0000	30.0000	2.117044200
330.0000	70.0000	30.0000	1.239606900
340.0000	70.0000	30.0000	2.915108700
350.0000	70.0000	30.0000	4.231836300
360.0000	70.0000	30.0000	1.000000000
0.0000	80.0000	30.0000	0.838420500
10.0000	80.0000	30.0000	1.503290500
20.0000	80.0000	30.0000	4.770909000
30.0000	80.0000	30.0000	1.425639900
40.0000	80.0000	30.0000	0.948915840
50.0000	80.0000	30.0000	0.669861000
60.0000	80.0000	30.0000	0.571109240
70.0000	80.0000	30.0000	0.716177460
80.0000	80.0000	30.0000	0.553865970
90.0000	80.0000	30.0000	0.311836780
100.0000	80.0000	30.0000	0.299345580
110.0000	80.0000	30.0000	0.525026600
120.0000	80.0000	30.0000	0.527897300
130.0000	80.0000	30.0000	0.655716300
140.0000	80.0000	30.0000	0.925870500
150.0000	80.0000	30.0000	1.302320400
160.0000	80.0000	30.0000	4.572049600
170.0000	80.0000	30.0000	8.094721000
180.0000	80.0000	30.0000	6.154321000
190.0000	80.0000	30.0000	7.819261000
200.0000	80.0000	30.0000	4.056779400
210.0000	80.0000	30.0000	1.182518500
220.0000	80.0000	30.0000	0.852059600
230.0000	80.0000	30.0000	0.392477700
240.0000	80.0000	30.0000	0.283174870
250.0000	80.0000	30.0000	0.683919850
260.0000	80.0000	30.0000	0.308941750
270.0000	80.0000	30.0000	0.210987330
280.0000	80.0000	30.0000	0.359150980
290.0000	80.0000	30.0000	0.693493600
300.0000	80.0000	30.0000	0.542846600
310.0000	80.0000	30.0000	1.018525200
320.0000	80.0000	30.0000	0.959367700
330.0000	80.0000	30.0000	0.890333600
340.0000	80.0000	30.0000	2.943852400
350.0000	80.0000	30.0000	8.744406000
360.0000	80.0000	30.0000	1.000000000
0.0000	90.0000	30.0000	9.891662000
10.0000	90.0000	30.0000	5.924509000
20.0000	90.0000	30.0000	8.145874000
30.0000	90.0000	30.0000	1.618595800
40.0000	90.0000	30.0000	1.338024300
50.0000	90.0000	30.0000	0.975183550
60.0000	90.0000	30.0000	0.716961000
70.0000	90.0000	30.0000	0.838601500
80.0000	90.0000	30.0000	0.823867000
90.0000	90.0000	30.0000	0.696848330
100.0000	90.0000	30.0000	1.022263300
110.0000	90.0000	30.0000	1.963559000
120.0000	90.0000	30.0000	1.229136100
130.0000	90.0000	30.0000	1.447093200
140.0000	90.0000	30.0000	1.828044400
150.0000	90.0000	30.0000	1.933613900
160.0000	90.0000	30.0000	5.779680700
170.0000	90.0000	30.0000	11.721719000
180.0000	90.0000	30.0000	11.650763500
190.0000	90.0000	30.0000	16.085226000
200.0000	90.0000	30.0000	5.131017000
210.0000	90.0000	30.0000	1.520339400
220.0000	90.0000	30.0000	1.216409900
230.0000	90.0000	30.0000	0.875620840
240.0000	90.0000	30.0000	0.663409200
250.0000	90.0000	30.0000	0.743951740
260.0000	90.0000	30.0000	0.359772860
270.0000	90.0000	30.0000	0.353346020
280.0000	90.0000	30.0000	1.005563100
290.0000	90.0000	30.0000	1.209563700
300.0000	90.0000	30.0000	0.480755900
310.0000	90.0000	30.0000	0.659824300
320.0000	90.0000	30.0000	0.711432040
330.0000	90.0000	30.0000	0.905489440
340.0000	90.0000	30.0000	2.673340800
350.0000	90.0000	30.0000	10.517850000
360.0000	90.0000	30.0000	1.000000000
0.0000	0.0000	40.0000	1.000000000
10.0000	0.0000	40.0000	1.000000000
20.0000	0.0000	40.0000	1.000000000
30.0000	0.0000	40.0000	1.000000000
40.0000	0.0000	40.0000	1.000000000
50.0000	0.0000	40.0000	1.000000000
60.0000	0.0000	40.0000	1.000000000
70.0000	0.0000	40.0000	1.000000000
80.0000	0.0000	40.0000	1.000000000
90.0000	0.0000	40.0000	1.000000000
100.0000	0.0000	40.0000	1.000000000
110.0000	0.0000	40.0000	1.000000000
120.0000	0.0000	40.0000	1.000000000
130.0000	0.0000	40.0000	1.000000000
140.0000	0.0000	40.0000	1.000000000
150.0000	0.0000	40.0000	1.000000000
160.0000	0.0000	40.0000	1.000000000
170.0000	0.0000	40.0000	1.000000000
180.0000	0.0000	40.0000	1.000000000
190.0000	0.0000	40.0000	1.000000000
200.0000	0.0000	40.0000	1.000000000
210.0000	0.0000	40.0000	1.000000000
220.0000	0.0000	40.0000	1.000000000
230.0000	0.0000	40.0000	1.000000000
240.0000	0.0000	40.0000	1.000000000
250.0000	0.0000	40.0000	1.000000000
260.0000	0.0000	40.0000	1.000000000
270.0000	0.0000	40.0000	1.000000000
280.0000	0.0000	40.0000	1.000000000
290.0000	0.0000	40.0000	1.000000000
300.0000	0.0000	40.0000	1.000000000
310.0000	0.0000	40.0000	1.000000000
320.0000	0.0000	40.0000	1.000000000
330.0000	0.0000	40.0000	1.000000000
340.0000	0.0000	40.0000	1.000000000
350.0000	0.0000	40.0000	1.000000000
360.0000	0.0000	40.0000	1.000000000
0.0000	10.0000	40.0000	0.579547940
10.0000	10.0000	40.0000	0.703313400
20.0000	10.0000	40.0000	4.796349000
30.0000	10.0000	40.0000	0.346978370
40.0000	10.0000	40.0000	0.284446700
50.0000	10.0000	40.0000	0.116560970
60.0000	10.0000	40.0000	0.353351200
70.0000	10.0000	40.0000	1.152268300
80.0000	10.0000	40.0000	0.752146960
90.0000	10.0000	40.0000	0.378467020
100.0000	10.0000	40.0000	0.330421600
110.0000	10.0000	40.0000	0.214118000
120.0000	10.0000	40.0000	0.831582070
130.0000	10.0000	40.0000	0.927827840
140.0000	10.0000	40.0000	0.274895430
150.0000	10.0000	40.0000	0.187949940
160.0000	10.0000	40.0000	1.176260200
170.0000	10.0000	40.0000	1.157590200
180.0000	10.0000	40.0000	1.310521200
190.0000	10.0000	40.0000	4.136978600
200.0000	10.0000	40.0000	3.649005400
210.0000	10.0000	40.0000	0.464717630
220.0000	10.0000	40.0000	0.311501100
230.0000	10.0000	40.0000	0.077619810
240.0000	10.0000	40.0000	0.244649700
250.0000	10.0000	40.0000	0.527756450
260.0000	10.0000	40.0000	0.746577500
270.0000	10.0000	40.0000	0.953033900
280.0000	10.0000	40.0000	0.374283280
290.0000	10.0000	40.0000	0.157256080
300.0000	10.0000	40.0000	0.358959650
310.0000	10.0000	40.0000	0.777474600
320.0000	10.0000	40.0000	1.013577600
330.0000	10.0000	40.0000	0.333127740
340.0000	10.0000	40.0000	2.629113200
350.0000	10.0000	40.0000	2.762132200
360.0000	10.0000	40.0000	1.000000000
0.0000	20.0000	40.0000	1.493022300
10.0000	20.0000	40.0000	2.293807700
20.0000	20.0000	40.0000	1.161916500
30.0000	20.0000	40.0000	0.439225080
40.0000	20.0000	40.0000	0.216659780
50.0000	20.0000	40.0000	0.121179950
60.0000	20.0000	40.0000	0.386455660
70.0000	20.0000	40.0000	1.904385200
80.0000	20.0000	40.0000	1.186794500
90.0000	20.0000	40.0000	0.688063860
100.0000	20.0000	40.0000	0.669851600
110.0000	20.0000	40.0000	0.410921250
120.0000	20.0000	40.0000	0.801607000
130.0000	20.0000	40.0000	1.361459300
140.0000	20.0000	40.0000	0.502021850
150.0000	20.0000	40.0000	0.547861160
160.0000	20.0000	40.0000	0.737305460
170.0000	20.0000	40.0000	0.705523250
180.0000	20.0000	40.0000	0.791192500
190.0000	20.0000	40.0000	2.879425500
200.0000	20.0000	40.0000	1.056063200
210.0000	20.0000	40.0000	0.454934480
220.0000	20.0000	40.0000	0.153618980
230.0000	20.0000	40.0000	0.063869550
240.0000	20.0000	40.0000	0.194989190
250.0000	20.0000	40.0000	0.985603100
260.0000	20.0000	40.0000	1.215143300
270.0000	20.0000	40.0000	0.810675600
280.0000	20.0000	40.0000	0.365437800
290.0000	20.0000	40.0000	0.405012700
300.0000	20.0000	40.0000	0.406788800
310.0000	20.0000	40.0000	1.064950200
320.0000	20.0000	40.0000	0.764369800
330.0000	20.0000	40.0000	0.473691500
340.0000	20.0000	40.0000	0.948605000
350.0000	20.0000	40.0000	0.450474350
360.0000	20.0000	40.0000	1.000000000
0.0000	30.0000	40.0000	1.433266200
10.0000	30.0000	40.0000	1.907444000
20.0000	30.0000	40.0000	0.467036370
30.0000	30.0000	40.0000	0.372705500
40.0000	30.0000	40.0000	0.270678220
50.0000	30.0000	40.0000	0.768466950
60.0000	30.0000	40.0000	0.906668250
70.0000	30.0000	40.0000	0.821966600
80.0000	30.0000	40.0000	0.816088260
90.0000	30.0000	40.0000	0.657577100
100.0000	30.0000	40.0000	0.799225200
110.0000	30.0000	40.0000	0.550706270
120.0000	30.0000	40.0000	0.585451070
130.0000	30.0000	40.0000	0.521335300
140.0000	30.0000	40.0000	0.903071640
150.0000	30.0000	40.0000	0.992148400
160.0000	30.0000	40.0000	0.336999570
170.0000	30.0000	40.0000	0.427363100
180.0000	30.0000	40.0000	0.802802560
190.0000	30.0000	40.0000	0.860921100
200.0000	30.0000	40.0000	0.915130600
210.0000	30.0000	40.0000	0.955168100
220.0000	30.0000	40.0000	0.426207330
230.0000	30.0000	40.0000	0.357692150
240.0000	30.0000	40.0000	0.703510600
250.0000	30.0000	40.0000	0.923414350
260.0000	30.0000	40.0000	0.610137760
270.0000	30.0000	40.0000	0.450379820
280.0000	30.0000	40.0000	0.698226900
290.0000	30.0000	40.0000	1.131244500
300.0000	30.0000	40.0000	0.807947400
310.0000	30.0000	40.0000	0.582043700
320.0000	30.0000	40.0000	0.592802760
330.0000	30.0000	40.0000	0.866586860
340.0000	30.0000	40.0000	0.598536600
350.0000	30.0000	40.0000	0.449565980
360.0000	30.0000	40.0000	1.000000000
0.0000	40.0000	40.0000	0.220206680
10.0000	40.0000	40.0000	0.327000740
20.0000	40.0000	40.0000	0.587802200
30.0000	40.0000	40.0000	0.767990100
40.0000	40.0000	40.0000	0.530049400
50.0000	40.0000	40.0000	1.980657800
60.0000	40.0000	40.0000	1.307704200
70.0000	40.0000	40.0000	0.388703080
80.0000	40.0000	40.0000	0.317877100
90.0000	40.0000	40.0000	0.400021520
100.0000	40.0000	40.0000	0.441117550
110.0000	40.0000	40.0000	0.591130500
120.0000	40.0000	40.0000	0.577981400
130.0000	40.0000	40.0000	0.909807600
140.0000	40.0000	40.0000	2.003438700
150.0000	40.0000	40.0000	1.824105900
160.0000	40.0000	40.0000	0.510966960
170.0000	40.0000	40.0000	0.168513690
180.0000	40.0000	40.0000	0.645710500
190.0000	40.0000	40.0000	2.297506300
200.0000	40.0000	40.0000	1.153978800
210.0000	40.0000	40.0000	0.630628700
220.0000	40.0000	40.0000	0.535351900
230.0000	40.0000	40.0000	0.936491300
240.0000	40.0000	40.0000	0.982874500
250.0000	40.0000	40.0000	1.381606500
260.0000	40.0000	40.0000	0.693763260
270.0000	40.0000	40.0000	0.524590100
280.0000	40.0000	40.0000	0.612715700
290.0000	40.0000	40.0000	0.716022970
300.0000	40.0000	40.0000	0.336812900
310.0000	40.0000	40.0000	0.301354600
320.0000	40.0000	40.0000	0.882656700
330.0000	40.0000	40.0000	1.258306700
340.0000	40.0000	40.0000	0.473942340
350.0000	40.0000	40.0000	0.189882400
360.0000	40.0000	40.0000	1.000000000
0.0000	50.0000	40.0000	0.738923200
10.0000	50.0000	40.0000	0.795304600
20.0000	50.0000	40.0000	0.731241300
30.0000	50.0000	40.0000	0.743152140
40.0000	50.0000	40.0000	0.624255100
50.0000	50.0000	40.0000	0.953642400
60.0000	50.0000	40.0000	1.068438600
70.0000	50.0000	40.0000	0.563190400
80.0000	50.0000	40.0000	0.475295220
90.0000	50.0000	40.0000	0.670913200
100.0000	50.0000	40.0000	0.583782400
110.0000	50.0000	40.0000	0.890103040
120.0000	50.0000	40.0000	1.198187700
130.0000	50.0000	40.0000	1.829730200
140.0000	50.0000	40.0000	3.197653800
150.0000	50.0000	40.0000	2.311990000
160.0000	50.0000	40.0000	0.691879500
170.0000	50.0000	40.0000	0.226267580
180.0000	50.0000	40.0000	0.771530900
190.0000	50.0000	40.0000	1.689144300
200.0000	50.0000	40.0000	0.508174300
210.0000	50.0000	40.0000	0.423729540
220.0000	50.0000	40.0000	0.755566500
230.0000	50.0000	40.0000	0.923974900
240.0000	50.0000	40.0000	0.660600360
250.0000	50.0000	40.0000	0.507808000
260.0000	50.0000	40.0000	0.513471660
270.0000	50.0000	40.0000	0.689581600
280.0000	50.0000	40.0000	0.758661150
290.0000	50.0000	40.0000	0.378942760
300.0000	50.0000	40.0000	0.215303800
310.0000	50.0000	40.0000	0.558648100
320.0000	50.0000	40.0000	1.894630300
330.0000	50.0000	40.0000	2.061296500
340.0000	50.0000	40.0000	0.808070240
350.0000	50.0000	40.0000	0.183037470
360.0000	50.0000	40.0000	1.000000000
0.0000	60.0000	40.0000	0.550006200
10.0000	60.0000	40.0000	0.749054430
20.0000	60.0000	40.0000	0.984975930
30.0000	60.0000	40.0000	0.851911600
40.0000	60.0000	40.0000	1.352826800
50.0000	60.0000	40.0000	1.722399100
60.0000	60.0000	40.0000	0.695649700
70.0000	60.0000	40.0000	0.405887200
80.0000	60.0000	40.0000	0.490089650
90.0000	60.0000	40.0000	0.423019020
100.0000	60.0000	40.0000	0.514241800
110.0000	60.0000	40.0000	0.863547560
120.0000	60.0000	40.0000	0.793012860
130.0000	60.0000	40.0000	1.390744300
140.0000	60.0000	40.0000	1.444864200
150.0000	60.0000	40.0000	0.900555970
160.0000	60.0000	40.0000	0.605940800
170.0000	60.0000	40.0000	0.453810900
180.0000	60.0000	40.0000	0.812163200
190.0000	60.0000	40.0000	1.070443200
200.0000	60.0000	40.0000	0.455585100
210.0000	60.0000	40.0000	0.477905300
220.0000	60.0000	40.0000	0.711308800
230.0000	60.0000	40.0000	0.503793400
240.0000	60.0000	40.0000	0.307903320
250.0000	60.0000	40.0000	0.157246900
260.0000	60.0000	40.0000	0.087713264
270.0000	60.0000	40.0000	0.388881500
280.0000	60.0000	40.0000	1.325823200
290.0000	60.0000	40.0000	0.710224000
300.0000	60.0000	40.0000	0.645257800
310.0000	60.0000	40.0000	1.351041000
320.0000	60.0000	40.0000	1.957857500
330.0000	60.0000	40.0000	1.543613900
340.0000	60.0000	40.0000	1.030411800
350.0000	60.0000	40.0000	0.416779400
360.0000	60.0000	40.0000	1.000000000
0.0000	70.0000	40.0000	1.544243500
10.0000	70.0000	40.0000	2.041909700
20.0000	70.0000	40.0000	1.979667300
30.0000	70.0000	40.0000	1.417863700
40.0000	70.0000	40.0000	1.533774900
50.0000	70.0000	40.0000	1.196260100
60.0000	70.0000	40.0000	0.569707330
70.0000	70.0000	40.0000	0.313503770
80.0000	70.0000	40.0000	0.115917070
90.0000	70.0000	40.0000	0.099555310
100.0000	70.0000	40.0000	0.181843460
110.0000	70.0000	40.0000	0.338734400
120.0000	70.0000	40.0000	0.428812030
130.0000	70.0000	40.0000	0.588955000
140.0000	70.0000	40.0000	0.664001500
150.0000	70.0000	40.0000	0.793534460
160.0000	70.0000	40.0000	1.222114400
170.0000	70.0000	40.0000	0.757888400
180.0000	70.0000	40.0000	0.586896700
190.0000	70.0000	40.0000	1.233048600
200.0000	70.0000	40.0000	1.115284900
210.0000	70.0000	40.0000	0.688945400
220.0000	70.0000	40.0000	0.452460860
230.0000	70.0000	40.0000	0.229650320
240.0000	70.0000	40.0000	0.280443340
250.0000	70.0000	40.0000	0.343010500
260.0000	70.0000	40.0000	0.074274490
270.0000	70.0000	40.0000	0.167192220
280.0000	70.0000	40.0000	0.543375700
290.0000	70.0000	40.0000	0.663392840
300.0000	70.0000	40.0000	0.542735640
310.0000	70.0000	40.0000	1.221621600
320.0000	70.0000	40.0000	1.484642700
330.0000	70.0000	40.0000	0.948788340
340.0000	70.0000	40.0000	1.333031500
350.0000	70.0000	40.0000	1.194899800
360.0000	70.0000	40.0000	1.000000000
0.0000	80.0000	40.0000	0.552757000
10.0000	80.0000	40.0000	1.216550500
20.0000	80.0000	40.0000	3.323938800
30.0000	80.0000	40.0000	1.224982900
40.0000	80.0000	40.0000	0.707893400
50.0000	80.0000	40.0000	0.509588660
60.0000	80.0000	40.0000	0.764220500
70.0000	80.0000	40.0000	0.715688650
80.0000	80.0000	40.0000	0.288183630
90.0000	80.0000	40.0000	0.262721630
100.0000	80.0000	40.0000	0.395078700
110.0000	80.0000	40.0000	0.397606300
120.0000	80.0000	40.0000	0.254191900
130.0000	80.0000	40.0000	0.313880350
140.0000	80.0000	40.0000	0.554323730
150.0000	80.0000	40.0000	1.067799300
160.0000	80.0000	40.0000	3.543762700
170.0000	80.0000	40.0000	2.647775200
180.0000	80.0000	40.0000	2.092247000
190.0000	80.0000	40.0000	3.391348000
200.0000	80.0000	40.0000	2.410841200
210.0000	80.0000	40.0000	1.075425700
220.0000	80.0000	40.0000	0.433327650
230.0000	80.0000	40.0000	0.219772120
240.0000	80.0000	40.0000	0.381109330
250.0000	80.0000	40.0000	0.665071900
260.0000	80.0000	40.0000	0.257300880
270.0000	80.0000	40.0000	0.271879430
280.0000	80.0000	40.0000	0.413810850
290.0000	80.0000	40.0000	0.516386300
300.0000	80.0000	40.0000	0.267127780
310.0000	80.0000	40.0000	0.462848450
320.0000	80.0000	40.0000	0.821861600
330.0000	80.0000	40.0000	1.141775100
340.0000	80.0000	40.0000	2.283857800
350.0000	80.0000	40.0000	4.195269000
360.0000	80.0000	40.0000	1.000000000
0.0000	90.0000	40.0000	8.953611000
10.0000	90.0000	40.0000	4.096415000
20.0000	90.0000	40.0000	4.562792300
30.0000	90.0000	40.0000	1.450590400
40.0000	90.0000	40.0000	0.734388000
50.0000	90.0000	40.0000	0.588117500
60.0000	90.0000	40.0000	1.175315400
70.0000	90.0000	40.0000	1.008088000
80.0000	90.0000	40.0000	0.586733760
90.0000	90.0000	40.0000	0.420847200
100.0000	90.0000	40.0000	0.894955600
110.0000	90.0000	40.0000	0.912284550
120.0000	90.0000	40.0000	0.260821900
130.0000	90.0000	40.0000	0.357779380
140.0000	90.0000	40.0000	0.583622160
150.0000	90.0000	40.0000	0.916166370
160.0000	90.0000	40.0000	3.395178800
170.0000	90.0000	40.0000	3.437359800
180.0000	90.0000	40.0000	3.911087000
190.0000	90.0000	40.0000	6.707032700
200.0000	90.0000	40.0000	3.259110200
210.0000	90.0000	40.0000	1.422580600
220.0000	90.0000	40.0000	0.487768620
230.0000	90.0000	40.0000	0.313350050
240.0000	90.0000	40.0000	0.498762900
250.0000	90.0000	40.0000	0.496211700
260.0000	90.0000	40.0000	0.357958050
270.0000	90.0000	40.0000	0.378439720
280.0000	90.0000	40.0000	0.607077800
290.0000	90.0000	40.0000	0.652465640
300.0000	90.0000	40.0000	0.246198620
310.0000	90.0000	40.0000	0.253253070
320.0000	90.0000	40.0000	0.397860350
330.0000	90.0000	40.0000	0.908787300
340.0000	90.0000	40.0000	2.722045700
350.0000	90.0000	40.0000	11.108535000
360.0000	90.0000	40.0000	1.000000000
0.0000	0.0000	50.0000	1.000000000
10.0000	0.0000	50.0000	1.000000000
20.0000	0.0000	50.0000	1.000000000
30.0000	0.0000	50.0000	1.000000000
40.0000	0.0000	50.0000	1.000000000
50.0000	0.0000	50.0000	1.000000000
60.0000	0.0000	50.0000	1.000000000
70.0000	0.0000	50.0000	1.000000000
80.0000	0.0000	50.0000	1.000000000
90.0000	0.0000	50.0000	1.000000000
100.0000	0.0000	50.0000	1.000000000
110.0000	0.0000	50.0000	1.000000000
120.0000	0.0000	50.0000	1.000000000
130.0000	0.0000	50.0000	1.000000000
140.0000	0.0000	50.0000	1.000000000
150.0000	0.0000	50.0000	1.000000000
160.0000	0.0000	50.0000	1.000000000
170.0000	0.0000	50.0000	1.000000000
180.0000	0.0000	50.0000	1.000000000
190.0000	0.0000	50.0000	1.000000000
200.0000	0.0000	50.0000	1.000000000
210.0000	0.0000	50.0000	1.000000000
220.0000	0.0000	50.0000	1.000000000
230.0000	0.0000	50.0000	1.000000000
240.0000	0.0000	50.0000	1.000000000
250.0000	0.0000	50.0000	1.000000000
260.0000	0.0000	50.0000	1.000000000
270.0000	0.0000	50.0000	1.000000000
280.0000	0.0000	50.0000	1.000000000
290.0000	0.0000	50.0000	1.000000000
300.0000	0.0000	50.0000	1.000000000
310.0000	0.0000	50.0000	1.000000000
320.0000	0.0000	50.0000	1.000000000
330.0000	0.0000	50.0000	1.000000000
340.0000	0.0000	50.0000	1.000000000
350.0000	0.0000	50.0000	1.000000000
360.0000	0.0000	50.0000	1.000000000
0.0000	10.0000	50.0000	0.705387950
10.0000	10.0000	50.0000	0.816408100
20.0000	10.0000	50.0000	5.758004700
30.0000	10.0000	50.0000	0.222598250
40.0000	10.0000	50.0000	0.131891060
50.0000	10.0000	50.0000	0.285927400
60.0000	10.0000	50.0000	0.995167550
70.0000	10.0000	50.0000	0.972731600
80.0000	10.0000	50.0000	0.302360240
90.0000	10.0000	50.0000	0.206308530
100.0000	10.0000	50.0000	0.186602640
110.0000	10.0000	50.0000	0.454467540
120.0000	10.0000	50.0000	1.250517100
130.0000	10.0000	50.0000	0.754372800
140.0000	10.0000	50.0000	0.448941440
150.0000	10.0000	50.0000	0.237776580
160.0000	10.0000	50.0000	0.792798400
170.0000	10.0000	50.0000	2.225909700
180.0000	10.0000	50.0000	2.081028500
190.0000	10.0000	50.0000	3.327765700
200.0000	10.0000	50.0000	6.169679600
210.0000	10.0000	50.0000	0.279860800
220.0000	10.0000	50.0000	0.083031460
230.0000	10.0000	50.0000	0.122199940
240.0000	10.0000	50.0000	0.719513100
250.0000	10.0000	50.0000	1.418671400
260.0000	10.0000	50.0000	0.293640140
270.0000	10.0000	50.0000	0.287867930
280.0000	10.0000	50.0000	0.347185460
290.0000	10.0000	50.0000	0.462076400
300.0000	10.0000	50.0000	0.953252800
310.0000	10.0000	50.0000	1.861248100
320.0000	10.0000	50.0000	1.113810700
330.0000	10.0000	50.0000	0.371242970
340.0000	10.0000	50.0000	1.581318300
350.0000	10.0000	50.0000	3.231229800
360.0000	10.0000	50.0000	1.000000000
0.0000	20.0000	50.0000	2.128237200
10.0000	20.0000	50.0000	2.520830600
20.0000	20.0000	50.0000	0.909357960
30.0000	20.0000	50.0000	0.129885990
40.0000	20.0000	50.0000	0.120484430
50.0000	20.0000	50.0000	0.185032200
60.0000	20.0000	50.0000	0.585583800
70.0000	20.0000	50.0000	2.459548200
80.0000	20.0000	50.0000	0.808515670
90.0000	20.0000	50.0000	0.312226120
100.0000	20.0000	50.0000	0.503878800
110.0000	20.0000	50.0000	0.580727500
120.0000	20.0000	50.0000	1.337849400
130.0000	20.0000	50.0000	1.550298900
140.0000	20.0000	50.0000	0.714260500
150.0000	20.0000	50.0000	0.271216780
160.0000	20.0000	50.0000	0.230417430
170.0000	20.0000	50.0000	0.779196100
180.0000	20.0000	50.0000	0.696820500
190.0000	20.0000	50.0000	2.409917400
200.0000	20.0000	50.0000	1.394312500
210.0000	20.0000	50.0000	0.138131370
220.0000	20.0000	50.0000	0.131339270
230.0000	20.0000	50.0000	0.229046510
240.0000	20.0000	50.0000	0.312071100
250.0000	20.0000	50.0000	0.780043600
260.0000	20.0000	50.0000	0.875825600
270.0000	20.0000	50.0000	0.726875300
280.0000	20.0000	50.0000	0.901474650
290.0000	20.0000	50.0000	0.552336000
300.0000	20.0000	50.0000	0.717611900
310.0000	20.0000	50.0000	1.727843000
320.0000	20.0000	50.0000	0.708027200
330.0000	20.0000	50.0000	0.275106070
340.0000	20.0000	50.0000	0.261991300
350.0000	20.0000	50.0000	0.364864170
360.0000	20.0000	50.0000	1.000000000
0.0000	30.0000	50.0000	1.412216100
10.0000	30.0000	50.0000	1.555095400
20.0000	30.0000	50.0000	0.399688360
30.0000	30.0000	50.0000	0.142248290
40.0000	30.0000	50.0000	0.251663200
50.0000	30.0000	50.0000	0.786225140
60.0000	30.0000	50.0000	0.805801300
70.0000	30.0000	50.0000	1.385257800
80.0000	30.0000	50.0000	1.218290300
90.0000	30.0000	50.0000	0.649376630
100.0000	30.0000	50.0000	0.917176400
110.0000	30.0000	50.0000	0.907957300
120.0000	30.0000	50.0000	1.647127200
130.0000	30.0000	50.0000	1.434342300
140.0000	30.0000	50.0000	1.094836700
150.0000	30.0000	50.0000	0.329741630
160.0000	30.0000	50.0000	0.049297262
170.0000	30.0000	50.0000	0.434803870
180.0000	30.0000	50.0000	1.162110700
190.0000	30.0000	50.0000	1.649909400
200.0000	30.0000	50.0000	1.806948900
210.0000	30.0000	50.0000	0.263553740
220.0000	30.0000	50.0000	0.217649000
230.0000	30.0000	50.0000	0.823901500
240.0000	30.0000	50.0000	1.976317500
250.0000	30.0000	50.0000	1.620105700
260.0000	30.0000	50.0000	0.640417500
270.0000	30.0000	50.0000	0.545000100
280.0000	30.0000	50.0000	0.823556000
290.0000	30.0000	50.0000	1.002371000
300.0000	30.0000	50.0000	1.848824900
310.0000	30.0000	50.0000	2.608631100
320.0000	30.0000	50.0000	0.967997900
330.0000	30.0000	50.0000	0.303177330
340.0000	30.0000	50.0000	0.069209080
350.0000	30.0000	50.0000	0.282660250
360.0000	30.0000	50.0000	1.000000000
0.0000	40.0000	50.0000	0.242255180
10.0000	40.0000	50.0000	0.558946850
20.0000	40.0000	50.0000	1.184959200
30.0000	40.0000	50.0000	0.295030270
40.0000	40.0000	50.0000	0.524659300
50.0000	40.0000	50.0000	1.651902900
60.0000	40.0000	50.0000	1.099789000
70.0000	40.0000	50.0000	0.460064320
80.0000	40.0000	50.0000	0.578426800
90.0000	40.0000	50.0000	0.712727100
100.0000	40.0000	50.0000	0.490394120
110.0000	40.0000	50.0000	0.470017000
120.0000	40.0000	50.0000	0.898723960
130.0000	40.0000	50.0000	1.374927500
140.0000	40.0000	50.0000	2.018552800
150.0000	40.0000	50.0000	0.792553660
160.0000	40.0000	50.0000	0.062631674
170.0000	40.0000	50.0000	0.111943915
180.0000	40.0000	50.0000	1.178790000
190.0000	40.0000	50.0000	3.721722400
200.0000	40.0000	50.0000	1.265281100
210.0000	40.0000	50.0000	0.366392250
220.0000	40.0000	50.0000	0.397745220
230.0000	40.0000	50.0000	0.531970740
240.0000	40.0000	50.0000	1.308810600
250.0000	40.0000	50.0000	1.471360300
260.0000	40.0000	50.0000	0.877955900
270.0000	40.0000	50.0000	0.523031500
280.0000	40.0000	50.0000	0.489798370
290.0000	40.0000	50.0000	0.406925860
300.0000	40.0000	50.0000	0.549529430
310.0000	40.0000	50.0000	1.148847100
320.0000	40.0000	50.0000	0.920355860
330.0000	40.0000	50.0000	0.460564300
340.0000	40.0000	50.0000	0.096356660
350.0000	40.0000	50.0000	0.189243330
360.0000	40.0000	50.0000	1.000000000
0.0000	50.0000	50.0000	1.257416000
10.0000	50.0000	50.0000	1.239666200
20.0000	50.0000	50.0000	0.777139370
30.0000	50.0000	50.0000	0.561184050
40.0000	50.0000	50.0000	0.949385300
50.0000	50.0000	50.0000	0.888723430
60.0000	50.0000	50.0000	0.719334000
70.0000	50.0000	50.0000	0.220179080
80.0000	50.0000	50.0000	0.306402560
90.0000	50.0000	50.0000	1.233918000
100.0000	50.0000	50.0000	0.770788670
110.0000	50.0000	50.0000	0.627476500
120.0000	50.0000	50.0000	0.857595300
130.0000	50.0000	50.0000	1.723077800
140.0000	50.0000	50.0000	1.718753300
150.0000	50.0000	50.0000	0.553708730
160.0000	50.0000	50.0000	0.072127394
170.0000	50.0000	50.0000	0.131019030
180.0000	50.0000	50.0000	1.096142800
190.0000	50.0000	50.0000	1.249420500
200.0000	50.0000	50.0000	0.352886830
210.0000	50.0000	50.0000	0.400068500
220.0000	50.0000	50.0000	0.809531030
230.0000	50.0000	50.0000	0.750705300
240.0000	50.0000	50.0000	0.483281670
250.0000	50.0000	50.0000	0.480192000
260.0000	50.0000	50.0000	0.677393300
270.0000	50.0000	50.0000	1.012327700
280.0000	50.0000	50.0000	0.583182450
290.0000	50.0000	50.0000	0.186888590
300.0000	50.0000	50.0000	0.161641870
310.0000	50.0000	50.0000	0.470815750
320.0000	50.0000	50.0000	0.805533900
330.0000	50.0000	50.0000	0.672486000
340.0000	50.0000	50.0000	0.189007480
350.0000	50.0000	50.0000	0.099296970
360.0000	50.0000	50.0000	1.000000000
0.0000	60.0000	50.0000	0.460112570
10.0000	60.0000	50.0000	0.514766040
20.0000	60.0000	50.0000	0.727338550
30.0000	60.0000	50.0000	0.620877150
40.0000	60.0000	50.0000	0.768162550
50.0000	60.0000	50.0000	0.666422000
60.0000	60.0000	50.0000	0.394769430
70.0000	60.0000	50.0000	0.206582670
80.0000	60.0000	50.0000	0.290917460
90.0000	60.0000	50.0000	0.746256400
100.0000	60.0000	50.0000	1.266536500
110.0000	60.0000	50.0000	0.976195600
120.0000	60.0000	50.0000	0.840844630
130.0000	60.0000	50.0000	1.400713800
140.0000	60.0000	50.0000	1.002373700
150.0000	60.0000	50.0000	0.444000400
160.0000	60.0000	50.0000	0.200573370
170.0000	60.0000	50.0000	0.388155250
180.0000	60.0000	50.0000	0.959794700
190.0000	60.0000	50.0000	0.794851360
200.0000	60.0000	50.0000	0.442220480
210.0000	60.0000	50.0000	0.383966330
220.0000	60.0000	50.0000	0.418178620
230.0000	60.0000	50.0000	0.378266070
240.0000	60.0000	50.0000	0.300738720
250.0000	60.0000	50.0000	0.249864470
260.0000	60.0000	50.0000	0.294872160
270.0000	60.0000	50.0000	0.815481250
280.0000	60.0000	50.0000	0.886840500
290.0000	60.0000	50.0000	0.264661500
300.0000	60.0000	50.0000	0.311985430
310.0000	60.0000	50.0000	0.623012900
320.0000	60.0000	50.0000	1.107845100
330.0000	60.0000	50.0000	0.995272500
340.0000	60.0000	50.0000	0.335184660
350.0000	60.0000	50.0000	0.184469490
360.0000	60.0000	50.0000	1.000000000
0.0000	70.0000	50.0000	1.117537700
10.0000	70.0000	50.0000	0.967308640
20.0000	70.0000	50.0000	0.810184540
30.0000	70.0000	50.0000	0.502474370
40.0000	70.0000	50.0000	0.411657240
50.0000	70.0000	50.0000	0.438876750
60.0000	70.0000	50.0000	0.395073950
70.0000	70.0000	50.0000	0.332744000
80.0000	70.0000	50.0000	0.182171870
90.0000	70.0000	50.0000	0.134120940
100.0000	70.0000	50.0000	0.272986980
110.0000	70.0000	50.0000	0.368125000
120.0000	70.0000	50.0000	0.361897620
130.0000	70.0000	50.0000	0.590900200
140.0000	70.0000	50.0000	0.623761530
150.0000	70.0000	50.0000	0.681740400
160.0000	70.0000	50.0000	0.990566500
170.0000	70.0000	50.0000	0.629233100
180.0000	70.0000	50.0000	0.464273960
190.0000	70.0000	50.0000	0.957539600
200.0000	70.0000	50.0000	0.993400600
210.0000	70.0000	50.0000	0.418656860
220.0000	70.0000	50.0000	0.198054570
230.0000	70.0000	50.0000	0.235547140
240.0000	70.0000	50.0000	0.433077570
250.0000	70.0000	50.0000	0.389840250
260.0000	70.0000	50.0000	0.191187100
270.0000	70.0000	50.0000	0.308666300
280.0000	70.0000	50.0000	0.490698070
290.0000	70.0000	50.0000	0.460999640
300.0000	70.0000	50.0000	0.351317760
310.0000	70.0000	50.0000	0.553597030
320.0000	70.0000	50.0000	0.873519300
330.0000	70.0000	50.0000	0.734227660
340.0000	70.0000	50.0000	0.590048900
350.0000	70.0000	50.0000	0.554838060
360.0000	70.0000	50.0000	1.000000000
0.0000	80.0000	50.0000	0.219799350
10.0000	80.0000	50.0000	0.427263230
20.0000	80.0000	50.0000	1.309822600
30.0000	80.0000	50.0000	0.595321900
40.0000	80.0000	50.0000	0.387754000
50.0000	80.0000	50.0000	0.337612030
60.0000	80.0000	50.0000	0.475592940
70.0000	80.0000	50.0000	0.557782770
80.0000	80.0000	50.0000	0.329480680
90.0000	80.0000	50.0000	0.226687880
100.0000	80.0000	50.0000	0.356967540
110.0000	80.0000	50.0000	0.337117800
120.0000	80.0000	50.0000	0.217416930
130.0000	80.0000	50.0000	0.270606800
140.0000	80.0000	50.0000	0.540297100
150.0000	80.0000	50.0000	1.292722000
160.0000	80.0000	50.0000	2.616560500
170.0000	80.0000	50.0000	1.598142100
180.0000	80.0000	50.0000	1.427570000
190.0000	80.0000	50.0000	1.924911900
200.0000	80.0000	50.0000	1.584668500
210.0000	80.0000	50.0000	0.592377600
220.0000	80.0000	50.0000	0.342366960
230.0000	80.0000	50.0000	0.375325800
240.0000	80.0000	50.0000	0.564423600
250.0000	80.0000	50.0000	0.733685900
260.0000	80.0000	50.0000	0.363108400
270.0000	80.0000	50.0000	0.415032120
280.0000	80.0000	50.0000	0.594603400
290.0000	80.0000	50.0000	0.606213150
300.0000	80.0000	50.0000	0.632347760
310.0000	80.0000	50.0000	0.583335940
320.0000	80.0000	50.0000	0.538837970
330.0000	80.0000	50.0000	0.874806760
340.0000	80.0000	50.0000	1.280344400
350.0000	80.0000	50.0000	2.048231100
360.0000	80.0000	50.0000	1.000000000
0.0000	90.0000	50.0000	5.714085600
10.0000	90.0000	50.0000	2.063539700
20.0000	90.0000	50.0000	2.470510500
30.0000	90.0000	50.0000	0.824781240
40.0000	90.0000	50.0000	0.537988100
50.0000	90.0000	50.0000	0.514754300
60.0000	90.0000	50.0000	0.788894360
70.0000	90.0000	50.0000	0.905115300
80.0000	90.0000	50.0000	0.532962260
90.0000	90.0000	50.0000	0.373634670
100.0000	90.0000	50.0000	0.618509100
110.0000	90.0000	50.0000	0.510737900
120.0000	90.0000	50.0000	0.171830610
130.0000	90.0000	50.0000	0.290091840
140.0000	90.0000	50.0000	0.745608500
150.0000	90.0000	50.0000	1.605244800
160.0000	90.0000	50.0000	2.931212200
170.0000	90.0000	50.0000	2.016822000
180.0000	90.0000	50.0000	2.832212700
190.0000	90.0000	50.0000	4.298701300
200.0000	90.0000	50.0000	1.893062400
210.0000	90.0000	50.0000	0.905823200
220.0000	90.0000	50.0000	0.661110300
230.0000	90.0000	50.0000	0.422711300
240.0000	90.0000	50.0000	0.404798450
250.0000	90.0000	50.0000	0.976311860
260.0000	90.0000	50.0000	0.575603500
270.0000	90.0000	50.0000	0.553880300
280.0000	90.0000	50.0000	1.260488500
290.0000	90.0000	50.0000	0.854724400
300.0000	90.0000	50.0000	0.612643700
310.0000	90.0000	50.0000	0.539363300
320.0000	90.0000	50.0000	0.362306620
330.0000	90.0000	50.0000	0.910770400
340.0000	90.0000	50.0000	2.084036400
350.0000	90.0000	50.0000	3.875592000
360.0000	90.0000	50.0000	1.000000000
0.0000	0.0000	60.0000	1.000000000
10.0000	0.0000	60.0000	1.000000000
20.0000	0.0000	60.0000	1.000000000
30.0000	0.0000	60.0000	1.000000000
40.0000	0.0000	60.0000	1.000000000
50.0000	0.0000	60.0000	1.000000000
60.0000	0.0000	60.0000	1.000000000
70.0000	0.0000	60.0000	1.000000000
80.0000	0.0000	60.0000	1.000000000
90.0000	0.0000	60.0000	1.000000000
100.0000	0.0000	60.0000	1.000000000
110.0000	0.0000	60.0000	1.000000000
120.0000	0.0000	60.0000	1.000000000
130.0000	0.0000	60.0000	1.000000000
140.0000	0.0000	60.0000	1.000000000
150.0000	0.0000	60.0000	1.000000000
160.0000	0.0000	60.0000	1.000000000
170.0000	0.0000	60.0000	1.000000000
180.0000	0.0000	60.0000	1.000000000
190.0000	0.0000	60.0000	1.000000000
200.0000	0.0000	60.0000	1.000000000
210.0000	0.0000	60.0000	1.000000000
220.0000	0.0000	60.0000	1.000000000
230.0000	0.0000	60.0000	1.000000000
240.0000	0.0000	60.0000	1.000000000
250.0000	0.0000	60.0000	1.000000000
260.0000	0.0000	60.0000	1.000000000
270.0000	0.0000	60.0000	1.000000000
280.0000	0.0000	60.0000	1.000000000
290.0000	0.0000	60.0000	1.000000000
300.0000	0.0000	60.0000	1.000000000
310.0000	0.0000	60.0000	1.000000000
320.0000	0.0000	60.0000	1.000000000
330.0000	0.0000	60.0000	1.000000000
340.0000	0.0000	60.0000	1.000000000
350.0000	0.0000	60.0000	1.000000000
360.0000	0.0000	60.0000	1.000000000
0.0000	10.0000	60.0000	0.880757400
10.0000	10.0000	60.0000	0.935508430
20.0000	10.0000	60.0000	4.361966000
30.0000	10.0000	60.0000	0.098928130
40.0000	10.0000	60.0000	0.093919314
50.0000	10.0000	60.0000	0.688924700
60.0000	10.0000	60.0000	1.317465200
70.0000	10.0000	60.0000	0.493041000
80.0000	10.0000	60.0000	0.152263090
90.0000	10.0000	60.0000	0.703151050
100.0000	10.0000	60.0000	1.366775000
110.0000	10.0000	60.0000	2.388477600
120.0000	10.0000	60.0000	0.247858260
130.0000	10.0000	60.0000	0.322057930
140.0000	10.0000	60.0000	1.642371200
150.0000	10.0000	60.0000	0.218688460
160.0000	10.0000	60.0000	0.794396940
170.0000	10.0000	60.0000	4.005803600
180.0000	10.0000	60.0000	2.384818300
190.0000	10.0000	60.0000	3.905482500
200.0000	10.0000	60.0000	6.697612300
210.0000	10.0000	60.0000	0.076409730
220.0000	10.0000	60.0000	0.039437372
230.0000	10.0000	60.0000	0.151704030
240.0000	10.0000	60.0000	1.178216100
250.0000	10.0000	60.0000	14.047657000
260.0000	10.0000	60.0000	0.135897100
270.0000	10.0000	60.0000	0.066379030
280.0000	10.0000	60.0000	0.802135100
290.0000	10.0000	60.0000	0.830510200
300.0000	10.0000	60.0000	0.724421200
310.0000	10.0000	60.0000	2.036501000
320.0000	10.0000	60.0000	1.353838600
330.0000	10.0000	60.0000	0.368113370
340.0000	10.0000	60.0000	1.470391000
350.0000	10.0000	60.0000	4.922929300
360.0000	10.0000	60.0000	1.000000000
0.0000	20.0000	60.0000	2.675895200
10.0000	20.0000	60.0000	2.555052800
20.0000	20.0000	60.0000	0.792440650
30.0000	20.0000	60.0000	0.110561885
40.0000	20.0000	60.0000	0.266191070
50.0000	20.0000	60.0000	0.954167370
60.0000	20.0000	60.0000	1.714658600
70.0000	20.0000	60.0000	11.037210000
80.0000	20.0000	60.0000	5.038949500
90.0000	20.0000	60.0000	1.752771300
100.0000	20.0000	60.0000	1.563604100
110.0000	20.0000	60.0000	0.936455000
120.0000	20.0000	60.0000	1.159015300
130.0000	20.0000	60.0000	1.248798500
140.0000	20.0000	60.0000	1.243653400
150.0000	20.0000	60.0000	0.092243515
160.0000	20.0000	60.0000	0.149850950
170.0000	20.0000	60.0000	1.251168000
180.0000	20.0000	60.0000	0.821365240
190.0000	20.0000	60.0000	3.318336500
200.0000	20.0000	60.0000	1.501171600
210.0000	20.0000	60.0000	0.070418520
220.0000	20.0000	60.0000	0.424332400
230.0000	20.0000	60.0000	2.051856500
240.0000	20.0000	60.0000	1.075330300
250.0000	20.0000	60.0000	2.589938900
260.0000	20.0000	60.0000	2.049763200
270.0000	20.0000	60.0000	1.024573400
280.0000	20.0000	60.0000	2.264771500
290.0000	20.0000	60.0000	0.654855850
300.0000	20.0000	60.0000	1.131987300
310.0000	20.0000	60.0000	1.571238800
320.0000	20.0000	60.0000	0.942389600
330.0000	20.0000	60.0000	0.153597640
340.0000	20.0000	60.0000	0.142964690
350.0000	20.0000	60.0000	0.665105900
360.0000	20.0000	60.0000	1.000000000
0.0000	30.0000	60.0000	1.858033100
10.0000	30.0000	60.0000	1.963051800
20.0000	30.0000	60.0000	0.179174150
30.0000	30.0000	60.0000	0.111715160
40.0000	30.0000	60.0000	0.381800260
50.0000	30.0000	60.0000	0.519296900
60.0000	30.0000	60.0000	0.366608300
70.0000	30.0000	60.0000	1.046566700
80.0000	30.0000	60.0000	2.095191700
90.0000	30.0000	60.0000	1.021624300
100.0000	30.0000	60.0000	1.035258500
110.0000	30.0000	60.0000	0.747558240
120.0000	30.0000	60.0000	2.026144500
130.0000	30.0000	60.0000	2.267274900
140.0000	30.0000	60.0000	1.203780400
150.0000	30.0000	60.0000	0.124068420
160.0000	30.0000	60.0000	0.051513057
170.0000	30.0000	60.0000	1.246308400
180.0000	30.0000	60.0000	1.736360400
190.0000	30.0000	60.0000	2.505557500
200.0000	30.0000	60.0000	0.935285000
210.0000	30.0000	60.0000	0.133371440
220.0000	30.0000	60.0000	0.292898120
230.0000	30.0000	60.0000	0.918286500
240.0000	30.0000	60.0000	0.786369600
250.0000	30.0000	60.0000	0.694034700
260.0000	30.0000	60.0000	1.106410000
270.0000	30.0000	60.0000	2.506719400
280.0000	30.0000	60.0000	1.838779000
290.0000	30.0000	60.0000	0.613871300
300.0000	30.0000	60.0000	1.706852700
310.0000	30.0000	60.0000	4.329137000
320.0000	30.0000	60.0000	2.015284800
330.0000	30.0000	60.0000	0.158641060
340.0000	30.0000	60.0000	0.072404820
350.0000	30.0000	60.0000	1.252348400
360.0000	30.0000	60.0000	1.000000000
0.0000	40.0000	60.0000	0.517936650
10.0000	40.0000	60.0000	1.379143600
20.0000	40.0000	60.0000	1.545054400
30.0000	40.0000	60.0000	0.181882560
40.0000	40.0000	60.0000	0.579824030
50.0000	40.0000	60.0000	1.465393200
60.0000	40.0000	60.0000	0.477407460
70.0000	40.0000	60.0000	0.488591700
80.0000	40.0000	60.0000	1.061787400
90.0000	40.0000	60.0000	0.580702600
100.0000	40.0000	60.0000	0.323298600
110.0000	40.0000	60.0000	0.432223080
120.0000	40.0000	60.0000	1.073096600
130.0000	40.0000	60.0000	1.047594300
140.0000	40.0000	60.0000	1.191024400
150.0000	40.0000	60.0000	0.273298700
160.0000	40.0000	60.0000	0.036047325
170.0000	40.0000	60.0000	0.390406640
180.0000	40.0000	60.0000	1.983660300
190.0000	40.0000	60.0000	4.903650000
200.0000	40.0000	60.0000	2.028598800
210.0000	40.0000	60.0000	0.390492380
220.0000	40.0000	60.0000	0.279140530
230.0000	40.0000	60.0000	0.565466900
240.0000	40.0000	60.0000	1.010501100
250.0000	40.0000	60.0000	0.543103400
260.0000	40.0000	60.0000	0.801494200
270.0000	40.0000	60.0000	0.743784370
280.0000	40.0000	60.0000	0.588660840
290.0000	40.0000	60.0000	0.350968780
300.0000	40.0000	60.0000	1.057017900
310.0000	40.0000	60.0000	4.902392000
320.0000	40.0000	60.0000	0.852251000
330.0000	40.0000	60.0000	0.117134504
340.0000	40.0000	60.0000	0.084941950
350.0000	40.0000	60.0000	1.045046600
360.0000	40.0000	60.0000	1.000000000
0.0000	50.0000	60.0000	2.829108500
10.0000	50.0000	60.0000	3.528196600
20.0000	50.0000	60.0000	1.976419200
30.0000	50.0000	60.0000	0.624104440
40.0000	50.0000	60.0000	0.734330650
50.0000	50.0000	60.0000	0.558327600
60.0000	50.0000	60.0000	0.483022840
70.0000	50.0000	60.0000	0.196509240
80.0000	50.0000	60.0000	0.292737480
90.0000	50.0000	60.0000	1.374270000
100.0000	50.0000	60.0000	1.145305000
110.0000	50.0000	60.0000	0.707728600
120.0000	50.0000	60.0000	0.849661950
130.0000	50.0000	60.0000	0.867207940
140.0000	50.0000	60.0000	0.821054000
150.0000	50.0000	60.0000	0.270224720
160.0000	50.0000	60.0000	0.066163756
170.0000	50.0000	60.0000	0.381725670
180.0000	50.0000	60.0000	1.628324900
190.0000	50.0000	60.0000	1.995917600
200.0000	50.0000	60.0000	0.814329600
210.0000	50.0000	60.0000	0.506626900
220.0000	50.0000	60.0000	0.689346300
230.0000	50.0000	60.0000	0.846134600
240.0000	50.0000	60.0000	0.482550000
250.0000	50.0000	60.0000	0.256295400
260.0000	50.0000	60.0000	0.466757680
270.0000	50.0000	60.0000	0.895805200
280.0000	50.0000	60.0000	0.478253160
290.0000	50.0000	60.0000	0.196867720
300.0000	50.0000	60.0000	0.287434970
310.0000	50.0000	60.0000	0.624173500
320.0000	50.0000	60.0000	0.470862030
330.0000	50.0000	60.0000	0.190852170
340.0000	50.0000	60.0000	0.189178420
350.0000	50.0000	60.0000	0.575368500
360.0000	50.0000	60.0000	1.000000000
0.0000	60.0000	60.0000	0.797922100
10.0000	60.0000	60.0000	1.288340600
20.0000	60.0000	60.0000	1.681183900
30.0000	60.0000	60.0000	0.600088540
40.0000	60.0000	60.0000	0.419185200
50.0000	60.0000	60.0000	0.446481880
60.0000	60.0000	60.0000	0.469822650
70.0000	60.0000	60.0000	0.227949080
80.0000	60.0000	60.0000	0.237496780
90.0000	60.0000	60.0000	0.843781530
100.0000	60.0000	60.0000	2.297771200
110.0000	60.0000	60.0000	1.609587300
120.0000	60.0000	60.0000	1.203462000
130.0000	60.0000	60.0000	1.621709000
140.0000	60.0000	60.0000	1.004669700
150.0000	60.0000	60.0000	0.497199240
160.0000	60.0000	60.0000	0.441040500
170.0000	60.0000	60.0000	1.041063800
180.0000	60.0000	60.0000	1.382517800
190.0000	60.0000	60.0000	1.687522000
200.0000	60.0000	60.0000	0.663027600
210.0000	60.0000	60.0000	0.201107310
220.0000	60.0000	60.0000	0.295077830
230.0000	60.0000	60.0000	0.484908670
240.0000	60.0000	60.0000	0.316500480
250.0000	60.0000	60.0000	0.251854900
260.0000	60.0000	60.0000	0.504562300
270.0000	60.0000	60.0000	1.553804300
280.0000	60.0000	60.0000	0.294062350
290.0000	60.0000	60.0000	0.087785326
300.0000	60.0000	60.0000	0.152809800
310.0000	60.0000	60.0000	0.557459300
320.0000	60.0000	60.0000	1.164012400
330.0000	60.0000	60.0000	0.945080200
340.0000	60.0000	60.0000	0.569170100
350.0000	60.0000	60.0000	0.747151700
360.0000	60.0000	60.0000	1.000000000
0.0000	70.0000	60.0000	1.672179800
10.0000	70.0000	60.0000	1.177068500
20.0000	70.0000	60.0000	0.838914040
30.0000	70.0000	60.0000	0.295908660
40.0000	70.0000	60.0000	0.166592330
50.0000	70.0000	60.0000	0.390090900
60.0000	70.0000	60.0000	0.554672700
70.0000	70.0000	60.0000	0.496111180
80.0000	70.0000	60.0000	0.312706680
90.0000	70.0000	60.0000	0.173207430
100.0000	70.0000	60.0000	0.430307840
110.0000	70.0000	60.0000	0.657060440
120.0000	70.0000	60.0000	0.555453000
130.0000	70.0000	60.0000	0.447554500
140.0000	70.0000	60.0000	0.633967300
150.0000	70.0000	60.0000	0.825575350
160.0000	70.0000	60.0000	1.793295900
170.0000	70.0000	60.0000	1.381540100
180.0000	70.0000	60.0000	0.703706000
190.0000	70.0000	60.0000	1.518033300
200.0000	70.0000	60.0000	1.215457000
210.0000	70.0000	60.0000	0.251582350
220.0000	70.0000	60.0000	0.152530090
230.0000	70.0000	60.0000	0.446137700
240.0000	70.0000	60.0000	0.555466350
250.0000	70.0000	60.0000	0.414010550
260.0000	70.0000	60.0000	0.424284730
270.0000	70.0000	60.0000	0.467723500
280.0000	70.0000	60.0000	0.099913900
290.0000	70.0000	60.0000	0.119098990
300.0000	70.0000	60.0000	0.177541610
310.0000	70.0000	60.0000	0.259808240
320.0000	70.0000	60.0000	0.464196060
330.0000	70.0000	60.0000	0.627226600
340.0000	70.0000	60.0000	0.597154700
350.0000	70.0000	60.0000	1.132222200
360.0000	70.0000	60.0000	1.000000000
0.0000	80.0000	60.0000	0.366627780
10.0000	80.0000	60.0000	0.501249850
20.0000	80.0000	60.0000	0.988520900
30.0000	80.0000	60.0000	0.450395400
40.0000	80.0000	60.0000	0.486488700
50.0000	80.0000	60.0000	0.548733060
60.0000	80.0000	60.0000	0.499812160
70.0000	80.0000	60.0000	0.831707300
80.0000	80.0000	60.0000	0.557255740
90.0000	80.0000	60.0000	0.366726200
100.0000	80.0000	60.0000	0.600948900
110.0000	80.0000	60.0000	0.377639000
120.0000	80.0000	60.0000	0.312540980
130.0000	80.0000	60.0000	0.271811000
140.0000	80.0000	60.0000	0.583037440
150.0000	80.0000	60.0000	1.052980800
160.0000	80.0000	60.0000	2.075230000
170.0000	80.0000	60.0000	1.827611300
180.0000	80.0000	60.0000	1.586485100
190.0000	80.0000	60.0000	1.978644700
200.0000	80.0000	60.0000	1.927056300
210.0000	80.0000	60.0000	0.658974770
220.0000	80.0000	60.0000	0.600856300
230.0000	80.0000	60.0000	0.860932050
240.0000	80.0000	60.0000	0.871212400
250.0000	80.0000	60.0000	0.910214400
260.0000	80.0000	60.0000	0.507127200
270.0000	80.0000	60.0000	0.391914130
280.0000	80.0000	60.0000	0.282245370
290.0000	80.0000	60.0000	0.327651920
300.0000	80.0000	60.0000	0.658602900
310.0000	80.0000	60.0000	0.573309840
320.0000	80.0000	60.0000	0.281903740
330.0000	80.0000	60.0000	0.329213620
340.0000	80.0000	60.0000	0.529257600
350.0000	80.0000	60.0000	1.834836400
360.0000	80.0000	60.0000	1.000000000
0.0000	90.0000	60.0000	6.212512000
10.0000	90.0000	60.0000	2.016034400
20.0000	90.0000	60.0000	1.800456900
30.0000	90.0000	60.0000	0.845437470
40.0000	90.0000	60.0000	1.853026700
50.0000	90.0000	60.0000	0.999687500
60.0000	90.0000	60.0000	0.723296600
70.0000	90.0000	60.0000	1.585745000
80.0000	90.0000	60.0000	0.806272150
90.0000	90.0000	60.0000	0.480849920
100.0000	90.0000	60.0000	0.638166960
110.0000	90.0000	60.0000	0.419794650
120.0000	90.0000	60.0000	0.519643900
130.0000	90.0000	60.0000	0.635552100
140.0000	90.0000	60.0000	1.253644000
150.0000	90.0000	60.0000	2.144991900
160.0000	90.0000	60.0000	2.278899400
170.0000	90.0000	60.0000	1.809545300
180.0000	90.0000	60.0000	2.919228000
190.0000	90.0000	60.0000	4.530425000
200.0000	90.0000	60.0000	1.614653700
210.0000	90.0000	60.0000	0.831748550
220.0000	90.0000	60.0000	1.533250800
230.0000	90.0000	60.0000	1.074825600
240.0000	90.0000	60.0000	0.678736870
250.0000	90.0000	60.0000	2.611946600
260.0000	90.0000	60.0000	0.766360100
270.0000	90.0000	60.0000	0.765416440
280.0000	90.0000	60.0000	0.585326730
290.0000	90.0000	60.0000	0.311434780
300.0000	90.0000	60.0000	1.173548000
310.0000	90.0000	60.0000	1.696889800
320.0000	90.0000	60.0000	0.425152750
330.0000	90.0000	60.0000	0.492932530
340.0000	90.0000	60.0000	0.750489100
350.0000	90.0000	60.0000	1.695973600
360.0000	90.0000	60.0000	1.000000000
