0.0000	0.0000	0.0000	0.254187600
10.0000	0.0000	0.0000	0.254779700
20.0000	0.0000	0.0000	0.579993250
30.0000	0.0000	0.0000	0.595868950
40.0000	0.0000	0.0000	0.915079200
50.0000	0.0000	0.0000	0.936539700
60.0000	0.0000	0.0000	0.322576400
70.0000	0.0000	0.0000	0.546918800
80.0000	0.0000	0.0000	0.414129140
90.0000	0.0000	0.0000	1.064289000
100.0000	0.0000	0.0000	1.923687300
110.0000	0.0000	0.0000	2.353547800
120.0000	0.0000	0.0000	2.097505000
130.0000	0.0000	0.0000	2.230640000
140.0000	0.0000	0.0000	2.018275000
150.0000	0.0000	0.0000	1.324182600
160.0000	0.0000	0.0000	0.989761700
170.0000	0.0000	0.0000	0.416505800
180.0000	0.0000	0.0000	0.171235560
190.0000	0.0000	0.0000	0.804126500
200.0000	0.0000	0.0000	0.534309400
210.0000	0.0000	0.0000	0.254138440
220.0000	0.0000	0.0000	0.461604950
230.0000	0.0000	0.0000	0.719013330
240.0000	0.0000	0.0000	0.179680480
250.0000	0.0000	0.0000	0.586397900
260.0000	0.0000	0.0000	0.474065240
270.0000	0.0000	0.0000	1.080432800
280.0000	0.0000	0.0000	1.675677400
290.0000	0.0000	0.0000	1.716671300
300.0000	0.0000	0.0000	1.700945400
310.0000	0.0000	0.0000	2.304961200
320.0000	0.0000	0.0000	1.758809000
330.0000	0.0000	0.0000	1.006443100
340.0000	0.0000	0.0000	0.932721000
350.0000	0.0000	0.0000	1.383992100
360.0000	0.0000	0.0000	1.000000000
0.0000	10.0000	0.0000	0.754151800
10.0000	10.0000	0.0000	1.174997400
20.0000	10.0000	0.0000	2.394166500
30.0000	10.0000	0.0000	0.358457120
40.0000	10.0000	0.0000	2.856668200
50.0000	10.0000	0.0000	0.608193000
60.0000	10.0000	0.0000	0.899897300
70.0000	10.0000	0.0000	6.164215000
80.0000	10.0000	0.0000	0.181072320
90.0000	10.0000	0.0000	0.889781830
100.0000	10.0000	0.0000	1.848078000
110.0000	10.0000	0.0000	2.706031300
120.0000	10.0000	0.0000	3.445216400
130.0000	10.0000	0.0000	4.019487400
140.0000	10.0000	0.0000	1.251060400
150.0000	10.0000	0.0000	0.313040700
160.0000	10.0000	0.0000	1.290595800
170.0000	10.0000	0.0000	2.257889500
180.0000	10.0000	0.0000	1.808613400
190.0000	10.0000	0.0000	6.372571000
200.0000	10.0000	0.0000	1.101121700
210.0000	10.0000	0.0000	0.108298560
220.0000	10.0000	0.0000	2.581569200
230.0000	10.0000	0.0000	1.425329700
240.0000	10.0000	0.0000	0.246728060
250.0000	10.0000	0.0000	0.756911000
260.0000	10.0000	0.0000	0.234906240
270.0000	10.0000	0.0000	2.142996300
280.0000	10.0000	0.0000	2.568996400
290.0000	10.0000	0.0000	2.205108600
300.0000	10.0000	0.0000	2.188843500
310.0000	10.0000	0.0000	2.891920000
320.0000	10.0000	0.0000	1.195921500
330.0000	10.0000	0.0000	0.419929920
340.0000	10.0000	0.0000	2.258688200
350.0000	10.0000	0.0000	4.076411700
360.0000	10.0000	0.0000	1.000000000
0.0000	20.0000	0.0000	2.371080900
10.0000	20.0000	0.0000	2.992251600
20.0000	20.0000	0.0000	0.259540230
30.0000	20.0000	0.0000	0.064321550
40.0000	20.0000	0.0000	0.420144170
50.0000	20.0000	0.0000	1.025451200
60.0000	20.0000	0.0000	1.957828400
70.0000	20.0000	0.0000	0.700650700
80.0000	20.0000	0.0000	0.295710270
90.0000	20.0000	0.0000	0.386541870
100.0000	20.0000	0.0000	1.627340800
110.0000	20.0000	0.0000	1.826223600
120.0000	20.0000	0.0000	2.537018000
130.0000	20.0000	0.0000	5.010481000
140.0000	20.0000	0.0000	0.322149930
150.0000	20.0000	0.0000	0.042166278
160.0000	20.0000	0.0000	0.406628430
170.0000	20.0000	0.0000	1.302670200
180.0000	20.0000	0.0000	1.181057600
190.0000	20.0000	0.0000	4.690424400
200.0000	20.0000	0.0000	0.207627030
210.0000	20.0000	0.0000	0.098798910
220.0000	20.0000	0.0000	1.201049900
230.0000	20.0000	0.0000	1.029035300
240.0000	20.0000	0.0000	1.046755000
250.0000	20.0000	0.0000	1.064881200
260.0000	20.0000	0.0000	0.406350820
270.0000	20.0000	0.0000	0.639750060
280.0000	20.0000	0.0000	2.084304800
290.0000	20.0000	0.0000	3.361485200
300.0000	20.0000	0.0000	2.394652600
310.0000	20.0000	0.0000	2.055870800
320.0000	20.0000	0.0000	0.809078600
330.0000	20.0000	0.0000	0.073677530
340.0000	20.0000	0.0000	0.324692370
350.0000	20.0000	0.0000	0.623172700
360.0000	20.0000	0.0000	1.000000000
0.0000	30.0000	0.0000	1.740427100
10.0000	30.0000	0.0000	1.791324600
20.0000	30.0000	0.0000	0.070391260
30.0000	30.0000	0.0000	0.142152300
40.0000	30.0000	0.0000	0.717547360
50.0000	30.0000	0.0000	3.144291900
60.0000	30.0000	0.0000	2.543182400
70.0000	30.0000	0.0000	0.609465300
80.0000	30.0000	0.0000	0.466496050
90.0000	30.0000	0.0000	0.595129100
100.0000	30.0000	0.0000	1.451816200
110.0000	30.0000	0.0000	0.897699100
120.0000	30.0000	0.0000	1.299604500
130.0000	30.0000	0.0000	1.189161800
140.0000	30.0000	0.0000	0.156935330
150.0000	30.0000	0.0000	0.052170794
160.0000	30.0000	0.0000	0.364039360
170.0000	30.0000	0.0000	2.987582700
180.0000	30.0000	0.0000	3.001308000
190.0000	30.0000	0.0000	1.556720700
200.0000	30.0000	0.0000	0.086555830
210.0000	30.0000	0.0000	0.250236200
220.0000	30.0000	0.0000	1.187854000
230.0000	30.0000	0.0000	1.520752300
240.0000	30.0000	0.0000	0.924488800
250.0000	30.0000	0.0000	0.444776300
260.0000	30.0000	0.0000	0.538540100
270.0000	30.0000	0.0000	0.650763300
280.0000	30.0000	0.0000	0.804496400
290.0000	30.0000	0.0000	1.431531700
300.0000	30.0000	0.0000	1.167191600
310.0000	30.0000	0.0000	0.612538400
320.0000	30.0000	0.0000	0.359625200
330.0000	30.0000	0.0000	0.123172600
340.0000	30.0000	0.0000	0.278645870
350.0000	30.0000	0.0000	0.924550950
360.0000	30.0000	0.0000	1.000000000
0.0000	40.0000	0.0000	0.486416520
10.0000	40.0000	0.0000	0.523533200
20.0000	40.0000	0.0000	0.051731700
30.0000	40.0000	0.0000	0.229717800
40.0000	40.0000	0.0000	0.780145100
50.0000	40.0000	0.0000	1.227595600
60.0000	40.0000	0.0000	3.111830500
70.0000	40.0000	0.0000	0.531032400
80.0000	40.0000	0.0000	0.190157440
90.0000	40.0000	0.0000	0.679072200
100.0000	40.0000	0.0000	1.656122900
110.0000	40.0000	0.0000	0.865415750
120.0000	40.0000	0.0000	0.429183040
130.0000	40.0000	0.0000	0.505619170
140.0000	40.0000	0.0000	0.452696800
150.0000	40.0000	0.0000	0.203888940
160.0000	40.0000	0.0000	1.307258400
170.0000	40.0000	0.0000	1.455661700
180.0000	40.0000	0.0000	2.072809200
190.0000	40.0000	0.0000	2.209360400
200.0000	40.0000	0.0000	0.090169970
210.0000	40.0000	0.0000	0.283610940
220.0000	40.0000	0.0000	0.847760860
230.0000	40.0000	0.0000	1.702802200
240.0000	40.0000	0.0000	0.540567300
250.0000	40.0000	0.0000	0.227092710
260.0000	40.0000	0.0000	0.293366010
270.0000	40.0000	0.0000	0.332800840
280.0000	40.0000	0.0000	0.326761450
290.0000	40.0000	0.0000	0.573244300
300.0000	40.0000	0.0000	1.191221200
310.0000	40.0000	0.0000	0.550689100
320.0000	40.0000	0.0000	0.461864470
330.0000	40.0000	0.0000	0.810742200
340.0000	40.0000	0.0000	3.302027700
350.0000	40.0000	0.0000	1.459489100
360.0000	40.0000	0.0000	1.000000000
0.0000	50.0000	0.0000	2.432598000
10.0000	50.0000	0.0000	1.413210500
20.0000	50.0000	0.0000	0.142612590
30.0000	50.0000	0.0000	0.486044350
40.0000	50.0000	0.0000	0.465644060
50.0000	50.0000	0.0000	0.268062860
60.0000	50.0000	0.0000	0.176220430
70.0000	50.0000	0.0000	0.129986400
80.0000	50.0000	0.0000	0.310140130
90.0000	50.0000	0.0000	0.881618560
100.0000	50.0000	0.0000	0.511157400
110.0000	50.0000	0.0000	0.358071540
120.0000	50.0000	0.0000	0.629487000
130.0000	50.0000	0.0000	0.557069660
140.0000	50.0000	0.0000	0.602202300
150.0000	50.0000	0.0000	0.480013580
160.0000	50.0000	0.0000	1.011741400
170.0000	50.0000	0.0000	0.960454600
180.0000	50.0000	0.0000	1.512414900
190.0000	50.0000	0.0000	1.217975600
200.0000	50.0000	0.0000	0.169465660
210.0000	50.0000	0.0000	0.369982480
220.0000	50.0000	0.0000	0.688673140
230.0000	50.0000	0.0000	0.748921800
240.0000	50.0000	0.0000	0.773819400
250.0000	50.0000	0.0000	0.982672330
260.0000	50.0000	0.0000	0.595495800
270.0000	50.0000	0.0000	0.498745830
280.0000	50.0000	0.0000	0.539087650
290.0000	50.0000	0.0000	0.359960260
300.0000	50.0000	0.0000	0.362958100
310.0000	50.0000	0.0000	0.432811300
320.0000	50.0000	0.0000	0.495791580
330.0000	50.0000	0.0000	0.861269100
340.0000	50.0000	0.0000	1.762248200
350.0000	50.0000	0.0000	0.879929360
360.0000	50.0000	0.0000	1.000000000
0.0000	60.0000	0.0000	1.164572100
10.0000	60.0000	0.0000	0.794702530
20.0000	60.0000	0.0000	0.976521400
30.0000	60.0000	0.0000	1.177782800
40.0000	60.0000	0.0000	0.441531420
50.0000	60.0000	0.0000	0.349676800
60.0000	60.0000	0.0000	0.142187390
70.0000	60.0000	0.0000	0.081013620
80.0000	60.0000	0.0000	0.201691870
90.0000	60.0000	0.0000	0.398181500
100.0000	60.0000	0.0000	0.358332200
110.0000	60.0000	0.0000	0.502876900
120.0000	60.0000	0.0000	0.847715900
130.0000	60.0000	0.0000	0.469245170
140.0000	60.0000	0.0000	0.308562550
150.0000	60.0000	0.0000	0.288915930
160.0000	60.0000	0.0000	0.574833900
170.0000	60.0000	0.0000	1.539340300
180.0000	60.0000	0.0000	1.769656800
190.0000	60.0000	0.0000	1.290641200
200.0000	60.0000	0.0000	0.705281000
210.0000	60.0000	0.0000	0.698959350
220.0000	60.0000	0.0000	0.998478800
230.0000	60.0000	0.0000	1.010431900
240.0000	60.0000	0.0000	0.657091100
250.0000	60.0000	0.0000	1.374778300
260.0000	60.0000	0.0000	1.960641400
270.0000	60.0000	0.0000	0.910648170
280.0000	60.0000	0.0000	0.613567650
290.0000	60.0000	0.0000	0.416171130
300.0000	60.0000	0.0000	0.262637880
310.0000	60.0000	0.0000	0.210812400
320.0000	60.0000	0.0000	0.298005970
330.0000	60.0000	0.0000	0.177669470
340.0000	60.0000	0.0000	0.469689220
350.0000	60.0000	0.0000	2.797644000
360.0000	60.0000	0.0000	1.000000000
0.0000	70.0000	0.0000	1.569921900
10.0000	70.0000	0.0000	1.497307400
20.0000	70.0000	0.0000	1.304120200
30.0000	70.0000	0.0000	0.814476100
40.0000	70.0000	0.0000	0.414942600
50.0000	70.0000	0.0000	0.240073800
60.0000	70.0000	0.0000	0.331726800
70.0000	70.0000	0.0000	0.103448240
80.0000	70.0000	0.0000	0.038368184
90.0000	70.0000	0.0000	0.100610085
100.0000	70.0000	0.0000	0.425246570
110.0000	70.0000	0.0000	0.542733800
120.0000	70.0000	0.0000	0.481207000
130.0000	70.0000	0.0000	0.550810600
140.0000	70.0000	0.0000	0.226573990
150.0000	70.0000	0.0000	0.200595270
160.0000	70.0000	0.0000	0.571041000
170.0000	70.0000	0.0000	1.064750300
180.0000	70.0000	0.0000	1.088375000
190.0000	70.0000	0.0000	2.136816300
200.0000	70.0000	0.0000	1.232940600
210.0000	70.0000	0.0000	0.688845460
220.0000	70.0000	0.0000	0.518695100
230.0000	70.0000	0.0000	0.209702490
240.0000	70.0000	0.0000	0.250700030
250.0000	70.0000	0.0000	1.018955600
260.0000	70.0000	0.0000	1.221853500
270.0000	70.0000	0.0000	0.429918920
280.0000	70.0000	0.0000	0.426527100
290.0000	70.0000	0.0000	0.568583400
300.0000	70.0000	0.0000	0.281949900
310.0000	70.0000	0.0000	0.208979000
320.0000	70.0000	0.0000	0.254173520
330.0000	70.0000	0.0000	0.309188540
340.0000	70.0000	0.0000	0.632997200
350.0000	70.0000	0.0000	2.183799700
360.0000	70.0000	0.0000	1.000000000
0.0000	80.0000	0.0000	0.298778440
10.0000	80.0000	0.0000	0.777042200
20.0000	80.0000	0.0000	1.242588600
30.0000	80.0000	0.0000	0.368263300
40.0000	80.0000	0.0000	0.461690280
50.0000	80.0000	0.0000	0.402082530
60.0000	80.0000	0.0000	0.434654380
70.0000	80.0000	0.0000	0.248419630
80.0000	80.0000	0.0000	0.103170775
90.0000	80.0000	0.0000	0.225005980
100.0000	80.0000	0.0000	0.546648400
110.0000	80.0000	0.0000	0.380642300
120.0000	80.0000	0.0000	0.234163030
130.0000	80.0000	0.0000	0.447717200
140.0000	80.0000	0.0000	0.541027250
150.0000	80.0000	0.0000	0.876086800
160.0000	80.0000	0.0000	1.582251100
170.0000	80.0000	0.0000	1.739502500
180.0000	80.0000	0.0000	2.790693500
190.0000	80.0000	0.0000	4.113570700
200.0000	80.0000	0.0000	1.065425300
210.0000	80.0000	0.0000	0.956591500
220.0000	80.0000	0.0000	0.577848550
230.0000	80.0000	0.0000	0.115709210
240.0000	80.0000	0.0000	0.331111520
250.0000	80.0000	0.0000	0.714157760
260.0000	80.0000	0.0000	0.593174200
270.0000	80.0000	0.0000	0.667465870
280.0000	80.0000	0.0000	0.706822160
290.0000	80.0000	0.0000	0.730332500
300.0000	80.0000	0.0000	0.351474310
310.0000	80.0000	0.0000	0.677736640
320.0000	80.0000	0.0000	0.904586400
330.0000	80.0000	0.0000	1.125265700
340.0000	80.0000	0.0000	1.093012300
350.0000	80.0000	0.0000	1.207182300
360.0000	80.0000	0.0000	1.000000000
0.0000	90.0000	0.0000	5.413516000
10.0000	90.0000	0.0000	2.318183700
20.0000	90.0000	0.0000	2.033565500
30.0000	90.0000	0.0000	0.367698200
40.0000	90.0000	0.0000	0.626830500
50.0000	90.0000	0.0000	1.061043300
60.0000	90.0000	0.0000	0.677275660
70.0000	90.0000	0.0000	0.286741970
80.0000	90.0000	0.0000	0.145447300
90.0000	90.0000	0.0000	0.449377570
100.0000	90.0000	0.0000	0.846245300
110.0000	90.0000	0.0000	0.399331180
120.0000	90.0000	0.0000	0.222392680
130.0000	90.0000	0.0000	0.399012360
140.0000	90.0000	0.0000	1.418729400
150.0000	90.0000	0.0000	3.502475000
160.0000	90.0000	0.0000	4.279053000
170.0000	90.0000	0.0000	2.469201300
180.0000	90.0000	0.0000	3.541155800
190.0000	90.0000	0.0000	3.147366800
200.0000	90.0000	0.0000	1.141813200
210.0000	90.0000	0.0000	3.012750900
220.0000	90.0000	0.0000	1.393448100
230.0000	90.0000	0.0000	0.247578400
240.0000	90.0000	0.0000	0.460125630
250.0000	90.0000	0.0000	0.560496400
260.0000	90.0000	0.0000	0.458300920
270.0000	90.0000	0.0000	0.747363700
280.0000	90.0000	0.0000	1.055556000
290.0000	90.0000	0.0000	1.605085400
300.0000	90.0000	0.0000	0.635386800
310.0000	90.0000	0.0000	1.489596400
320.0000	90.0000	0.0000	1.980447200
330.0000	90.0000	0.0000	1.595263500
340.0000	90.0000	0.0000	1.565300300
350.0000	90.0000	0.0000	2.863306000
360.0000	90.0000	0.0000	1.000000000
0.0000	0.0000	10.0000	1.000000000
10.0000	0.0000	10.0000	1.000000000
20.0000	0.0000	10.0000	1.000000000
30.0000	0.0000	10.0000	1.000000000
40.0000	0.0000	10.0000	1.000000000
50.0000	0.0000	10.0000	1.000000000
60.0000	0.0000	10.0000	1.000000000
70.0000	0.0000	10.0000	1.000000000
80.0000	0.0000	10.0000	1.000000000
90.0000	0.0000	10.0000	1.000000000
100.0000	0.0000	10.0000	1.000000000
110.0000	0.0000	10.0000	1.000000000
120.0000	0.0000	10.0000	1.000000000
130.0000	0.0000	10.0000	1.000000000
140.0000	0.0000	10.0000	1.000000000
150.0000	0.0000	10.0000	1.000000000
160.0000	0.0000	10.0000	1.000000000
170.0000	0.0000	10.0000	1.000000000
180.0000	0.0000	10.0000	1.000000000
190.0000	0.0000	10.0000	1.000000000
200.0000	0.0000	10.0000	1.000000000
210.0000	0.0000	10.0000	1.000000000
220.0000	0.0000	10.0000	1.000000000
230.0000	0.0000	10.0000	1.000000000
240.0000	0.0000	10.0000	1.000000000
250.0000	0.0000	10.0000	1.000000000
260.0000	0.0000	10.0000	1.000000000
270.0000	0.0000	10.0000	1.000000000
280.0000	0.0000	10.0000	1.000000000
290.0000	0.0000	10.0000	1.000000000
300.0000	0.0000	10.0000	1.000000000
310.0000	0.0000	10.0000	1.000000000
320.0000	0.0000	10.0000	1.000000000
330.0000	0.0000	10.0000	1.000000000
340.0000	0.0000	10.0000	1.000000000
350.0000	0.0000	10.0000	1.000000000
360.0000	0.0000	10.0000	1.000000000
0.0000	10.0000	10.0000	0.767311330
10.0000	10.0000	10.0000	0.760153600
20.0000	10.0000	10.0000	1.789275800
30.0000	10.0000	10.0000	0.434187080
40.0000	10.0000	10.0000	0.882413450
50.0000	10.0000	10.0000	1.366513000
60.0000	10.0000	10.0000	2.288919200
70.0000	10.0000	10.0000	1.105835100
80.0000	10.0000	10.0000	0.221037100
90.0000	10.0000	10.0000	0.853731330
100.0000	10.0000	10.0000	1.646277500
110.0000	10.0000	10.0000	2.365646600
120.0000	10.0000	10.0000	2.879374700
130.0000	10.0000	10.0000	1.912734000
140.0000	10.0000	10.0000	0.744981470
150.0000	10.0000	10.0000	0.391602930
160.0000	10.0000	10.0000	1.679044700
170.0000	10.0000	10.0000	2.605990000
180.0000	10.0000	10.0000	1.941113400
190.0000	10.0000	10.0000	2.544378800
200.0000	10.0000	10.0000	1.033713200
210.0000	10.0000	10.0000	0.224360600
220.0000	10.0000	10.0000	1.524651000
230.0000	10.0000	10.0000	0.966056000
240.0000	10.0000	10.0000	0.619276000
250.0000	10.0000	10.0000	0.484814820
260.0000	10.0000	10.0000	0.088057460
270.0000	10.0000	10.0000	1.044361600
280.0000	10.0000	10.0000	2.078805400
290.0000	10.0000	10.0000	1.764728500
300.0000	10.0000	10.0000	1.887997600
310.0000	10.0000	10.0000	1.743416200
320.0000	10.0000	10.0000	0.859915140
330.0000	10.0000	10.0000	0.503185800
340.0000	10.0000	10.0000	2.857147500
350.0000	10.0000	10.0000	4.710044400
360.0000	10.0000	10.0000	1.000000000
0.0000	20.0000	10.0000	2.242581600
10.0000	20.0000	10.0000	1.769993700
20.0000	20.0000	10.0000	0.245110140
30.0000	20.0000	10.0000	0.113970330
40.0000	20.0000	10.0000	0.386672300
50.0000	20.0000	10.0000	1.331529600
60.0000	20.0000	10.0000	1.161812400
70.0000	20.0000	10.0000	0.322546180
80.0000	20.0000	10.0000	0.244080680
90.0000	20.0000	10.0000	0.393379700
100.0000	20.0000	10.0000	1.131141700
110.0000	20.0000	10.0000	1.290775400
120.0000	20.0000	10.0000	0.766856800
130.0000	20.0000	10.0000	0.354711440
140.0000	20.0000	10.0000	0.090635180
150.0000	20.0000	10.0000	0.064885296
160.0000	20.0000	10.0000	0.658707860
170.0000	20.0000	10.0000	1.238551000
180.0000	20.0000	10.0000	0.847490600
190.0000	20.0000	10.0000	1.511598300
200.0000	20.0000	10.0000	0.257900700
210.0000	20.0000	10.0000	0.189096720
220.0000	20.0000	10.0000	0.586337000
230.0000	20.0000	10.0000	1.156123900
240.0000	20.0000	10.0000	1.061337600
250.0000	20.0000	10.0000	1.047198800
260.0000	20.0000	10.0000	0.421396520
270.0000	20.0000	10.0000	0.293451340
280.0000	20.0000	10.0000	0.985948900
290.0000	20.0000	10.0000	1.121246800
300.0000	20.0000	10.0000	0.543051360
310.0000	20.0000	10.0000	0.632685100
320.0000	20.0000	10.0000	0.233460190
330.0000	20.0000	10.0000	0.055994894
340.0000	20.0000	10.0000	0.446076400
350.0000	20.0000	10.0000	0.716651100
360.0000	20.0000	10.0000	1.000000000
0.0000	30.0000	10.0000	1.405451200
10.0000	30.0000	10.0000	0.776371200
20.0000	30.0000	10.0000	0.059634138
30.0000	30.0000	10.0000	0.234020830
40.0000	30.0000	10.0000	1.010644800
50.0000	30.0000	10.0000	1.753551400
60.0000	30.0000	10.0000	0.984732700
70.0000	30.0000	10.0000	0.513570600
80.0000	30.0000	10.0000	0.578256250
90.0000	30.0000	10.0000	0.579204260
100.0000	30.0000	10.0000	1.220040600
110.0000	30.0000	10.0000	1.798642800
120.0000	30.0000	10.0000	2.020157800
130.0000	30.0000	10.0000	0.700785800
140.0000	30.0000	10.0000	0.131096810
150.0000	30.0000	10.0000	0.198233000
160.0000	30.0000	10.0000	1.787407600
170.0000	30.0000	10.0000	3.099144000
180.0000	30.0000	10.0000	1.760441500
190.0000	30.0000	10.0000	0.426405200
200.0000	30.0000	10.0000	0.060879726
210.0000	30.0000	10.0000	0.222428840
220.0000	30.0000	10.0000	0.827964960
230.0000	30.0000	10.0000	1.548670600
240.0000	30.0000	10.0000	1.082320200
250.0000	30.0000	10.0000	0.702931170
260.0000	30.0000	10.0000	0.697250550
270.0000	30.0000	10.0000	0.437735300
280.0000	30.0000	10.0000	0.674499750
290.0000	30.0000	10.0000	3.203065400
300.0000	30.0000	10.0000	1.740968300
310.0000	30.0000	10.0000	1.102899200
320.0000	30.0000	10.0000	0.312686060
330.0000	30.0000	10.0000	0.192294780
340.0000	30.0000	10.0000	0.367969070
350.0000	30.0000	10.0000	0.842742100
360.0000	30.0000	10.0000	1.000000000
0.0000	40.0000	10.0000	0.269100520
10.0000	40.0000	10.0000	0.180619700
20.0000	40.0000	10.0000	0.048960112
30.0000	40.0000	10.0000	0.383925230
40.0000	40.0000	10.0000	1.463984300
50.0000	40.0000	10.0000	1.019200400
60.0000	40.0000	10.0000	0.597053770
70.0000	40.0000	10.0000	0.437268730
80.0000	40.0000	10.0000	0.351883230
90.0000	40.0000	10.0000	0.678481300
100.0000	40.0000	10.0000	1.223929300
110.0000	40.0000	10.0000	1.198747400
120.0000	40.0000	10.0000	0.859533250
130.0000	40.0000	10.0000	0.576398400
140.0000	40.0000	10.0000	0.450327300
150.0000	40.0000	10.0000	0.489424170
160.0000	40.0000	10.0000	1.603088500
170.0000	40.0000	10.0000	0.965581500
180.0000	40.0000	10.0000	1.403553600
190.0000	40.0000	10.0000	0.616306200
200.0000	40.0000	10.0000	0.086186590
210.0000	40.0000	10.0000	0.521873100
220.0000	40.0000	10.0000	1.586728500
230.0000	40.0000	10.0000	1.682925700
240.0000	40.0000	10.0000	0.759582400
250.0000	40.0000	10.0000	0.407912800
260.0000	40.0000	10.0000	0.383957860
270.0000	40.0000	10.0000	0.336980970
280.0000	40.0000	10.0000	0.407027700
290.0000	40.0000	10.0000	1.072847800
300.0000	40.0000	10.0000	1.175098800
310.0000	40.0000	10.0000	0.812971650
320.0000	40.0000	10.0000	0.466183130
330.0000	40.0000	10.0000	0.751323900
340.0000	40.0000	10.0000	1.952392600
350.0000	40.0000	10.0000	1.066527200
360.0000	40.0000	10.0000	1.000000000
0.0000	50.0000	10.0000	1.359918400
10.0000	50.0000	10.0000	0.566821630
20.0000	50.0000	10.0000	0.130986570
30.0000	50.0000	10.0000	0.447995500
40.0000	50.0000	10.0000	0.797892000
50.0000	50.0000	10.0000	0.498987230
60.0000	50.0000	10.0000	0.177678350
70.0000	50.0000	10.0000	0.243375900
80.0000	50.0000	10.0000	0.670960840
90.0000	50.0000	10.0000	1.028018500
100.0000	50.0000	10.0000	0.641407400
110.0000	50.0000	10.0000	0.534354000
120.0000	50.0000	10.0000	0.492346940
130.0000	50.0000	10.0000	0.567084000
140.0000	50.0000	10.0000	0.739738400
150.0000	50.0000	10.0000	0.448548020
160.0000	50.0000	10.0000	0.377407400
170.0000	50.0000	10.0000	0.539237860
180.0000	50.0000	10.0000	1.065757800
190.0000	50.0000	10.0000	0.433041660
200.0000	50.0000	10.0000	0.148780000
210.0000	50.0000	10.0000	0.604215900
220.0000	50.0000	10.0000	1.198879100
230.0000	50.0000	10.0000	1.220472600
240.0000	50.0000	10.0000	0.989686600
250.0000	50.0000	10.0000	1.179567500
260.0000	50.0000	10.0000	0.519140200
270.0000	50.0000	10.0000	0.410101620
280.0000	50.0000	10.0000	0.615539550
290.0000	50.0000	10.0000	0.646233300
300.0000	50.0000	10.0000	0.538664160
310.0000	50.0000	10.0000	0.544504000
320.0000	50.0000	10.0000	0.402103130
330.0000	50.0000	10.0000	0.605933850
340.0000	50.0000	10.0000	0.982928630
350.0000	50.0000	10.0000	0.589934200
360.0000	50.0000	10.0000	1.000000000
0.0000	60.0000	10.0000	0.599400100
10.0000	60.0000	10.0000	0.356727540
20.0000	60.0000	10.0000	0.413593860
30.0000	60.0000	10.0000	0.577665200
40.0000	60.0000	10.0000	0.488507480
50.0000	60.0000	10.0000	0.568573650
60.0000	60.0000	10.0000	0.292433650
70.0000	60.0000	10.0000	0.445203840
80.0000	60.0000	10.0000	0.900831160
90.0000	60.0000	10.0000	0.384524640
100.0000	60.0000	10.0000	0.258792500
110.0000	60.0000	10.0000	0.558217600
120.0000	60.0000	10.0000	0.523391800
130.0000	60.0000	10.0000	0.302622560
140.0000	60.0000	10.0000	0.315381970
150.0000	60.0000	10.0000	0.340175330
160.0000	60.0000	10.0000	0.419635700
170.0000	60.0000	10.0000	1.050144600
180.0000	60.0000	10.0000	1.177564600
190.0000	60.0000	10.0000	0.463324730
200.0000	60.0000	10.0000	0.259358230
210.0000	60.0000	10.0000	0.594204070
220.0000	60.0000	10.0000	0.959088100
230.0000	60.0000	10.0000	1.251342400
240.0000	60.0000	10.0000	0.896564660
250.0000	60.0000	10.0000	1.455392600
260.0000	60.0000	10.0000	1.215325200
270.0000	60.0000	10.0000	0.669189200
280.0000	60.0000	10.0000	0.529024600
290.0000	60.0000	10.0000	0.333185260
300.0000	60.0000	10.0000	0.221027050
310.0000	60.0000	10.0000	0.216486810
320.0000	60.0000	10.0000	0.298910680
330.0000	60.0000	10.0000	0.387085880
340.0000	60.0000	10.0000	0.723376100
350.0000	60.0000	10.0000	1.761303300
360.0000	60.0000	10.0000	1.000000000
0.0000	70.0000	10.0000	1.184272000
10.0000	70.0000	10.0000	0.700126700
20.0000	70.0000	10.0000	0.416954130
30.0000	70.0000	10.0000	0.415303300
40.0000	70.0000	10.0000	0.456911200
50.0000	70.0000	10.0000	0.618537300
60.0000	70.0000	10.0000	0.571450230
70.0000	70.0000	10.0000	0.544139600
80.0000	70.0000	10.0000	0.207161320
90.0000	70.0000	10.0000	0.114647900
100.0000	70.0000	10.0000	0.210967750
110.0000	70.0000	10.0000	0.439479100
120.0000	70.0000	10.0000	0.390768560
130.0000	70.0000	10.0000	0.251886300
140.0000	70.0000	10.0000	0.216255320
150.0000	70.0000	10.0000	0.359217100
160.0000	70.0000	10.0000	0.866380300
170.0000	70.0000	10.0000	1.038370800
180.0000	70.0000	10.0000	0.804649000
190.0000	70.0000	10.0000	0.968300760
200.0000	70.0000	10.0000	0.763071300
210.0000	70.0000	10.0000	0.681519800
220.0000	70.0000	10.0000	0.651316800
230.0000	70.0000	10.0000	0.524387360
240.0000	70.0000	10.0000	0.342691800
250.0000	70.0000	10.0000	0.560397200
260.0000	70.0000	10.0000	0.512914600
270.0000	70.0000	10.0000	0.360267430
280.0000	70.0000	10.0000	0.328393640
290.0000	70.0000	10.0000	0.289669420
300.0000	70.0000	10.0000	0.279882400
310.0000	70.0000	10.0000	0.236035420
320.0000	70.0000	10.0000	0.330055680
330.0000	70.0000	10.0000	0.490998150
340.0000	70.0000	10.0000	0.795752170
350.0000	70.0000	10.0000	1.907545800
360.0000	70.0000	10.0000	1.000000000
0.0000	80.0000	10.0000	0.200383160
10.0000	80.0000	10.0000	0.368105100
20.0000	80.0000	10.0000	0.797285900
30.0000	80.0000	10.0000	0.469545000
40.0000	80.0000	10.0000	0.492541970
50.0000	80.0000	10.0000	0.383949430
60.0000	80.0000	10.0000	0.361098440
70.0000	80.0000	10.0000	0.406736250
80.0000	80.0000	10.0000	0.351943940
90.0000	80.0000	10.0000	0.327351330
100.0000	80.0000	10.0000	0.377781120
110.0000	80.0000	10.0000	0.463338800
120.0000	80.0000	10.0000	0.365861860
130.0000	80.0000	10.0000	0.293911840
140.0000	80.0000	10.0000	0.417415560
150.0000	80.0000	10.0000	0.788042250
160.0000	80.0000	10.0000	1.994915000
170.0000	80.0000	10.0000	2.735533500
180.0000	80.0000	10.0000	2.769052300
190.0000	80.0000	10.0000	3.302274500
200.0000	80.0000	10.0000	1.915998200
210.0000	80.0000	10.0000	1.278880600
220.0000	80.0000	10.0000	0.560504260
230.0000	80.0000	10.0000	0.230807040
240.0000	80.0000	10.0000	0.280001640
250.0000	80.0000	10.0000	0.435833500
260.0000	80.0000	10.0000	0.361137420
270.0000	80.0000	10.0000	0.418412450
280.0000	80.0000	10.0000	0.578390200
290.0000	80.0000	10.0000	0.658340600
300.0000	80.0000	10.0000	0.319549620
310.0000	80.0000	10.0000	0.384919080
320.0000	80.0000	10.0000	0.578359700
330.0000	80.0000	10.0000	0.712431200
340.0000	80.0000	10.0000	0.911650200
350.0000	80.0000	10.0000	1.630073500
360.0000	80.0000	10.0000	1.000000000
0.0000	90.0000	10.0000	4.666908300
10.0000	90.0000	10.0000	1.821207000
20.0000	90.0000	10.0000	2.018830300
30.0000	90.0000	10.0000	0.606744350
40.0000	90.0000	10.0000	0.567062700
50.0000	90.0000	10.0000	0.259606630
60.0000	90.0000	10.0000	0.148162950
70.0000	90.0000	10.0000	0.298812120
80.0000	90.0000	10.0000	0.481062200
90.0000	90.0000	10.0000	0.707229000
100.0000	90.0000	10.0000	0.478486360
110.0000	90.0000	10.0000	0.913738130
120.0000	90.0000	10.0000	0.522888960
130.0000	90.0000	10.0000	0.361257730
140.0000	90.0000	10.0000	0.752122640
150.0000	90.0000	10.0000	1.744944900
160.0000	90.0000	10.0000	4.396037600
170.0000	90.0000	10.0000	4.612478300
180.0000	90.0000	10.0000	4.801104000
190.0000	90.0000	10.0000	4.934880300
200.0000	90.0000	10.0000	1.879269400
210.0000	90.0000	10.0000	1.886469000
220.0000	90.0000	10.0000	0.647847060
230.0000	90.0000	10.0000	0.212573170
240.0000	90.0000	10.0000	0.372582260
250.0000	90.0000	10.0000	0.463644700
260.0000	90.0000	10.0000	0.519356200
270.0000	90.0000	10.0000	0.564650300
280.0000	90.0000	10.0000	0.742657200
290.0000	90.0000	10.0000	1.718556600
300.0000	90.0000	10.0000	0.367709600
310.0000	90.0000	10.0000	0.479936900
320.0000	90.0000	10.0000	0.935622160
330.0000	90.0000	10.0000	0.923263100
340.0000	90.0000	10.0000	1.435911800
350.0000	90.0000	10.0000	2.913191600
360.0000	90.0000	10.0000	1.000000000
0.0000	0.0000	20.0000	1.000000000
10.0000	0.0000	20.0000	1.000000000
20.0000	0.0000	20.0000	1.000000000
30.0000	0.0000	20.0000	1.000000000
40.0000	0.0000	20.0000	1.000000000
50.0000	0.0000	20.0000	1.000000000
60.0000	0.0000	20.0000	1.000000000
70.0000	0.0000	20.0000	1.000000000
80.0000	0.0000	20.0000	1.000000000
90.0000	0.0000	20.0000	1.000000000
100.0000	0.0000	20.0000	1.000000000
110.0000	0.0000	20.0000	1.000000000
120.0000	0.0000	20.0000	1.000000000
130.0000	0.0000	20.0000	1.000000000
140.0000	0.0000	20.0000	1.000000000
150.0000	0.0000	20.0000	1.000000000
160.0000	0.0000	20.0000	1.000000000
170.0000	0.0000	20.0000	1.000000000
180.0000	0.0000	20.0000	1.000000000
190.0000	0.0000	20.0000	1.000000000
200.0000	0.0000	20.0000	1.000000000
210.0000	0.0000	20.0000	1.000000000
220.0000	0.0000	20.0000	1.000000000
230.0000	0.0000	20.0000	1.000000000
240.0000	0.0000	20.0000	1.000000000
250.0000	0.0000	20.0000	1.000000000
260.0000	0.0000	20.0000	1.000000000
270.0000	0.0000	20.0000	1.000000000
280.0000	0.0000	20.0000	1.000000000
290.0000	0.0000	20.0000	1.000000000
300.0000	0.0000	20.0000	1.000000000
310.0000	0.0000	20.0000	1.000000000
320.0000	0.0000	20.0000	1.000000000
330.0000	0.0000	20.0000	1.000000000
340.0000	0.0000	20.0000	1.000000000
350.0000	0.0000	20.0000	1.000000000
360.0000	0.0000	20.0000	1.000000000
0.0000	10.0000	20.0000	0.681616800
10.0000	10.0000	20.0000	0.529884160
20.0000	10.0000	20.0000	3.120367300
30.0000	10.0000	20.0000	0.238246660
40.0000	10.0000	20.0000	0.393865500
50.0000	10.0000	20.0000	1.541767700
60.0000	10.0000	20.0000	0.741446400
70.0000	10.0000	20.0000	0.169676420
80.0000	10.0000	20.0000	0.543098900
90.0000	10.0000	20.0000	1.012776700
100.0000	10.0000	20.0000	0.850724900
110.0000	10.0000	20.0000	0.846878400
120.0000	10.0000	20.0000	0.203327060
130.0000	10.0000	20.0000	0.067995000
140.0000	10.0000	20.0000	0.228600740
150.0000	10.0000	20.0000	0.211274890
160.0000	10.0000	20.0000	1.627884600
170.0000	10.0000	20.0000	4.232991000
180.0000	10.0000	20.0000	1.191066600
190.0000	10.0000	20.0000	1.172757100
200.0000	10.0000	20.0000	3.167702200
210.0000	10.0000	20.0000	0.452041700
220.0000	10.0000	20.0000	0.385449770
230.0000	10.0000	20.0000	0.615640600
240.0000	10.0000	20.0000	0.707020400
250.0000	10.0000	20.0000	0.376753240
260.0000	10.0000	20.0000	0.173444300
270.0000	10.0000	20.0000	0.413458050
280.0000	10.0000	20.0000	1.189666000
290.0000	10.0000	20.0000	1.798931200
300.0000	10.0000	20.0000	0.345765300
310.0000	10.0000	20.0000	0.104160240
320.0000	10.0000	20.0000	0.280294200
330.0000	10.0000	20.0000	0.363842730
340.0000	10.0000	20.0000	2.955823700
350.0000	10.0000	20.0000	6.630051000
360.0000	10.0000	20.0000	1.000000000
0.0000	20.0000	20.0000	1.946938800
10.0000	20.0000	20.0000	1.339154200
20.0000	20.0000	20.0000	0.622303200
30.0000	20.0000	20.0000	0.395515300
40.0000	20.0000	20.0000	0.632667200
50.0000	20.0000	20.0000	1.410340400
60.0000	20.0000	20.0000	0.661782800
70.0000	20.0000	20.0000	0.256939320
80.0000	20.0000	20.0000	0.386448530
90.0000	20.0000	20.0000	1.076238400
100.0000	20.0000	20.0000	2.366258400
110.0000	20.0000	20.0000	1.933107900
120.0000	20.0000	20.0000	0.368804660
130.0000	20.0000	20.0000	0.091320590
140.0000	20.0000	20.0000	0.145903140
150.0000	20.0000	20.0000	0.329427750
160.0000	20.0000	20.0000	0.792081300
170.0000	20.0000	20.0000	1.415380700
180.0000	20.0000	20.0000	0.540631950
190.0000	20.0000	20.0000	0.973746100
200.0000	20.0000	20.0000	0.897370500
210.0000	20.0000	20.0000	0.389607370
220.0000	20.0000	20.0000	0.618403140
230.0000	20.0000	20.0000	1.500619200
240.0000	20.0000	20.0000	1.011399700
250.0000	20.0000	20.0000	0.722131970
260.0000	20.0000	20.0000	0.405733900
270.0000	20.0000	20.0000	0.556966960
280.0000	20.0000	20.0000	1.583548500
290.0000	20.0000	20.0000	1.178140500
300.0000	20.0000	20.0000	0.405029900
310.0000	20.0000	20.0000	0.166624900
320.0000	20.0000	20.0000	0.137660060
330.0000	20.0000	20.0000	0.169291850
340.0000	20.0000	20.0000	0.811038200
350.0000	20.0000	20.0000	1.056998600
360.0000	20.0000	20.0000	1.000000000
0.0000	30.0000	20.0000	0.872414770
10.0000	30.0000	20.0000	0.633824300
20.0000	30.0000	20.0000	0.314064920
30.0000	30.0000	20.0000	0.640249300
40.0000	30.0000	20.0000	0.879564340
50.0000	30.0000	20.0000	0.502676900
60.0000	30.0000	20.0000	0.324082260
70.0000	30.0000	20.0000	0.455339130
80.0000	30.0000	20.0000	0.553171630
90.0000	30.0000	20.0000	0.617092130
100.0000	30.0000	20.0000	1.139614200
110.0000	30.0000	20.0000	1.229602000
120.0000	30.0000	20.0000	0.749694500
130.0000	30.0000	20.0000	0.422340420
140.0000	30.0000	20.0000	0.486176850
150.0000	30.0000	20.0000	1.621785500
160.0000	30.0000	20.0000	2.800447500
170.0000	30.0000	20.0000	2.703373000
180.0000	30.0000	20.0000	1.109547300
190.0000	30.0000	20.0000	0.427580240
200.0000	30.0000	20.0000	0.345001040
210.0000	30.0000	20.0000	0.598709400
220.0000	30.0000	20.0000	1.617492200
230.0000	30.0000	20.0000	1.325158800
240.0000	30.0000	20.0000	1.042509300
250.0000	30.0000	20.0000	0.885617900
260.0000	30.0000	20.0000	0.736712630
270.0000	30.0000	20.0000	0.593479500
280.0000	30.0000	20.0000	0.821867600
290.0000	30.0000	20.0000	1.264256000
300.0000	30.0000	20.0000	0.708040830
310.0000	30.0000	20.0000	0.374346440
320.0000	30.0000	20.0000	0.256175300
330.0000	30.0000	20.0000	0.238918770
340.0000	30.0000	20.0000	0.251337470
350.0000	30.0000	20.0000	0.956288900
360.0000	30.0000	20.0000	1.000000000
0.0000	40.0000	20.0000	0.180721150
10.0000	40.0000	20.0000	0.175244000
20.0000	40.0000	20.0000	0.238868100
30.0000	40.0000	20.0000	0.755661400
40.0000	40.0000	20.0000	1.287069000
50.0000	40.0000	20.0000	0.510684000
60.0000	40.0000	20.0000	0.236854240
70.0000	40.0000	20.0000	0.393603240
80.0000	40.0000	20.0000	0.350573270
90.0000	40.0000	20.0000	0.414283900
100.0000	40.0000	20.0000	0.799606200
110.0000	40.0000	20.0000	0.710828840
120.0000	40.0000	20.0000	0.695077800
130.0000	40.0000	20.0000	0.784763100
140.0000	40.0000	20.0000	0.559850500
150.0000	40.0000	20.0000	1.095564600
160.0000	40.0000	20.0000	1.483666400
170.0000	40.0000	20.0000	0.813429360
180.0000	40.0000	20.0000	0.865717050
190.0000	40.0000	20.0000	0.522377430
200.0000	40.0000	20.0000	0.400873300
210.0000	40.0000	20.0000	1.353013300
220.0000	40.0000	20.0000	2.460300200
230.0000	40.0000	20.0000	1.210012000
240.0000	40.0000	20.0000	0.751529900
250.0000	40.0000	20.0000	0.724714640
260.0000	40.0000	20.0000	0.546451150
270.0000	40.0000	20.0000	0.530968370
280.0000	40.0000	20.0000	0.646136100
290.0000	40.0000	20.0000	1.306417300
300.0000	40.0000	20.0000	0.842284300
310.0000	40.0000	20.0000	0.875522000
320.0000	40.0000	20.0000	0.602586270
330.0000	40.0000	20.0000	0.620931700
340.0000	40.0000	20.0000	0.916012640
350.0000	40.0000	20.0000	1.184171300
360.0000	40.0000	20.0000	1.000000000
0.0000	50.0000	20.0000	1.032982800
10.0000	50.0000	20.0000	0.618778470
20.0000	50.0000	20.0000	0.484177200
30.0000	50.0000	20.0000	0.911531000
40.0000	50.0000	20.0000	1.717091800
50.0000	50.0000	20.0000	1.370029400
60.0000	50.0000	20.0000	0.839151860
70.0000	50.0000	20.0000	0.637876700
80.0000	50.0000	20.0000	0.660100400
90.0000	50.0000	20.0000	0.732620700
100.0000	50.0000	20.0000	0.811952900
110.0000	50.0000	20.0000	0.688554700
120.0000	50.0000	20.0000	0.443502370
130.0000	50.0000	20.0000	0.561570900
140.0000	50.0000	20.0000	0.496977200
150.0000	50.0000	20.0000	0.557766900
160.0000	50.0000	20.0000	0.437361870
170.0000	50.0000	20.0000	0.817708000
180.0000	50.0000	20.0000	0.875616200
190.0000	50.0000	20.0000	0.513557260
200.0000	50.0000	20.0000	0.736476500
210.0000	50.0000	20.0000	1.741818500
220.0000	50.0000	20.0000	1.782429800
230.0000	50.0000	20.0000	0.935548600
240.0000	50.0000	20.0000	0.847730600
250.0000	50.0000	20.0000	0.747379300
260.0000	50.0000	20.0000	0.486512450
270.0000	50.0000	20.0000	0.481828100
280.0000	50.0000	20.0000	0.806090350
290.0000	50.0000	20.0000	0.768314360
300.0000	50.0000	20.0000	0.878964300
310.0000	50.0000	20.0000	0.506086350
320.0000	50.0000	20.0000	0.458063160
330.0000	50.0000	20.0000	0.747486400
340.0000	50.0000	20.0000	0.735305200
350.0000	50.0000	20.0000	0.999212150
360.0000	50.0000	20.0000	1.000000000
0.0000	60.0000	20.0000	0.430114660
10.0000	60.0000	20.0000	0.325494530
20.0000	60.0000	20.0000	0.610534800
30.0000	60.0000	20.0000	0.592541800
40.0000	60.0000	20.0000	0.786847950
50.0000	60.0000	20.0000	1.252523100
60.0000	60.0000	20.0000	0.831409700
70.0000	60.0000	20.0000	1.806162200
80.0000	60.0000	20.0000	1.415629100
90.0000	60.0000	20.0000	0.249284920
100.0000	60.0000	20.0000	0.212303190
110.0000	60.0000	20.0000	0.317460000
120.0000	60.0000	20.0000	0.285505740
130.0000	60.0000	20.0000	0.446753380
140.0000	60.0000	20.0000	0.810144070
150.0000	60.0000	20.0000	1.057051700
160.0000	60.0000	20.0000	0.988128100
170.0000	60.0000	20.0000	2.263401000
180.0000	60.0000	20.0000	1.070118700
190.0000	60.0000	20.0000	0.546591200
200.0000	60.0000	20.0000	0.881758200
210.0000	60.0000	20.0000	1.076450600
220.0000	60.0000	20.0000	1.632003100
230.0000	60.0000	20.0000	1.660798700
240.0000	60.0000	20.0000	0.989077150
250.0000	60.0000	20.0000	1.243534400
260.0000	60.0000	20.0000	0.915196540
270.0000	60.0000	20.0000	0.440388140
280.0000	60.0000	20.0000	0.289523420
290.0000	60.0000	20.0000	0.310280350
300.0000	60.0000	20.0000	0.436665600
310.0000	60.0000	20.0000	0.295599600
320.0000	60.0000	20.0000	0.521340800
330.0000	60.0000	20.0000	0.863834800
340.0000	60.0000	20.0000	0.768924650
350.0000	60.0000	20.0000	1.426129500
360.0000	60.0000	20.0000	1.000000000
0.0000	70.0000	20.0000	0.749598700
10.0000	70.0000	20.0000	0.449083400
20.0000	70.0000	20.0000	0.539141900
30.0000	70.0000	20.0000	0.608000460
40.0000	70.0000	20.0000	0.665009860
50.0000	70.0000	20.0000	0.904798570
60.0000	70.0000	20.0000	0.623286400
70.0000	70.0000	20.0000	1.489697200
80.0000	70.0000	20.0000	0.575732600
90.0000	70.0000	20.0000	0.080293790
100.0000	70.0000	20.0000	0.078577860
110.0000	70.0000	20.0000	0.151712540
120.0000	70.0000	20.0000	0.210770470
130.0000	70.0000	20.0000	0.320374250
140.0000	70.0000	20.0000	0.669146900
150.0000	70.0000	20.0000	1.258855200
160.0000	70.0000	20.0000	2.573169000
170.0000	70.0000	20.0000	3.614649500
180.0000	70.0000	20.0000	1.033114200
190.0000	70.0000	20.0000	0.956484600
200.0000	70.0000	20.0000	1.250932700
210.0000	70.0000	20.0000	0.853164000
220.0000	70.0000	20.0000	1.105366500
230.0000	70.0000	20.0000	1.006403100
240.0000	70.0000	20.0000	0.377179000
250.0000	70.0000	20.0000	0.646645000
260.0000	70.0000	20.0000	0.448802740
270.0000	70.0000	20.0000	0.205111240
280.0000	70.0000	20.0000	0.145586210
290.0000	70.0000	20.0000	0.181814040
300.0000	70.0000	20.0000	0.513905100
310.0000	70.0000	20.0000	0.904094930
320.0000	70.0000	20.0000	1.148948600
330.0000	70.0000	20.0000	1.156599800
340.0000	70.0000	20.0000	1.382908900
350.0000	70.0000	20.0000	3.149527000
360.0000	70.0000	20.0000	1.000000000
0.0000	80.0000	20.0000	0.285036900
10.0000	80.0000	20.0000	0.414539800
20.0000	80.0000	20.0000	1.115518500
30.0000	80.0000	20.0000	0.743820000
40.0000	80.0000	20.0000	0.679649400
50.0000	80.0000	20.0000	0.394538520
60.0000	80.0000	20.0000	0.232159900
70.0000	80.0000	20.0000	0.367328820
80.0000	80.0000	20.0000	0.592248800
90.0000	80.0000	20.0000	0.317716900
100.0000	80.0000	20.0000	0.251868800
110.0000	80.0000	20.0000	0.459839850
120.0000	80.0000	20.0000	0.547215000
130.0000	80.0000	20.0000	0.454969670
140.0000	80.0000	20.0000	0.507898700
150.0000	80.0000	20.0000	0.752248170
160.0000	80.0000	20.0000	3.078459300
170.0000	80.0000	20.0000	9.006448000
180.0000	80.0000	20.0000	5.957216300
190.0000	80.0000	20.0000	5.882309400
200.0000	80.0000	20.0000	2.767277500
210.0000	80.0000	20.0000	1.043191600
220.0000	80.0000	20.0000	0.649778800
230.0000	80.0000	20.0000	0.426151780
240.0000	80.0000	20.0000	0.232844800
250.0000	80.0000	20.0000	0.480834570
260.0000	80.0000	20.0000	0.314250650
270.0000	80.0000	20.0000	0.278367970
280.0000	80.0000	20.0000	0.422771660
290.0000	80.0000	20.0000	0.719334600
300.0000	80.0000	20.0000	0.549045500
310.0000	80.0000	20.0000	0.605700970
320.0000	80.0000	20.0000	0.644521500
330.0000	80.0000	20.0000	0.870292100
340.0000	80.0000	20.0000	1.657314500
350.0000	80.0000	20.0000	4.702408000
360.0000	80.0000	20.0000	1.000000000
0.0000	90.0000	20.0000	4.587571600
10.0000	90.0000	20.0000	2.258100500
20.0000	90.0000	20.0000	3.269024100
30.0000	90.0000	20.0000	0.574938500
40.0000	90.0000	20.0000	0.563646550
50.0000	90.0000	20.0000	0.160471050
60.0000	90.0000	20.0000	0.109783650
70.0000	90.0000	20.0000	0.305551700
80.0000	90.0000	20.0000	0.812139300
90.0000	90.0000	20.0000	0.564451930
100.0000	90.0000	20.0000	0.482853920
110.0000	90.0000	20.0000	1.086238500
120.0000	90.0000	20.0000	1.003465300
130.0000	90.0000	20.0000	0.655105600
140.0000	90.0000	20.0000	0.666062240
150.0000	90.0000	20.0000	0.993962940
160.0000	90.0000	20.0000	5.146455000
170.0000	90.0000	20.0000	13.252324000
180.0000	90.0000	20.0000	12.869565000
190.0000	90.0000	20.0000	14.858944000
200.0000	90.0000	20.0000	3.135974400
210.0000	90.0000	20.0000	0.855071700
220.0000	90.0000	20.0000	0.589103340
230.0000	90.0000	20.0000	0.424127220
240.0000	90.0000	20.0000	0.425006570
250.0000	90.0000	20.0000	0.813534600
260.0000	90.0000	20.0000	0.464035840
270.0000	90.0000	20.0000	0.430251930
280.0000	90.0000	20.0000	0.851549600
290.0000	90.0000	20.0000	2.043311600
300.0000	90.0000	20.0000	0.478062570
310.0000	90.0000	20.0000	0.311769000
320.0000	90.0000	20.0000	0.392306920
330.0000	90.0000	20.0000	0.752343830
340.0000	90.0000	20.0000	1.904481000
350.0000	90.0000	20.0000	5.030194800
360.0000	90.0000	20.0000	1.000000000
0.0000	0.0000	30.0000	1.000000000
10.0000	0.0000	30.0000	1.000000000
20.0000	0.0000	30.0000	1.000000000
30.0000	0.0000	30.0000	1.000000000
40.0000	0.0000	30.0000	1.000000000
50.0000	0.0000	30.0000	1.000000000
60.0000	0.0000	30.0000	1.000000000
70.0000	0.0000	30.0000	1.000000000
80.0000	0.0000	30.0000	1.000000000
90.0000	0.0000	30.0000	1.000000000
100.0000	0.0000	30.0000	1.000000000
110.0000	0.0000	30.0000	1.000000000
120.0000	0.0000	30.0000	1.000000000
130.0000	0.0000	30.0000	1.000000000
140.0000	0.0000	30.0000	1.000000000
150.0000	0.0000	30.0000	1.000000000
160.0000	0.0000	30.0000	1.000000000
170.0000	0.0000	30.0000	1.000000000
180.0000	0.0000	30.0000	1.000000000
190.0000	0.0000	30.0000	1.000000000
200.0000	0.0000	30.0000	1.000000000
210.0000	0.0000	30.0000	1.000000000
220.0000	0.0000	30.0000	1.000000000
230.0000	0.0000	30.0000	1.000000000
240.0000	0.0000	30.0000	1.000000000
250.0000	0.0000	30.0000	1.000000000
260.0000	0.0000	30.0000	1.000000000
270.0000	0.0000	30.0000	1.000000000
280.0000	0.0000	30.0000	1.000000000
290.0000	0.0000	30.0000	1.000000000
300.0000	0.0000	30.0000	1.000000000
310.0000	0.0000	30.0000	1.000000000
320.0000	0.0000	30.0000	1.000000000
330.0000	0.0000	30.0000	1.000000000
340.0000	0.0000	30.0000	1.000000000
350.0000	0.0000	30.0000	1.000000000
360.0000	0.0000	30.0000	1.000000000
0.0000	10.0000	30.0000	0.498886000
10.0000	10.0000	30.0000	0.590548630
20.0000	10.0000	30.0000	4.684174000
30.0000	10.0000	30.0000	0.281102870
40.0000	10.0000	30.0000	0.711179140
50.0000	10.0000	30.0000	0.230734990
60.0000	10.0000	30.0000	0.101025224
70.0000	10.0000	30.0000	0.344474730
80.0000	10.0000	30.0000	0.949443460
90.0000	10.0000	30.0000	0.520902300
100.0000	10.0000	30.0000	0.961362600
110.0000	10.0000	30.0000	0.837585300
120.0000	10.0000	30.0000	0.104968004
130.0000	10.0000	30.0000	0.143980200
140.0000	10.0000	30.0000	0.480909440
150.0000	10.0000	30.0000	0.182972420
160.0000	10.0000	30.0000	1.690374700
170.0000	10.0000	30.0000	1.969756400
180.0000	10.0000	30.0000	0.714643360
190.0000	10.0000	30.0000	2.652139700
200.0000	10.0000	30.0000	5.544479400
210.0000	10.0000	30.0000	0.160037100
220.0000	10.0000	30.0000	0.536619900
230.0000	10.0000	30.0000	0.160422970
240.0000	10.0000	30.0000	0.153762980
250.0000	10.0000	30.0000	0.861429600
260.0000	10.0000	30.0000	0.618412000
270.0000	10.0000	30.0000	0.346804100
280.0000	10.0000	30.0000	0.666778300
290.0000	10.0000	30.0000	0.971907560
300.0000	10.0000	30.0000	0.118299890
310.0000	10.0000	30.0000	0.123167460
320.0000	10.0000	30.0000	0.623078800
330.0000	10.0000	30.0000	0.322553630
340.0000	10.0000	30.0000	3.460121600
350.0000	10.0000	30.0000	5.366839000
360.0000	10.0000	30.0000	1.000000000
0.0000	20.0000	30.0000	1.374831300
10.0000	20.0000	30.0000	1.759341700
20.0000	20.0000	30.0000	1.294287300
30.0000	20.0000	30.0000	0.865602400
40.0000	20.0000	30.0000	1.042530500
50.0000	20.0000	30.0000	0.624302400
60.0000	20.0000	30.0000	0.738208530
70.0000	20.0000	30.0000	1.151558300
80.0000	20.0000	30.0000	3.145177600
90.0000	20.0000	30.0000	3.721683000
100.0000	20.0000	30.0000	3.339137000
110.0000	20.0000	30.0000	1.837369600
120.0000	20.0000	30.0000	0.640360000
130.0000	20.0000	30.0000	0.521065650
140.0000	20.0000	30.0000	0.876852150
150.0000	20.0000	30.0000	0.524291800
160.0000	20.0000	30.0000	0.747249250
170.0000	20.0000	30.0000	1.086517500
180.0000	20.0000	30.0000	0.603495960
190.0000	20.0000	30.0000	2.293747200
200.0000	20.0000	30.0000	1.662838300
210.0000	20.0000	30.0000	0.514406000
220.0000	20.0000	30.0000	0.655422500
230.0000	20.0000	30.0000	0.377918000
240.0000	20.0000	30.0000	0.501360700
250.0000	20.0000	30.0000	1.166510300
260.0000	20.0000	30.0000	1.664184200
270.0000	20.0000	30.0000	1.356170900
280.0000	20.0000	30.0000	1.462977200
290.0000	20.0000	30.0000	1.583916100
300.0000	20.0000	30.0000	0.507482800
310.0000	20.0000	30.0000	0.315172580
320.0000	20.0000	30.0000	0.551244740
330.0000	20.0000	30.0000	0.405351200
340.0000	20.0000	30.0000	1.382022300
350.0000	20.0000	30.0000	1.110453500
360.0000	20.0000	30.0000	1.000000000
0.0000	30.0000	30.0000	1.123646300
10.0000	30.0000	30.0000	1.601374000
20.0000	30.0000	30.0000	1.136627100
30.0000	30.0000	30.0000	0.855307500
40.0000	30.0000	30.0000	0.601064200
50.0000	30.0000	30.0000	0.336911300
60.0000	30.0000	30.0000	0.531093400
70.0000	30.0000	30.0000	0.672138330
80.0000	30.0000	30.0000	1.536799900
90.0000	30.0000	30.0000	2.512997400
100.0000	30.0000	30.0000	2.030069000
110.0000	30.0000	30.0000	1.099114900
120.0000	30.0000	30.0000	0.596700970
130.0000	30.0000	30.0000	0.408151030
140.0000	30.0000	30.0000	1.389974000
150.0000	30.0000	30.0000	2.087405700
160.0000	30.0000	30.0000	1.663568600
170.0000	30.0000	30.0000	1.585917000
180.0000	30.0000	30.0000	0.869222200
190.0000	30.0000	30.0000	0.882861800
200.0000	30.0000	30.0000	0.953053950
210.0000	30.0000	30.0000	1.894233000
220.0000	30.0000	30.0000	1.771964300
230.0000	30.0000	30.0000	0.476168500
240.0000	30.0000	30.0000	0.619836700
250.0000	30.0000	30.0000	0.923834740
260.0000	30.0000	30.0000	1.563208000
270.0000	30.0000	30.0000	1.814332800
280.0000	30.0000	30.0000	2.045968300
290.0000	30.0000	30.0000	2.279672600
300.0000	30.0000	30.0000	0.587827100
310.0000	30.0000	30.0000	0.169732290
320.0000	30.0000	30.0000	0.381268170
330.0000	30.0000	30.0000	0.554250300
340.0000	30.0000	30.0000	0.892596000
350.0000	30.0000	30.0000	1.470804700
360.0000	30.0000	30.0000	1.000000000
0.0000	40.0000	30.0000	0.261054720
10.0000	40.0000	30.0000	0.463570920
20.0000	40.0000	30.0000	1.223535500
30.0000	40.0000	30.0000	0.921550700
40.0000	40.0000	30.0000	0.557384250
50.0000	40.0000	30.0000	0.478230830
60.0000	40.0000	30.0000	0.494251100
70.0000	40.0000	30.0000	0.391439800
80.0000	40.0000	30.0000	0.216344490
90.0000	40.0000	30.0000	0.171648200
100.0000	40.0000	30.0000	0.375975640
110.0000	40.0000	30.0000	0.528766450
120.0000	40.0000	30.0000	0.489393860
130.0000	40.0000	30.0000	0.428001550
140.0000	40.0000	30.0000	0.779332340
150.0000	40.0000	30.0000	1.280316100
160.0000	40.0000	30.0000	2.360506000
170.0000	40.0000	30.0000	0.763343100
180.0000	40.0000	30.0000	0.679882600
190.0000	40.0000	30.0000	1.643848800
200.0000	40.0000	30.0000	2.083829200
210.0000	40.0000	30.0000	1.973546000
220.0000	40.0000	30.0000	1.127702800
230.0000	40.0000	30.0000	0.560586330
240.0000	40.0000	30.0000	0.618730200
250.0000	40.0000	30.0000	0.900020660
260.0000	40.0000	30.0000	0.632026000
270.0000	40.0000	30.0000	0.582195100
280.0000	40.0000	30.0000	1.285547600
290.0000	40.0000	30.0000	1.264291200
300.0000	40.0000	30.0000	0.466255900
310.0000	40.0000	30.0000	0.341459630
320.0000	40.0000	30.0000	0.747916300
330.0000	40.0000	30.0000	0.822242000
340.0000	40.0000	30.0000	1.171092000
350.0000	40.0000	30.0000	1.116770500
360.0000	40.0000	30.0000	1.000000000
0.0000	50.0000	30.0000	1.133895400
10.0000	50.0000	30.0000	1.397112000
20.0000	50.0000	30.0000	1.756137300
30.0000	50.0000	30.0000	1.379377200
40.0000	50.0000	30.0000	1.140034200
50.0000	50.0000	30.0000	1.439984000
60.0000	50.0000	30.0000	1.631277100
70.0000	50.0000	30.0000	1.184362800
80.0000	50.0000	30.0000	0.461865960
90.0000	50.0000	30.0000	0.231495140
100.0000	50.0000	30.0000	0.644649860
110.0000	50.0000	30.0000	1.045198200
120.0000	50.0000	30.0000	1.205720200
130.0000	50.0000	30.0000	0.894038800
140.0000	50.0000	30.0000	0.999098660
150.0000	50.0000	30.0000	1.528838800
160.0000	50.0000	30.0000	2.460444000
170.0000	50.0000	30.0000	1.153159900
180.0000	50.0000	30.0000	0.934577400
190.0000	50.0000	30.0000	2.146095500
200.0000	50.0000	30.0000	2.537267700
210.0000	50.0000	30.0000	1.216770900
220.0000	50.0000	30.0000	0.931262700
230.0000	50.0000	30.0000	0.653075700
240.0000	50.0000	30.0000	0.595286000
250.0000	50.0000	30.0000	0.375621800
260.0000	50.0000	30.0000	0.302057740
270.0000	50.0000	30.0000	0.401167930
280.0000	50.0000	30.0000	0.784823360
290.0000	50.0000	30.0000	0.494410870
300.0000	50.0000	30.0000	0.357878740
310.0000	50.0000	30.0000	0.561113360
320.0000	50.0000	30.0000	1.686098100
330.0000	50.0000	30.0000	1.323882700
340.0000	50.0000	30.0000	1.399975800
350.0000	50.0000	30.0000	1.328984700
360.0000	50.0000	30.0000	1.000000000
0.0000	60.0000	30.0000	0.760051900
10.0000	60.0000	30.0000	1.006407300
20.0000	60.0000	30.0000	3.086417400
30.0000	60.0000	30.0000	1.590687800
40.0000	60.0000	30.0000	1.386292000
50.0000	60.0000	30.0000	1.762338000
60.0000	60.0000	30.0000	0.942217800
70.0000	60.0000	30.0000	0.892624440
80.0000	60.0000	30.0000	0.606702000
90.0000	60.0000	30.0000	0.128088120
100.0000	60.0000	30.0000	0.260362150
110.0000	60.0000	30.0000	0.419127170
120.0000	60.0000	30.0000	0.640848160
130.0000	60.0000	30.0000	1.230440400
140.0000	60.0000	30.0000	2.292946800
150.0000	60.0000	30.0000	2.647944000
160.0000	60.0000	30.0000	3.338685800
170.0000	60.0000	30.0000	2.375334000
180.0000	60.0000	30.0000	1.225813900
190.0000	60.0000	30.0000	1.813176400
200.0000	60.0000	30.0000	1.940681100
210.0000	60.0000	30.0000	1.009743600
220.0000	60.0000	30.0000	1.603794200
230.0000	60.0000	30.0000	1.114597100
240.0000	60.0000	30.0000	0.595286400
250.0000	60.0000	30.0000	0.275962050
260.0000	60.0000	30.0000	0.219310760
270.0000	60.0000	30.0000	0.232536580
280.0000	60.0000	30.0000	0.281006000
290.0000	60.0000	30.0000	0.455982920
300.0000	60.0000	30.0000	0.604298700
310.0000	60.0000	30.0000	0.786875070
320.0000	60.0000	30.0000	1.660925300
330.0000	60.0000	30.0000	1.578793300
340.0000	60.0000	30.0000	1.716022000
350.0000	60.0000	30.0000	2.120125300
360.0000	60.0000	30.0000	1.000000000
0.0000	70.0000	30.0000	1.438297700
10.0000	70.0000	30.0000	1.734025600
20.0000	70.0000	30.0000	3.622071300
30.0000	70.0000	30.0000	1.706919600
40.0000	70.0000	30.0000	1.171313600
50.0000	70.0000	30.0000	1.123828500
60.0000	70.0000	30.0000	0.644156460
70.0000	70.0000	30.0000	0.671240150
80.0000	70.0000	30.0000	0.247372520
90.0000	70.0000	30.0000	0.049736258
100.0000	70.0000	30.0000	0.081551485
110.0000	70.0000	30.0000	0.144141810
120.0000	70.0000	30.0000	0.269271300
130.0000	70.0000	30.0000	0.625923200
140.0000	70.0000	30.0000	1.123311200
150.0000	70.0000	30.0000	1.460234000
160.0000	70.0000	30.0000	3.884279700
170.0000	70.0000	30.0000	3.228872800
180.0000	70.0000	30.0000	1.315845600
190.0000	70.0000	30.0000	2.170726000
200.0000	70.0000	30.0000	2.519304500
210.0000	70.0000	30.0000	1.078959700
220.0000	70.0000	30.0000	1.076872200
230.0000	70.0000	30.0000	0.540697600
240.0000	70.0000	30.0000	0.315896800
250.0000	70.0000	30.0000	0.548870400
260.0000	70.0000	30.0000	0.209245490
270.0000	70.0000	30.0000	0.100479834
280.0000	70.0000	30.0000	0.130947140
290.0000	70.0000	30.0000	0.356042100
300.0000	70.0000	30.0000	0.906087000
310.0000	70.0000	30.0000	2.424123800
320.0000	70.0000	30.0000	2.017614000
330.0000	70.0000	30.0000	1.218140600
340.0000	70.0000	30.0000	2.875678000
350.0000	70.0000	30.0000	4.204643000
360.0000	70.0000	30.0000	1.000000000
0.0000	80.0000	30.0000	0.872232000
10.0000	80.0000	30.0000	1.588339900
20.0000	80.0000	30.0000	4.805390000
30.0000	80.0000	30.0000	1.369099100
40.0000	80.0000	30.0000	0.970855100
50.0000	80.0000	30.0000	0.681423800
60.0000	80.0000	30.0000	0.555026500
70.0000	80.0000	30.0000	0.656818570
80.0000	80.0000	30.0000	0.566123840
90.0000	80.0000	30.0000	0.352584540
100.0000	80.0000	30.0000	0.310361530
110.0000	80.0000	30.0000	0.496278580
120.0000	80.0000	30.0000	0.491451600
130.0000	80.0000	30.0000	0.627800640
140.0000	80.0000	30.0000	0.922064540
150.0000	80.0000	30.0000	1.241978900
160.0000	80.0000	30.0000	4.290071000
170.0000	80.0000	30.0000	8.107241000
180.0000	80.0000	30.0000	6.190330000
190.0000	80.0000	30.0000	7.724425000
200.0000	80.0000	30.0000	4.084155000
210.0000	80.0000	30.0000	1.268241300
220.0000	80.0000	30.0000	0.860025700
230.0000	80.0000	30.0000	0.402594900
240.0000	80.0000	30.0000	0.280400130
250.0000	80.0000	30.0000	0.697037700
260.0000	80.0000	30.0000	0.330175300
270.0000	80.0000	30.0000	0.200583710
280.0000	80.0000	30.0000	0.356323060
290.0000	80.0000	30.0000	0.734527100
300.0000	80.0000	30.0000	0.547357140
310.0000	80.0000	30.0000	1.008469500
320.0000	80.0000	30.0000	0.954660060
330.0000	80.0000	30.0000	0.937635960
340.0000	80.0000	30.0000	2.892648500
350.0000	80.0000	30.0000	8.738526000
360.0000	80.0000	30.0000	1.000000000
0.0000	90.0000	30.0000	9.722275000
10.0000	90.0000	30.0000	6.097895000
20.0000	90.0000	30.0000	8.531573000
30.0000	90.0000	30.0000	1.582701600
40.0000	90.0000	30.0000	1.399279700
50.0000	90.0000	30.0000	0.949488800
60.0000	90.0000	30.0000	0.740988400
70.0000	90.0000	30.0000	0.779657200
80.0000	90.0000	30.0000	0.800820650
90.0000	90.0000	30.0000	0.785683930
100.0000	90.0000	30.0000	1.046744600
110.0000	90.0000	30.0000	1.688394300
120.0000	90.0000	30.0000	1.108608500
130.0000	90.0000	30.0000	1.362606900
140.0000	90.0000	30.0000	1.786044100
150.0000	90.0000	30.0000	1.953295600
160.0000	90.0000	30.0000	5.736161000
170.0000	90.0000	30.0000	11.707414000
180.0000	90.0000	30.0000	11.654806000
190.0000	90.0000	30.0000	15.724454000
200.0000	90.0000	30.0000	5.054830600
210.0000	90.0000	30.0000	1.579989000
220.0000	90.0000	30.0000	1.208861800
230.0000	90.0000	30.0000	0.833491560
240.0000	90.0000	30.0000	0.654483800
250.0000	90.0000	30.0000	0.763322200
260.0000	90.0000	30.0000	0.402091150
270.0000	90.0000	30.0000	0.370483070
280.0000	90.0000	30.0000	1.072118800
290.0000	90.0000	30.0000	1.227516300
300.0000	90.0000	30.0000	0.463634640
310.0000	90.0000	30.0000	0.645954300
320.0000	90.0000	30.0000	0.711307600
330.0000	90.0000	30.0000	1.013067200
340.0000	90.0000	30.0000	2.691605600
350.0000	90.0000	30.0000	10.122910000
360.0000	90.0000	30.0000	1.000000000
0.0000	0.0000	40.0000	1.000000000
10.0000	0.0000	40.0000	1.000000000
20.0000	0.0000	40.0000	1.000000000
30.0000	0.0000	40.0000	1.000000000
40.0000	0.0000	40.0000	1.000000000
50.0000	0.0000	40.0000	1.000000000
60.0000	0.0000	40.0000	1.000000000
70.0000	0.0000	40.0000	1.000000000
80.0000	0.0000	40.0000	1.000000000
90.0000	0.0000	40.0000	1.000000000
100.0000	0.0000	40.0000	1.000000000
110.0000	0.0000	40.0000	1.000000000
120.0000	0.0000	40.0000	1.000000000
130.0000	0.0000	40.0000	1.000000000
140.0000	0.0000	40.0000	1.000000000
150.0000	0.0000	40.0000	1.000000000
160.0000	0.0000	40.0000	1.000000000
170.0000	0.0000	40.0000	1.000000000
180.0000	0.0000	40.0000	1.000000000
190.0000	0.0000	40.0000	1.000000000
200.0000	0.0000	40.0000	1.000000000
210.0000	0.0000	40.0000	1.000000000
220.0000	0.0000	40.0000	1.000000000
230.0000	0.0000	40.0000	1.000000000
240.0000	0.0000	40.0000	1.000000000
250.0000	0.0000	40.0000	1.000000000
260.0000	0.0000	40.0000	1.000000000
270.0000	0.0000	40.0000	1.000000000
280.0000	0.0000	40.0000	1.000000000
290.0000	0.0000	40.0000	1.000000000
300.0000	0.0000	40.0000	1.000000000
310.0000	0.0000	40.0000	1.000000000
320.0000	0.0000	40.0000	1.000000000
330.0000	0.0000	40.0000	1.000000000
340.0000	0.0000	40.0000	1.000000000
350.0000	0.0000	40.0000	1.000000000
360.0000	0.0000	40.0000	1.000000000
0.0000	10.0000	40.0000	0.514424740
10.0000	10.0000	40.0000	0.653286930
20.0000	10.0000	40.0000	4.759188700
30.0000	10.0000	40.0000	0.392644550
40.0000	10.0000	40.0000	0.329404440
50.0000	10.0000	40.0000	0.109477040
60.0000	10.0000	40.0000	0.279662900
70.0000	10.0000	40.0000	1.161662900
80.0000	10.0000	40.0000	0.726687430
90.0000	10.0000	40.0000	0.322370920
100.0000	10.0000	40.0000	0.339066030
110.0000	10.0000	40.0000	0.253710030
120.0000	10.0000	40.0000	0.804096160
130.0000	10.0000	40.0000	0.981749530
140.0000	10.0000	40.0000	0.306124480
150.0000	10.0000	40.0000	0.178880300
160.0000	10.0000	40.0000	1.093788600
170.0000	10.0000	40.0000	1.103174700
180.0000	10.0000	40.0000	1.203892100
190.0000	10.0000	40.0000	3.969833000
200.0000	10.0000	40.0000	3.634947500
210.0000	10.0000	40.0000	0.485859870
220.0000	10.0000	40.0000	0.333252130
230.0000	10.0000	40.0000	0.084213280
240.0000	10.0000	40.0000	0.264179600
250.0000	10.0000	40.0000	0.593221600
260.0000	10.0000	40.0000	0.733187600
270.0000	10.0000	40.0000	0.713515100
280.0000	10.0000	40.0000	0.304030600
290.0000	10.0000	40.0000	0.183032660
300.0000	10.0000	40.0000	0.405374260
310.0000	10.0000	40.0000	0.740580800
320.0000	10.0000	40.0000	1.004040700
330.0000	10.0000	40.0000	0.382260200
340.0000	10.0000	40.0000	2.777903000
350.0000	10.0000	40.0000	2.671468500
360.0000	10.0000	40.0000	1.000000000
0.0000	20.0000	40.0000	1.436271100
10.0000	20.0000	40.0000	2.200959000
20.0000	20.0000	40.0000	1.187147500
30.0000	20.0000	40.0000	0.422448700
40.0000	20.0000	40.0000	0.218522410
50.0000	20.0000	40.0000	0.127036450
60.0000	20.0000	40.0000	0.357481660
70.0000	20.0000	40.0000	1.877534600
80.0000	20.0000	40.0000	1.189133400
90.0000	20.0000	40.0000	0.607399800
100.0000	20.0000	40.0000	0.648987530
110.0000	20.0000	40.0000	0.447379770
120.0000	20.0000	40.0000	0.867064600
130.0000	20.0000	40.0000	1.488940200
140.0000	20.0000	40.0000	0.507514000
150.0000	20.0000	40.0000	0.517842230
160.0000	20.0000	40.0000	0.695738430
170.0000	20.0000	40.0000	0.660655740
180.0000	20.0000	40.0000	0.727461300
190.0000	20.0000	40.0000	2.793016200
200.0000	20.0000	40.0000	1.020073400
210.0000	20.0000	40.0000	0.432224420
220.0000	20.0000	40.0000	0.141515500
230.0000	20.0000	40.0000	0.059021610
240.0000	20.0000	40.0000	0.187553610
250.0000	20.0000	40.0000	1.086011400
260.0000	20.0000	40.0000	1.194288400
270.0000	20.0000	40.0000	0.662019300
280.0000	20.0000	40.0000	0.353827120
290.0000	20.0000	40.0000	0.462615000
300.0000	20.0000	40.0000	0.444608480
310.0000	20.0000	40.0000	1.186666700
320.0000	20.0000	40.0000	0.771007100
330.0000	20.0000	40.0000	0.416604550
340.0000	20.0000	40.0000	0.920392450
350.0000	20.0000	40.0000	0.470448580
360.0000	20.0000	40.0000	1.000000000
0.0000	30.0000	40.0000	1.453950800
10.0000	30.0000	40.0000	1.831993900
20.0000	30.0000	40.0000	0.518516000
30.0000	30.0000	40.0000	0.378666160
40.0000	30.0000	40.0000	0.264693560
50.0000	30.0000	40.0000	0.719292800
60.0000	30.0000	40.0000	0.817150950
70.0000	30.0000	40.0000	0.802182700
80.0000	30.0000	40.0000	0.805151500
90.0000	30.0000	40.0000	0.613793800
100.0000	30.0000	40.0000	0.831789000
110.0000	30.0000	40.0000	0.606937170
120.0000	30.0000	40.0000	0.700781600
130.0000	30.0000	40.0000	0.546256840
140.0000	30.0000	40.0000	0.857664200
150.0000	30.0000	40.0000	0.984434370
160.0000	30.0000	40.0000	0.336201160
170.0000	30.0000	40.0000	0.422428340
180.0000	30.0000	40.0000	0.813682850
190.0000	30.0000	40.0000	0.857795830
200.0000	30.0000	40.0000	0.862410600
210.0000	30.0000	40.0000	0.922787900
220.0000	30.0000	40.0000	0.393176700
230.0000	30.0000	40.0000	0.308063900
240.0000	30.0000	40.0000	0.581336500
250.0000	30.0000	40.0000	0.951402000
260.0000	30.0000	40.0000	0.648567440
270.0000	30.0000	40.0000	0.410263840
280.0000	30.0000	40.0000	0.688098850
290.0000	30.0000	40.0000	1.095766200
300.0000	30.0000	40.0000	0.850873950
310.0000	30.0000	40.0000	0.617824850
320.0000	30.0000	40.0000	0.560055730
330.0000	30.0000	40.0000	0.731554150
340.0000	30.0000	40.0000	0.584237640
350.0000	30.0000	40.0000	0.548591730
360.0000	30.0000	40.0000	1.000000000
0.0000	40.0000	40.0000	0.221133140
10.0000	40.0000	40.0000	0.312937020
20.0000	40.0000	40.0000	0.596914650
30.0000	40.0000	40.0000	0.815354200
40.0000	40.0000	40.0000	0.497575300
50.0000	40.0000	40.0000	1.792207400
60.0000	40.0000	40.0000	1.292074700
70.0000	40.0000	40.0000	0.405851100
80.0000	40.0000	40.0000	0.333871040
90.0000	40.0000	40.0000	0.422379970
100.0000	40.0000	40.0000	0.516348100
110.0000	40.0000	40.0000	0.694253270
120.0000	40.0000	40.0000	0.644279060
130.0000	40.0000	40.0000	0.907973650
140.0000	40.0000	40.0000	2.026342600
150.0000	40.0000	40.0000	1.872863500
160.0000	40.0000	40.0000	0.535325050
170.0000	40.0000	40.0000	0.172513350
180.0000	40.0000	40.0000	0.633509400
190.0000	40.0000	40.0000	2.330751400
200.0000	40.0000	40.0000	1.154947000
210.0000	40.0000	40.0000	0.652778270
220.0000	40.0000	40.0000	0.517129540
230.0000	40.0000	40.0000	0.915669860
240.0000	40.0000	40.0000	0.945510400
250.0000	40.0000	40.0000	1.417224800
260.0000	40.0000	40.0000	0.772985100
270.0000	40.0000	40.0000	0.555221260
280.0000	40.0000	40.0000	0.587492700
290.0000	40.0000	40.0000	0.661967400
300.0000	40.0000	40.0000	0.332474560
310.0000	40.0000	40.0000	0.298479380
320.0000	40.0000	40.0000	0.883168040
330.0000	40.0000	40.0000	1.227887000
340.0000	40.0000	40.0000	0.484919880
350.0000	40.0000	40.0000	0.210222200
360.0000	40.0000	40.0000	1.000000000
0.0000	50.0000	40.0000	0.736398160
10.0000	50.0000	40.0000	0.799759700
20.0000	50.0000	40.0000	0.751568560
30.0000	50.0000	40.0000	0.801432850
40.0000	50.0000	40.0000	0.632011400
50.0000	50.0000	40.0000	0.935130800
60.0000	50.0000	40.0000	1.089649200
70.0000	50.0000	40.0000	0.644588950
80.0000	50.0000	40.0000	0.517873350
90.0000	50.0000	40.0000	0.664207460
100.0000	50.0000	40.0000	0.572503270
110.0000	50.0000	40.0000	0.893753950
120.0000	50.0000	40.0000	1.160641300
130.0000	50.0000	40.0000	1.774295300
140.0000	50.0000	40.0000	3.199342000
150.0000	50.0000	40.0000	2.326133700
160.0000	50.0000	40.0000	0.734764340
170.0000	50.0000	40.0000	0.229516400
180.0000	50.0000	40.0000	0.754438340
190.0000	50.0000	40.0000	1.818199800
200.0000	50.0000	40.0000	0.558263660
210.0000	50.0000	40.0000	0.448274700
220.0000	50.0000	40.0000	0.746914900
230.0000	50.0000	40.0000	0.850382750
240.0000	50.0000	40.0000	0.670338450
250.0000	50.0000	40.0000	0.544781860
260.0000	50.0000	40.0000	0.541074100
270.0000	50.0000	40.0000	0.691784740
280.0000	50.0000	40.0000	0.715558800
290.0000	50.0000	40.0000	0.345791640
300.0000	50.0000	40.0000	0.186882670
310.0000	50.0000	40.0000	0.489573500
320.0000	50.0000	40.0000	1.864459400
330.0000	50.0000	40.0000	2.066532400
340.0000	50.0000	40.0000	0.800723800
350.0000	50.0000	40.0000	0.179981320
360.0000	50.0000	40.0000	1.000000000
0.0000	60.0000	40.0000	0.552715540
10.0000	60.0000	40.0000	0.711675640
20.0000	60.0000	40.0000	1.002494000
30.0000	60.0000	40.0000	0.826508000
40.0000	60.0000	40.0000	1.321744300
50.0000	60.0000	40.0000	1.653332500
60.0000	60.0000	40.0000	0.619421960
70.0000	60.0000	40.0000	0.432255150
80.0000	60.0000	40.0000	0.533647800
90.0000	60.0000	40.0000	0.403488130
100.0000	60.0000	40.0000	0.469327900
110.0000	60.0000	40.0000	0.754468140
120.0000	60.0000	40.0000	0.760091700
130.0000	60.0000	40.0000	1.410615800
140.0000	60.0000	40.0000	1.396383900
150.0000	60.0000	40.0000	0.853966900
160.0000	60.0000	40.0000	0.599353800
170.0000	60.0000	40.0000	0.463269230
180.0000	60.0000	40.0000	0.811872300
190.0000	60.0000	40.0000	1.093717700
200.0000	60.0000	40.0000	0.463255170
210.0000	60.0000	40.0000	0.478623450
220.0000	60.0000	40.0000	0.727744400
230.0000	60.0000	40.0000	0.435252730
240.0000	60.0000	40.0000	0.300551120
250.0000	60.0000	40.0000	0.169100820
260.0000	60.0000	40.0000	0.087368086
270.0000	60.0000	40.0000	0.351619400
280.0000	60.0000	40.0000	1.242683900
290.0000	60.0000	40.0000	0.712100570
300.0000	60.0000	40.0000	0.578828630
310.0000	60.0000	40.0000	1.249205200
320.0000	60.0000	40.0000	1.959713700
330.0000	60.0000	40.0000	1.598394000
340.0000	60.0000	40.0000	1.071597300
350.0000	60.0000	40.0000	0.443928780
360.0000	60.0000	40.0000	1.000000000
0.0000	70.0000	40.0000	1.465778800
10.0000	70.0000	40.0000	1.921456800
20.0000	70.0000	40.0000	1.937263700
30.0000	70.0000	40.0000	1.359854200
40.0000	70.0000	40.0000	1.432493100
50.0000	70.0000	40.0000	1.104281100
60.0000	70.0000	40.0000	0.524516940
70.0000	70.0000	40.0000	0.316638950
80.0000	70.0000	40.0000	0.130112890
90.0000	70.0000	40.0000	0.106020320
100.0000	70.0000	40.0000	0.175878750
110.0000	70.0000	40.0000	0.328647400
120.0000	70.0000	40.0000	0.426865040
130.0000	70.0000	40.0000	0.631810670
140.0000	70.0000	40.0000	0.640163900
150.0000	70.0000	40.0000	0.718025500
160.0000	70.0000	40.0000	1.160135000
170.0000	70.0000	40.0000	0.770013800
180.0000	70.0000	40.0000	0.588380600
190.0000	70.0000	40.0000	1.169915400
200.0000	70.0000	40.0000	1.097698000
210.0000	70.0000	40.0000	0.689394000
220.0000	70.0000	40.0000	0.465593040
230.0000	70.0000	40.0000	0.220235300
240.0000	70.0000	40.0000	0.274233300
250.0000	70.0000	40.0000	0.384297730
260.0000	70.0000	40.0000	0.084945110
270.0000	70.0000	40.0000	0.140973850
280.0000	70.0000	40.0000	0.475054770
290.0000	70.0000	40.0000	0.710771200
300.0000	70.0000	40.0000	0.580406700
310.0000	70.0000	40.0000	1.178979400
320.0000	70.0000	40.0000	1.364613200
330.0000	70.0000	40.0000	0.964085100
340.0000	70.0000	40.0000	1.364417400
350.0000	70.0000	40.0000	1.195358400
360.0000	70.0000	40.0000	1.000000000
0.0000	80.0000	40.0000	0.572853450
10.0000	80.0000	40.0000	1.280298000
20.0000	80.0000	40.0000	3.243281100
30.0000	80.0000	40.0000	1.198233100
40.0000	80.0000	40.0000	0.693171700
50.0000	80.0000	40.0000	0.465287950
60.0000	80.0000	40.0000	0.744948200
70.0000	80.0000	40.0000	0.653621100
80.0000	80.0000	40.0000	0.299543500
90.0000	80.0000	40.0000	0.285153930
100.0000	80.0000	40.0000	0.385251850
110.0000	80.0000	40.0000	0.408588400
120.0000	80.0000	40.0000	0.245370880
130.0000	80.0000	40.0000	0.320390820
140.0000	80.0000	40.0000	0.560499500
150.0000	80.0000	40.0000	0.994125000
160.0000	80.0000	40.0000	3.448307800
170.0000	80.0000	40.0000	2.604371000
180.0000	80.0000	40.0000	1.997894000
190.0000	80.0000	40.0000	3.126198500
200.0000	80.0000	40.0000	2.378722000
210.0000	80.0000	40.0000	1.082314500
220.0000	80.0000	40.0000	0.430183170
230.0000	80.0000	40.0000	0.215950830
240.0000	80.0000	40.0000	0.374852900
250.0000	80.0000	40.0000	0.706178900
260.0000	80.0000	40.0000	0.300210360
270.0000	80.0000	40.0000	0.249656470
280.0000	80.0000	40.0000	0.384601560
290.0000	80.0000	40.0000	0.585240800
300.0000	80.0000	40.0000	0.283360450
310.0000	80.0000	40.0000	0.425988940
320.0000	80.0000	40.0000	0.764315960
330.0000	80.0000	40.0000	1.186062200
340.0000	80.0000	40.0000	2.281543500
350.0000	80.0000	40.0000	4.083328700
360.0000	80.0000	40.0000	1.000000000
0.0000	90.0000	40.0000	8.732624000
10.0000	90.0000	40.0000	4.182681600
20.0000	90.0000	40.0000	4.439594000
30.0000	90.0000	40.0000	1.428629600
40.0000	90.0000	40.0000	0.767387150
50.0000	90.0000	40.0000	0.567095400
60.0000	90.0000	40.0000	1.187424400
70.0000	90.0000	40.0000	0.909366670
80.0000	90.0000	40.0000	0.570807800
90.0000	90.0000	40.0000	0.445608620
100.0000	90.0000	40.0000	0.860702930
110.0000	90.0000	40.0000	0.884736400
120.0000	90.0000	40.0000	0.240874170
130.0000	90.0000	40.0000	0.333815780
140.0000	90.0000	40.0000	0.580785800
150.0000	90.0000	40.0000	0.892022430
160.0000	90.0000	40.0000	3.381843000
170.0000	90.0000	40.0000	3.347786000
180.0000	90.0000	40.0000	3.745693200
190.0000	90.0000	40.0000	6.156862000
200.0000	90.0000	40.0000	3.173406400
210.0000	90.0000	40.0000	1.426435100
220.0000	90.0000	40.0000	0.478780480
230.0000	90.0000	40.0000	0.287666050
240.0000	90.0000	40.0000	0.486714070
250.0000	90.0000	40.0000	0.524498340
260.0000	90.0000	40.0000	0.401986240
270.0000	90.0000	40.0000	0.396073820
280.0000	90.0000	40.0000	0.622407300
290.0000	90.0000	40.0000	0.718374850
300.0000	90.0000	40.0000	0.257663250
310.0000	90.0000	40.0000	0.248350230
320.0000	90.0000	40.0000	0.404039560
330.0000	90.0000	40.0000	1.046380200
340.0000	90.0000	40.0000	2.871103300
350.0000	90.0000	40.0000	10.972665000
360.0000	90.0000	40.0000	1.000000000
0.0000	0.0000	50.0000	1.000000000
10.0000	0.0000	50.0000	1.000000000
20.0000	0.0000	50.0000	1.000000000
30.0000	0.0000	50.0000	1.000000000
40.0000	0.0000	50.0000	1.000000000
50.0000	0.0000	50.0000	1.000000000
60.0000	0.0000	50.0000	1.000000000
70.0000	0.0000	50.0000	1.000000000
80.0000	0.0000	50.0000	1.000000000
90.0000	0.0000	50.0000	1.000000000
100.0000	0.0000	50.0000	1.000000000
110.0000	0.0000	50.0000	1.000000000
120.0000	0.0000	50.0000	1.000000000
130.0000	0.0000	50.0000	1.000000000
140.0000	0.0000	50.0000	1.000000000
150.0000	0.0000	50.0000	1.000000000
160.0000	0.0000	50.0000	1.000000000
170.0000	0.0000	50.0000	1.000000000
180.0000	0.0000	50.0000	1.000000000
190.0000	0.0000	50.0000	1.000000000
200.0000	0.0000	50.0000	1.000000000
210.0000	0.0000	50.0000	1.000000000
220.0000	0.0000	50.0000	1.000000000
230.0000	0.0000	50.0000	1.000000000
240.0000	0.0000	50.0000	1.000000000
250.0000	0.0000	50.0000	1.000000000
260.0000	0.0000	50.0000	1.000000000
270.0000	0.0000	50.0000	1.000000000
280.0000	0.0000	50.0000	1.000000000
290.0000	0.0000	50.0000	1.000000000
300.0000	0.0000	50.0000	1.000000000
310.0000	0.0000	50.0000	1.000000000
320.0000	0.0000	50.0000	1.000000000
330.0000	0.0000	50.0000	1.000000000
340.0000	0.0000	50.0000	1.000000000
350.0000	0.0000	50.0000	1.000000000
360.0000	0.0000	50.0000	1.000000000
0.0000	10.0000	50.0000	0.672964930
10.0000	10.0000	50.0000	0.817852440
20.0000	10.0000	50.0000	6.155520400
30.0000	10.0000	50.0000	0.267658350
40.0000	10.0000	50.0000	0.140172050
50.0000	10.0000	50.0000	0.293809200
60.0000	10.0000	50.0000	1.056182000
70.0000	10.0000	50.0000	1.037862500
80.0000	10.0000	50.0000	0.249731050
90.0000	10.0000	50.0000	0.156447950
100.0000	10.0000	50.0000	0.168750380
110.0000	10.0000	50.0000	0.461007570
120.0000	10.0000	50.0000	1.149951600
130.0000	10.0000	50.0000	0.721004600
140.0000	10.0000	50.0000	0.432509200
150.0000	10.0000	50.0000	0.217912540
160.0000	10.0000	50.0000	0.723814800
170.0000	10.0000	50.0000	2.100256000
180.0000	10.0000	50.0000	2.080388000
190.0000	10.0000	50.0000	3.429711300
200.0000	10.0000	50.0000	6.327537000
210.0000	10.0000	50.0000	0.281767500
220.0000	10.0000	50.0000	0.089177450
230.0000	10.0000	50.0000	0.141078000
240.0000	10.0000	50.0000	0.897476900
250.0000	10.0000	50.0000	1.776302700
260.0000	10.0000	50.0000	0.368627040
270.0000	10.0000	50.0000	0.272492320
280.0000	10.0000	50.0000	0.267510120
290.0000	10.0000	50.0000	0.473692630
300.0000	10.0000	50.0000	0.977374000
310.0000	10.0000	50.0000	1.831477800
320.0000	10.0000	50.0000	1.204359900
330.0000	10.0000	50.0000	0.424519900
340.0000	10.0000	50.0000	1.597999300
350.0000	10.0000	50.0000	3.015336500
360.0000	10.0000	50.0000	1.000000000
0.0000	20.0000	50.0000	2.086794900
10.0000	20.0000	50.0000	2.512352500
20.0000	20.0000	50.0000	0.992681000
30.0000	20.0000	50.0000	0.120665670
40.0000	20.0000	50.0000	0.122266300
50.0000	20.0000	50.0000	0.199009600
60.0000	20.0000	50.0000	0.578842500
70.0000	20.0000	50.0000	2.394492400
80.0000	20.0000	50.0000	0.733843740
90.0000	20.0000	50.0000	0.275195270
100.0000	20.0000	50.0000	0.465262380
110.0000	20.0000	50.0000	0.526454600
120.0000	20.0000	50.0000	1.233059600
130.0000	20.0000	50.0000	1.481617500
140.0000	20.0000	50.0000	0.697746460
150.0000	20.0000	50.0000	0.266477020
160.0000	20.0000	50.0000	0.213925020
170.0000	20.0000	50.0000	0.723372160
180.0000	20.0000	50.0000	0.670774500
190.0000	20.0000	50.0000	2.443957800
200.0000	20.0000	50.0000	1.431435800
210.0000	20.0000	50.0000	0.140081670
220.0000	20.0000	50.0000	0.125706700
230.0000	20.0000	50.0000	0.211892080
240.0000	20.0000	50.0000	0.359529800
250.0000	20.0000	50.0000	0.956311640
260.0000	20.0000	50.0000	0.968632600
270.0000	20.0000	50.0000	0.642839250
280.0000	20.0000	50.0000	0.736601700
290.0000	20.0000	50.0000	0.569174500
300.0000	20.0000	50.0000	0.719531800
310.0000	20.0000	50.0000	1.821718500
320.0000	20.0000	50.0000	0.705104200
330.0000	20.0000	50.0000	0.252380430
340.0000	20.0000	50.0000	0.250094000
350.0000	20.0000	50.0000	0.377013770
360.0000	20.0000	50.0000	1.000000000
0.0000	30.0000	50.0000	1.428637700
10.0000	30.0000	50.0000	1.560128500
20.0000	30.0000	50.0000	0.463251440
30.0000	30.0000	50.0000	0.142142100
40.0000	30.0000	50.0000	0.245845350
50.0000	30.0000	50.0000	0.809421660
60.0000	30.0000	50.0000	0.769400300
70.0000	30.0000	50.0000	1.304399000
80.0000	30.0000	50.0000	1.253036400
90.0000	30.0000	50.0000	0.661914200
100.0000	30.0000	50.0000	0.865199400
110.0000	30.0000	50.0000	0.891848860
120.0000	30.0000	50.0000	1.613782300
130.0000	30.0000	50.0000	1.434270600
140.0000	30.0000	50.0000	1.202270000
150.0000	30.0000	50.0000	0.344135200
160.0000	30.0000	50.0000	0.047166497
170.0000	30.0000	50.0000	0.427927000
180.0000	30.0000	50.0000	1.199474000
190.0000	30.0000	50.0000	1.664321100
200.0000	30.0000	50.0000	1.942559700
210.0000	30.0000	50.0000	0.276812230
220.0000	30.0000	50.0000	0.207614720
230.0000	30.0000	50.0000	0.747213200
240.0000	30.0000	50.0000	1.981418600
250.0000	30.0000	50.0000	1.743645900
260.0000	30.0000	50.0000	0.610902100
270.0000	30.0000	50.0000	0.470088540
280.0000	30.0000	50.0000	0.769535360
290.0000	30.0000	50.0000	1.020753000
300.0000	30.0000	50.0000	1.775107100
310.0000	30.0000	50.0000	2.498307000
320.0000	30.0000	50.0000	0.879663600
330.0000	30.0000	50.0000	0.277795370
340.0000	30.0000	50.0000	0.076049775
350.0000	30.0000	50.0000	0.373827580
360.0000	30.0000	50.0000	1.000000000
0.0000	40.0000	50.0000	0.243780150
10.0000	40.0000	50.0000	0.546305600
20.0000	40.0000	50.0000	1.271437000
30.0000	40.0000	50.0000	0.332029400
40.0000	40.0000	50.0000	0.516828540
50.0000	40.0000	50.0000	1.621327600
60.0000	40.0000	50.0000	1.154333200
70.0000	40.0000	50.0000	0.478552900
80.0000	40.0000	50.0000	0.654383960
90.0000	40.0000	50.0000	0.830085200
100.0000	40.0000	50.0000	0.530168650
110.0000	40.0000	50.0000	0.536932200
120.0000	40.0000	50.0000	0.936710830
130.0000	40.0000	50.0000	1.338630600
140.0000	40.0000	50.0000	2.099753000
150.0000	40.0000	50.0000	0.823866370
160.0000	40.0000	50.0000	0.062798360
170.0000	40.0000	50.0000	0.115600880
180.0000	40.0000	50.0000	1.155860000
190.0000	40.0000	50.0000	3.666016600
200.0000	40.0000	50.0000	1.350159400
210.0000	40.0000	50.0000	0.384864570
220.0000	40.0000	50.0000	0.392990920
230.0000	40.0000	50.0000	0.531044000
240.0000	40.0000	50.0000	1.316273500
250.0000	40.0000	50.0000	1.467267500
260.0000	40.0000	50.0000	0.820982800
270.0000	40.0000	50.0000	0.538457040
280.0000	40.0000	50.0000	0.526701200
290.0000	40.0000	50.0000	0.405652020
300.0000	40.0000	50.0000	0.500052150
310.0000	40.0000	50.0000	1.070671100
320.0000	40.0000	50.0000	0.998461660
330.0000	40.0000	50.0000	0.522556400
340.0000	40.0000	50.0000	0.113339790
350.0000	40.0000	50.0000	0.202322240
360.0000	40.0000	50.0000	1.000000000
0.0000	50.0000	50.0000	1.207688600
10.0000	50.0000	50.0000	1.251196400
20.0000	50.0000	50.0000	0.719679060
30.0000	50.0000	50.0000	0.523750600
40.0000	50.0000	50.0000	0.823341670
50.0000	50.0000	50.0000	0.815566300
60.0000	50.0000	50.0000	0.781977060
70.0000	50.0000	50.0000	0.245774480
80.0000	50.0000	50.0000	0.338090480
90.0000	50.0000	50.0000	1.421280300
100.0000	50.0000	50.0000	0.797488800
110.0000	50.0000	50.0000	0.676771500
120.0000	50.0000	50.0000	0.924593500
130.0000	50.0000	50.0000	1.646359200
140.0000	50.0000	50.0000	1.628190800
150.0000	50.0000	50.0000	0.587962800
160.0000	50.0000	50.0000	0.088332240
170.0000	50.0000	50.0000	0.139473990
180.0000	50.0000	50.0000	1.100697800
190.0000	50.0000	50.0000	1.328167000
200.0000	50.0000	50.0000	0.379255300
210.0000	50.0000	50.0000	0.439436670
220.0000	50.0000	50.0000	0.787137700
230.0000	50.0000	50.0000	0.718553250
240.0000	50.0000	50.0000	0.523354350
250.0000	50.0000	50.0000	0.495609500
260.0000	50.0000	50.0000	0.640397200
270.0000	50.0000	50.0000	1.039826400
280.0000	50.0000	50.0000	0.602048340
290.0000	50.0000	50.0000	0.200952140
300.0000	50.0000	50.0000	0.155621230
310.0000	50.0000	50.0000	0.434288830
320.0000	50.0000	50.0000	0.861871240
330.0000	50.0000	50.0000	0.742349270
340.0000	50.0000	50.0000	0.182558880
350.0000	50.0000	50.0000	0.078203600
360.0000	50.0000	50.0000	1.000000000
0.0000	60.0000	50.0000	0.464213800
10.0000	60.0000	50.0000	0.502858460
20.0000	60.0000	50.0000	0.669349800
30.0000	60.0000	50.0000	0.532915500
40.0000	60.0000	50.0000	0.661125400
50.0000	60.0000	50.0000	0.566181300
60.0000	60.0000	50.0000	0.383672240
70.0000	60.0000	50.0000	0.219819080
80.0000	60.0000	50.0000	0.320646850
90.0000	60.0000	50.0000	0.811944540
100.0000	60.0000	50.0000	1.250397800
110.0000	60.0000	50.0000	0.976245760
120.0000	60.0000	50.0000	0.875702400
130.0000	60.0000	50.0000	1.400232800
140.0000	60.0000	50.0000	0.962342000
150.0000	60.0000	50.0000	0.453101430
160.0000	60.0000	50.0000	0.212393730
170.0000	60.0000	50.0000	0.399030600
180.0000	60.0000	50.0000	0.962453500
190.0000	60.0000	50.0000	0.827316940
200.0000	60.0000	50.0000	0.468216100
210.0000	60.0000	50.0000	0.441976800
220.0000	60.0000	50.0000	0.424160150
230.0000	60.0000	50.0000	0.321666400
240.0000	60.0000	50.0000	0.316782860
250.0000	60.0000	50.0000	0.278967620
260.0000	60.0000	50.0000	0.290333960
270.0000	60.0000	50.0000	0.816632900
280.0000	60.0000	50.0000	0.881481600
290.0000	60.0000	50.0000	0.283867660
300.0000	60.0000	50.0000	0.296218430
310.0000	60.0000	50.0000	0.610052300
320.0000	60.0000	50.0000	1.155918100
330.0000	60.0000	50.0000	1.062208800
340.0000	60.0000	50.0000	0.340306430
350.0000	60.0000	50.0000	0.168462340
360.0000	60.0000	50.0000	1.000000000
0.0000	70.0000	50.0000	1.107233800
10.0000	70.0000	50.0000	0.949140970
20.0000	70.0000	50.0000	0.812893700
30.0000	70.0000	50.0000	0.499008300
40.0000	70.0000	50.0000	0.389238030
50.0000	70.0000	50.0000	0.391840500
60.0000	70.0000	50.0000	0.367231000
70.0000	70.0000	50.0000	0.333192300
80.0000	70.0000	50.0000	0.209240650
90.0000	70.0000	50.0000	0.150541870
100.0000	70.0000	50.0000	0.276932920
110.0000	70.0000	50.0000	0.375284100
120.0000	70.0000	50.0000	0.368258500
130.0000	70.0000	50.0000	0.607531100
140.0000	70.0000	50.0000	0.598877000
150.0000	70.0000	50.0000	0.642078940
160.0000	70.0000	50.0000	0.922281700
170.0000	70.0000	50.0000	0.621622260
180.0000	70.0000	50.0000	0.459025680
190.0000	70.0000	50.0000	0.924787400
200.0000	70.0000	50.0000	1.039444000
210.0000	70.0000	50.0000	0.420972230
220.0000	70.0000	50.0000	0.197762400
230.0000	70.0000	50.0000	0.218116390
240.0000	70.0000	50.0000	0.401832900
250.0000	70.0000	50.0000	0.434297620
260.0000	70.0000	50.0000	0.218473460
270.0000	70.0000	50.0000	0.301902260
280.0000	70.0000	50.0000	0.451891030
290.0000	70.0000	50.0000	0.468298670
300.0000	70.0000	50.0000	0.343004470
310.0000	70.0000	50.0000	0.552752400
320.0000	70.0000	50.0000	0.938293600
330.0000	70.0000	50.0000	0.825893000
340.0000	70.0000	50.0000	0.641665000
350.0000	70.0000	50.0000	0.607914750
360.0000	70.0000	50.0000	1.000000000
0.0000	80.0000	50.0000	0.228698550
10.0000	80.0000	50.0000	0.451813130
20.0000	80.0000	50.0000	1.229483400
30.0000	80.0000	50.0000	0.568944330
40.0000	80.0000	50.0000	0.386784760
50.0000	80.0000	50.0000	0.329985950
60.0000	80.0000	50.0000	0.465065060
70.0000	80.0000	50.0000	0.511865900
80.0000	80.0000	50.0000	0.353802800
90.0000	80.0000	50.0000	0.247065590
100.0000	80.0000	50.0000	0.361407700
110.0000	80.0000	50.0000	0.364494920
120.0000	80.0000	50.0000	0.210471660
130.0000	80.0000	50.0000	0.262112380
140.0000	80.0000	50.0000	0.487837580
150.0000	80.0000	50.0000	1.207075700
160.0000	80.0000	50.0000	2.666080500
170.0000	80.0000	50.0000	1.602589100
180.0000	80.0000	50.0000	1.368641500
190.0000	80.0000	50.0000	1.872683500
200.0000	80.0000	50.0000	1.609255000
210.0000	80.0000	50.0000	0.585592600
220.0000	80.0000	50.0000	0.347313820
230.0000	80.0000	50.0000	0.394087730
240.0000	80.0000	50.0000	0.565455500
250.0000	80.0000	50.0000	0.773912000
260.0000	80.0000	50.0000	0.434481260
270.0000	80.0000	50.0000	0.393477620
280.0000	80.0000	50.0000	0.536964000
290.0000	80.0000	50.0000	0.652271800
300.0000	80.0000	50.0000	0.650525200
310.0000	80.0000	50.0000	0.551717700
320.0000	80.0000	50.0000	0.522570670
330.0000	80.0000	50.0000	0.918348800
340.0000	80.0000	50.0000	1.290851800
350.0000	80.0000	50.0000	2.165868300
360.0000	80.0000	50.0000	1.000000000
0.0000	90.0000	50.0000	5.467847000
10.0000	90.0000	50.0000	2.091874800
20.0000	90.0000	50.0000	2.344035100
30.0000	90.0000	50.0000	0.758064600
40.0000	90.0000	50.0000	0.565465600
50.0000	90.0000	50.0000	0.494928500
60.0000	90.0000	50.0000	0.715010760
70.0000	90.0000	50.0000	0.796103500
80.0000	90.0000	50.0000	0.538029550
90.0000	90.0000	50.0000	0.399950680
100.0000	90.0000	50.0000	0.647640900
110.0000	90.0000	50.0000	0.544392760
120.0000	90.0000	50.0000	0.154897930
130.0000	90.0000	50.0000	0.271522340
140.0000	90.0000	50.0000	0.711873600
150.0000	90.0000	50.0000	1.552395900
160.0000	90.0000	50.0000	3.101186800
170.0000	90.0000	50.0000	1.965746200
180.0000	90.0000	50.0000	2.695665000
190.0000	90.0000	50.0000	4.146246000
200.0000	90.0000	50.0000	1.843126400
210.0000	90.0000	50.0000	0.943424100
220.0000	90.0000	50.0000	0.708535430
230.0000	90.0000	50.0000	0.465583470
240.0000	90.0000	50.0000	0.469748000
250.0000	90.0000	50.0000	1.141354300
260.0000	90.0000	50.0000	0.643461500
270.0000	90.0000	50.0000	0.552023500
280.0000	90.0000	50.0000	1.190939500
290.0000	90.0000	50.0000	0.945685700
300.0000	90.0000	50.0000	0.637311640
310.0000	90.0000	50.0000	0.506964200
320.0000	90.0000	50.0000	0.360670000
330.0000	90.0000	50.0000	0.950114700
340.0000	90.0000	50.0000	2.160865000
350.0000	90.0000	50.0000	4.070101700
360.0000	90.0000	50.0000	1.000000000
0.0000	0.0000	60.0000	1.000000000
10.0000	0.0000	60.0000	1.000000000
20.0000	0.0000	60.0000	1.000000000
30.0000	0.0000	60.0000	1.000000000
40.0000	0.0000	60.0000	1.000000000
50.0000	0.0000	60.0000	1.000000000
60.0000	0.0000	60.0000	1.000000000
70.0000	0.0000	60.0000	1.000000000
80.0000	0.0000	60.0000	1.000000000
90.0000	0.0000	60.0000	1.000000000
100.0000	0.0000	60.0000	1.000000000
110.0000	0.0000	60.0000	1.000000000
120.0000	0.0000	60.0000	1.000000000
130.0000	0.0000	60.0000	1.000000000
140.0000	0.0000	60.0000	1.000000000
150.0000	0.0000	60.0000	1.000000000
160.0000	0.0000	60.0000	1.000000000
170.0000	0.0000	60.0000	1.000000000
180.0000	0.0000	60.0000	1.000000000
190.0000	0.0000	60.0000	1.000000000
200.0000	0.0000	60.0000	1.000000000
210.0000	0.0000	60.0000	1.000000000
220.0000	0.0000	60.0000	1.000000000
230.0000	0.0000	60.0000	1.000000000
240.0000	0.0000	60.0000	1.000000000
250.0000	0.0000	60.0000	1.000000000
260.0000	0.0000	60.0000	1.000000000
270.0000	0.0000	60.0000	1.000000000
280.0000	0.0000	60.0000	1.000000000
290.0000	0.0000	60.0000	1.000000000
300.0000	0.0000	60.0000	1.000000000
310.0000	0.0000	60.0000	1.000000000
320.0000	0.0000	60.0000	1.000000000
330.0000	0.0000	60.0000	1.000000000
340.0000	0.0000	60.0000	1.000000000
350.0000	0.0000	60.0000	1.000000000
360.0000	0.0000	60.0000	1.000000000
0.0000	10.0000	60.0000	0.886965160
10.0000	10.0000	60.0000	0.965262230
20.0000	10.0000	60.0000	4.856968400
30.0000	10.0000	60.0000	0.111629084
40.0000	10.0000	60.0000	0.100555055
50.0000	10.0000	60.0000	0.892714500
60.0000	10.0000	60.0000	1.517126400
70.0000	10.0000	60.0000	0.464205560
80.0000	10.0000	60.0000	0.121460440
90.0000	10.0000	60.0000	0.632502140
100.0000	10.0000	60.0000	2.617084700
110.0000	10.0000	60.0000	2.188152000
120.0000	10.0000	60.0000	0.214571980
130.0000	10.0000	60.0000	0.287198840
140.0000	10.0000	60.0000	1.483691900
150.0000	10.0000	60.0000	0.199032490
160.0000	10.0000	60.0000	0.743022100
170.0000	10.0000	60.0000	3.939582800
180.0000	10.0000	60.0000	2.425732000
190.0000	10.0000	60.0000	4.102814700
200.0000	10.0000	60.0000	6.802788300
210.0000	10.0000	60.0000	0.075848130
220.0000	10.0000	60.0000	0.041375470
230.0000	10.0000	60.0000	0.176435020
240.0000	10.0000	60.0000	1.579709800
250.0000	10.0000	60.0000	18.681412000
260.0000	10.0000	60.0000	0.266394620
270.0000	10.0000	60.0000	0.107286364
280.0000	10.0000	60.0000	0.893788900
290.0000	10.0000	60.0000	0.856318500
300.0000	10.0000	60.0000	0.776591960
310.0000	10.0000	60.0000	2.205093000
320.0000	10.0000	60.0000	1.505363000
330.0000	10.0000	60.0000	0.407734270
340.0000	10.0000	60.0000	1.438725100
350.0000	10.0000	60.0000	4.829610300
360.0000	10.0000	60.0000	1.000000000
0.0000	20.0000	60.0000	2.650086000
10.0000	20.0000	60.0000	2.587081700
20.0000	20.0000	60.0000	0.848347660
30.0000	20.0000	60.0000	0.095690420
40.0000	20.0000	60.0000	0.266065450
50.0000	20.0000	60.0000	1.075197300
60.0000	20.0000	60.0000	1.522646100
70.0000	20.0000	60.0000	8.775502000
80.0000	20.0000	60.0000	4.339570000
90.0000	20.0000	60.0000	1.871038300
100.0000	20.0000	60.0000	1.662502300
110.0000	20.0000	60.0000	0.763728600
120.0000	20.0000	60.0000	0.910704200
130.0000	20.0000	60.0000	1.117238300
140.0000	20.0000	60.0000	1.331463100
150.0000	20.0000	60.0000	0.094525480
160.0000	20.0000	60.0000	0.138645070
170.0000	20.0000	60.0000	1.216743000
180.0000	20.0000	60.0000	0.811596200
190.0000	20.0000	60.0000	3.418287000
200.0000	20.0000	60.0000	1.514242500
210.0000	20.0000	60.0000	0.068626374
220.0000	20.0000	60.0000	0.379086320
230.0000	20.0000	60.0000	2.127478600
240.0000	20.0000	60.0000	1.395208600
250.0000	20.0000	60.0000	2.830051200
260.0000	20.0000	60.0000	3.136669600
270.0000	20.0000	60.0000	1.645869900
280.0000	20.0000	60.0000	1.865175400
290.0000	20.0000	60.0000	0.602562100
300.0000	20.0000	60.0000	1.103636400
310.0000	20.0000	60.0000	1.659889900
320.0000	20.0000	60.0000	0.931136370
330.0000	20.0000	60.0000	0.140051200
340.0000	20.0000	60.0000	0.131615770
350.0000	20.0000	60.0000	0.721470700
360.0000	20.0000	60.0000	1.000000000
0.0000	30.0000	60.0000	1.930009000
10.0000	30.0000	60.0000	1.958742700
20.0000	30.0000	60.0000	0.213458660
30.0000	30.0000	60.0000	0.103788110
40.0000	30.0000	60.0000	0.374974160
50.0000	30.0000	60.0000	0.583855500
60.0000	30.0000	60.0000	0.364091780
70.0000	30.0000	60.0000	1.004934500
80.0000	30.0000	60.0000	2.752343400
90.0000	30.0000	60.0000	1.345351700
100.0000	30.0000	60.0000	0.846329800
110.0000	30.0000	60.0000	0.635119800
120.0000	30.0000	60.0000	1.792306000
130.0000	30.0000	60.0000	2.242289300
140.0000	30.0000	60.0000	1.409846800
150.0000	30.0000	60.0000	0.137075220
160.0000	30.0000	60.0000	0.048530538
170.0000	30.0000	60.0000	1.268398000
180.0000	30.0000	60.0000	1.800978100
190.0000	30.0000	60.0000	2.559630400
200.0000	30.0000	60.0000	1.000578300
210.0000	30.0000	60.0000	0.131935490
220.0000	30.0000	60.0000	0.285806480
230.0000	30.0000	60.0000	1.016375300
240.0000	30.0000	60.0000	0.851648400
250.0000	30.0000	60.0000	0.650422500
260.0000	30.0000	60.0000	1.154236900
270.0000	30.0000	60.0000	2.803207600
280.0000	30.0000	60.0000	1.695346800
290.0000	30.0000	60.0000	0.566802860
300.0000	30.0000	60.0000	1.495275600
310.0000	30.0000	60.0000	4.002411000
320.0000	30.0000	60.0000	1.763186700
330.0000	30.0000	60.0000	0.156581270
340.0000	30.0000	60.0000	0.075921156
350.0000	30.0000	60.0000	1.612561600
360.0000	30.0000	60.0000	1.000000000
0.0000	40.0000	60.0000	0.535784960
10.0000	40.0000	60.0000	1.350343600
20.0000	40.0000	60.0000	1.748855600
30.0000	40.0000	60.0000	0.191080670
40.0000	40.0000	60.0000	0.566862700
50.0000	40.0000	60.0000	1.448417800
60.0000	40.0000	60.0000	0.443956400
70.0000	40.0000	60.0000	0.477895800
80.0000	40.0000	60.0000	1.568256100
90.0000	40.0000	60.0000	0.855384770
100.0000	40.0000	60.0000	0.277520720
110.0000	40.0000	60.0000	0.401879700
120.0000	40.0000	60.0000	1.015763800
130.0000	40.0000	60.0000	1.038233400
140.0000	40.0000	60.0000	1.291416200
150.0000	40.0000	60.0000	0.280459800
160.0000	40.0000	60.0000	0.034718983
170.0000	40.0000	60.0000	0.411210600
180.0000	40.0000	60.0000	1.919371600
190.0000	40.0000	60.0000	5.080155000
200.0000	40.0000	60.0000	2.152838700
210.0000	40.0000	60.0000	0.377951700
220.0000	40.0000	60.0000	0.294114050
230.0000	40.0000	60.0000	0.591690060
240.0000	40.0000	60.0000	0.964588760
250.0000	40.0000	60.0000	0.531996800
260.0000	40.0000	60.0000	0.704434400
270.0000	40.0000	60.0000	0.659898700
280.0000	40.0000	60.0000	0.638555900
290.0000	40.0000	60.0000	0.327206970
300.0000	40.0000	60.0000	0.833641050
310.0000	40.0000	60.0000	4.656604000
320.0000	40.0000	60.0000	0.933386740
330.0000	40.0000	60.0000	0.154283540
340.0000	40.0000	60.0000	0.095331540
350.0000	40.0000	60.0000	1.006129000
360.0000	40.0000	60.0000	1.000000000
0.0000	50.0000	60.0000	2.736363000
10.0000	50.0000	60.0000	3.512410000
20.0000	50.0000	60.0000	1.690775900
30.0000	50.0000	60.0000	0.552951040
40.0000	50.0000	60.0000	0.617685400
50.0000	50.0000	60.0000	0.507151840
60.0000	50.0000	60.0000	0.479047860
70.0000	50.0000	60.0000	0.210811240
80.0000	50.0000	60.0000	0.350674240
90.0000	50.0000	60.0000	2.156808100
100.0000	50.0000	60.0000	1.097292100
110.0000	50.0000	60.0000	0.717525500
120.0000	50.0000	60.0000	0.914300440
130.0000	50.0000	60.0000	0.815779100
140.0000	50.0000	60.0000	0.839608670
150.0000	50.0000	60.0000	0.303181530
160.0000	50.0000	60.0000	0.079335350
170.0000	50.0000	60.0000	0.415687530
180.0000	50.0000	60.0000	1.673089700
190.0000	50.0000	60.0000	2.125110000
200.0000	50.0000	60.0000	0.885341760
210.0000	50.0000	60.0000	0.587114700
220.0000	50.0000	60.0000	0.708676100
230.0000	50.0000	60.0000	0.785090300
240.0000	50.0000	60.0000	0.520960700
250.0000	50.0000	60.0000	0.269473340
260.0000	50.0000	60.0000	0.443575980
270.0000	50.0000	60.0000	0.932683700
280.0000	50.0000	60.0000	0.530124300
290.0000	50.0000	60.0000	0.189980920
300.0000	50.0000	60.0000	0.232494710
310.0000	50.0000	60.0000	0.545089840
320.0000	50.0000	60.0000	0.507239700
330.0000	50.0000	60.0000	0.224311870
340.0000	50.0000	60.0000	0.158906800
350.0000	50.0000	60.0000	0.377936450
360.0000	50.0000	60.0000	1.000000000
0.0000	60.0000	60.0000	0.801533340
10.0000	60.0000	60.0000	1.276645700
20.0000	60.0000	60.0000	1.448831900
30.0000	60.0000	60.0000	0.510050900
40.0000	60.0000	60.0000	0.352379380
50.0000	60.0000	60.0000	0.345707900
60.0000	60.0000	60.0000	0.409229640
70.0000	60.0000	60.0000	0.227852400
80.0000	60.0000	60.0000	0.258916500
90.0000	60.0000	60.0000	1.133192000
100.0000	60.0000	60.0000	2.170568500
110.0000	60.0000	60.0000	1.635980000
120.0000	60.0000	60.0000	1.260671000
130.0000	60.0000	60.0000	1.468776100
140.0000	60.0000	60.0000	0.999652500
150.0000	60.0000	60.0000	0.559373900
160.0000	60.0000	60.0000	0.481788000
170.0000	60.0000	60.0000	1.032529400
180.0000	60.0000	60.0000	1.432018000
190.0000	60.0000	60.0000	1.763820000
200.0000	60.0000	60.0000	0.692526100
210.0000	60.0000	60.0000	0.235067050
220.0000	60.0000	60.0000	0.304130580
230.0000	60.0000	60.0000	0.443612460
240.0000	60.0000	60.0000	0.353948470
250.0000	60.0000	60.0000	0.290343340
260.0000	60.0000	60.0000	0.512990200
270.0000	60.0000	60.0000	1.765805800
280.0000	60.0000	60.0000	0.342048080
290.0000	60.0000	60.0000	0.092766930
300.0000	60.0000	60.0000	0.140264420
310.0000	60.0000	60.0000	0.522727700
320.0000	60.0000	60.0000	1.180296100
330.0000	60.0000	60.0000	0.956160200
340.0000	60.0000	60.0000	0.493409540
350.0000	60.0000	60.0000	0.555576150
360.0000	60.0000	60.0000	1.000000000
0.0000	70.0000	60.0000	1.647130600
10.0000	70.0000	60.0000	1.181476100
20.0000	70.0000	60.0000	0.865891800
30.0000	70.0000	60.0000	0.294324100
40.0000	70.0000	60.0000	0.171783700
50.0000	70.0000	60.0000	0.382209500
60.0000	70.0000	60.0000	0.482429470
70.0000	70.0000	60.0000	0.443239120
80.0000	70.0000	60.0000	0.372557040
90.0000	70.0000	60.0000	0.219567500
100.0000	70.0000	60.0000	0.403118520
110.0000	70.0000	60.0000	0.637645360
120.0000	70.0000	60.0000	0.543713000
130.0000	70.0000	60.0000	0.410582840
140.0000	70.0000	60.0000	0.603569300
150.0000	70.0000	60.0000	0.825553660
160.0000	70.0000	60.0000	1.677097200
170.0000	70.0000	60.0000	1.335345100
180.0000	70.0000	60.0000	0.698690600
190.0000	70.0000	60.0000	1.452678300
200.0000	70.0000	60.0000	1.239947000
210.0000	70.0000	60.0000	0.251829300
220.0000	70.0000	60.0000	0.153181930
230.0000	70.0000	60.0000	0.400561030
240.0000	70.0000	60.0000	0.518672760
250.0000	70.0000	60.0000	0.436429650
260.0000	70.0000	60.0000	0.464750350
270.0000	70.0000	60.0000	0.544538400
280.0000	70.0000	60.0000	0.118369950
290.0000	70.0000	60.0000	0.123852156
300.0000	70.0000	60.0000	0.182440180
310.0000	70.0000	60.0000	0.312907600
320.0000	70.0000	60.0000	0.614520850
330.0000	70.0000	60.0000	0.738956900
340.0000	70.0000	60.0000	0.662121200
350.0000	70.0000	60.0000	1.245517400
360.0000	70.0000	60.0000	1.000000000
0.0000	80.0000	60.0000	0.369213220
10.0000	80.0000	60.0000	0.514952100
20.0000	80.0000	60.0000	0.896282700
30.0000	80.0000	60.0000	0.444801750
40.0000	80.0000	60.0000	0.514325400
50.0000	80.0000	60.0000	0.588426900
60.0000	80.0000	60.0000	0.497895270
70.0000	80.0000	60.0000	0.717338100
80.0000	80.0000	60.0000	0.636126460
90.0000	80.0000	60.0000	0.440435350
100.0000	80.0000	60.0000	0.585185600
110.0000	80.0000	60.0000	0.386062060
120.0000	80.0000	60.0000	0.296927060
130.0000	80.0000	60.0000	0.247705920
140.0000	80.0000	60.0000	0.540666300
150.0000	80.0000	60.0000	1.087451800
160.0000	80.0000	60.0000	2.222332500
170.0000	80.0000	60.0000	1.917728000
180.0000	80.0000	60.0000	1.590125200
190.0000	80.0000	60.0000	2.044699000
200.0000	80.0000	60.0000	2.041953300
210.0000	80.0000	60.0000	0.689092800
220.0000	80.0000	60.0000	0.648162000
230.0000	80.0000	60.0000	0.910759400
240.0000	80.0000	60.0000	0.820431650
250.0000	80.0000	60.0000	0.869190700
260.0000	80.0000	60.0000	0.586716830
270.0000	80.0000	60.0000	0.420310530
280.0000	80.0000	60.0000	0.301624060
290.0000	80.0000	60.0000	0.373231770
300.0000	80.0000	60.0000	0.703310100
310.0000	80.0000	60.0000	0.597815500
320.0000	80.0000	60.0000	0.314240750
330.0000	80.0000	60.0000	0.350790380
340.0000	80.0000	60.0000	0.527511000
350.0000	80.0000	60.0000	1.970266100
360.0000	80.0000	60.0000	1.000000000
0.0000	90.0000	60.0000	5.861898000
10.0000	90.0000	60.0000	1.981012200
20.0000	90.0000	60.0000	1.609206400
30.0000	90.0000	60.0000	0.777652000
40.0000	90.0000	60.0000	1.854620900
50.0000	90.0000	60.0000	0.917352500
60.0000	90.0000	60.0000	0.660150770
70.0000	90.0000	60.0000	1.235131000
80.0000	90.0000	60.0000	0.835273560
90.0000	90.0000	60.0000	0.572475900
100.0000	90.0000	60.0000	0.649978400
110.0000	90.0000	60.0000	0.462620760
120.0000	90.0000	60.0000	0.483237200
130.0000	90.0000	60.0000	0.598266540
140.0000	90.0000	60.0000	1.208764400
150.0000	90.0000	60.0000	2.213399000
160.0000	90.0000	60.0000	2.552387000
170.0000	90.0000	60.0000	1.833993700
180.0000	90.0000	60.0000	2.917882000
190.0000	90.0000	60.0000	4.886092700
200.0000	90.0000	60.0000	1.641319000
210.0000	90.0000	60.0000	0.885773840
220.0000	90.0000	60.0000	1.761252600
230.0000	90.0000	60.0000	1.257346900
240.0000	90.0000	60.0000	0.773506700
250.0000	90.0000	60.0000	2.884671700
260.0000	90.0000	60.0000	0.917124700
270.0000	90.0000	60.0000	0.784594300
280.0000	90.0000	60.0000	0.614407500
290.0000	90.0000	60.0000	0.377042700
300.0000	90.0000	60.0000	1.165268400
310.0000	90.0000	60.0000	1.615356100
320.0000	90.0000	60.0000	0.414984800
330.0000	90.0000	60.0000	0.492030300
340.0000	90.0000	60.0000	0.744529100
350.0000	90.0000	60.0000	1.910448300
360.0000	90.0000	60.0000	1.000000000
