0.0000	0.0000	0.0000	0.303430080
10.0000	0.0000	0.0000	0.260408460
20.0000	0.0000	0.0000	0.522726900
30.0000	0.0000	0.0000	0.529066260
40.0000	0.0000	0.0000	0.842269960
50.0000	0.0000	0.0000	0.970801300
60.0000	0.0000	0.0000	0.409008500
70.0000	0.0000	0.0000	0.641788100
80.0000	0.0000	0.0000	0.419106720
90.0000	0.0000	0.0000	1.089152000
100.0000	0.0000	0.0000	1.977480400
110.0000	0.0000	0.0000	2.348372200
120.0000	0.0000	0.0000	2.120400700
130.0000	0.0000	0.0000	2.268139100
140.0000	0.0000	0.0000	2.017954300
150.0000	0.0000	0.0000	1.322199700
160.0000	0.0000	0.0000	1.006759500
170.0000	0.0000	0.0000	0.441585600
180.0000	0.0000	0.0000	0.157614540
190.0000	0.0000	0.0000	0.732274350
200.0000	0.0000	0.0000	0.574905300
210.0000	0.0000	0.0000	0.281448420
220.0000	0.0000	0.0000	0.505752300
230.0000	0.0000	0.0000	0.798055350
240.0000	0.0000	0.0000	0.173159290
250.0000	0.0000	0.0000	0.486397950
260.0000	0.0000	0.0000	0.490050000
270.0000	0.0000	0.0000	1.149817500
280.0000	0.0000	0.0000	1.717251100
290.0000	0.0000	0.0000	1.736198100
300.0000	0.0000	0.0000	1.750766200
310.0000	0.0000	0.0000	2.404134300
320.0000	0.0000	0.0000	1.765629400
330.0000	0.0000	0.0000	0.981542800
340.0000	0.0000	0.0000	0.958159150
350.0000	0.0000	0.0000	1.737634100
360.0000	0.0000	0.0000	1.000000000
0.0000	10.0000	0.0000	0.704298000
10.0000	10.0000	0.0000	1.130474700
20.0000	10.0000	0.0000	2.336421300
30.0000	10.0000	0.0000	0.356950820
40.0000	10.0000	0.0000	2.833676300
50.0000	10.0000	0.0000	0.627986100
60.0000	10.0000	0.0000	1.097839800
70.0000	10.0000	0.0000	7.151591000
80.0000	10.0000	0.0000	0.147615900
90.0000	10.0000	0.0000	0.781168000
100.0000	10.0000	0.0000	1.939423600
110.0000	10.0000	0.0000	2.734790600
120.0000	10.0000	0.0000	3.387599200
130.0000	10.0000	0.0000	3.929783800
140.0000	10.0000	0.0000	1.237209100
150.0000	10.0000	0.0000	0.299560340
160.0000	10.0000	0.0000	1.313254400
170.0000	10.0000	0.0000	2.202996700
180.0000	10.0000	0.0000	1.774055500
190.0000	10.0000	0.0000	6.363020000
200.0000	10.0000	0.0000	1.176170300
210.0000	10.0000	0.0000	0.113777645
220.0000	10.0000	0.0000	2.555461000
230.0000	10.0000	0.0000	1.253448700
240.0000	10.0000	0.0000	0.251766260
250.0000	10.0000	0.0000	0.768776600
260.0000	10.0000	0.0000	0.205443370
270.0000	10.0000	0.0000	2.198944300
280.0000	10.0000	0.0000	2.557544000
290.0000	10.0000	0.0000	2.200676200
300.0000	10.0000	0.0000	2.157042700
310.0000	10.0000	0.0000	2.967172000
320.0000	10.0000	0.0000	1.214779000
330.0000	10.0000	0.0000	0.403895600
340.0000	10.0000	0.0000	2.124741000
350.0000	10.0000	0.0000	3.951918400
360.0000	10.0000	0.0000	1.000000000
0.0000	20.0000	0.0000	2.535632000
10.0000	20.0000	0.0000	2.857277000
20.0000	20.0000	0.0000	0.291723760
30.0000	20.0000	0.0000	0.071961470
40.0000	20.0000	0.0000	0.404254100
50.0000	20.0000	0.0000	1.184809700
60.0000	20.0000	0.0000	2.355483300
70.0000	20.0000	0.0000	0.837059700
80.0000	20.0000	0.0000	0.332704500
90.0000	20.0000	0.0000	0.370077040
100.0000	20.0000	0.0000	1.975998800
110.0000	20.0000	0.0000	1.661347300
120.0000	20.0000	0.0000	2.426240200
130.0000	20.0000	0.0000	4.719369400
140.0000	20.0000	0.0000	0.316744270
150.0000	20.0000	0.0000	0.043566007
160.0000	20.0000	0.0000	0.421564900
170.0000	20.0000	0.0000	1.346558100
180.0000	20.0000	0.0000	1.234863400
190.0000	20.0000	0.0000	4.684223700
200.0000	20.0000	0.0000	0.207919200
210.0000	20.0000	0.0000	0.097302070
220.0000	20.0000	0.0000	1.208886500
230.0000	20.0000	0.0000	1.064945900
240.0000	20.0000	0.0000	1.064733100
250.0000	20.0000	0.0000	1.042666700
260.0000	20.0000	0.0000	0.406642140
270.0000	20.0000	0.0000	0.684878800
280.0000	20.0000	0.0000	1.983715700
290.0000	20.0000	0.0000	3.240446800
300.0000	20.0000	0.0000	2.235549200
310.0000	20.0000	0.0000	1.833804500
320.0000	20.0000	0.0000	0.785267900
330.0000	20.0000	0.0000	0.071117020
340.0000	20.0000	0.0000	0.305083870
350.0000	20.0000	0.0000	0.808998940
360.0000	20.0000	0.0000	1.000000000
0.0000	30.0000	0.0000	1.697171400
10.0000	30.0000	0.0000	1.698000100
20.0000	30.0000	0.0000	0.080202214
30.0000	30.0000	0.0000	0.154656290
40.0000	30.0000	0.0000	0.674654600
50.0000	30.0000	0.0000	3.869209800
60.0000	30.0000	0.0000	2.928556700
70.0000	30.0000	0.0000	0.560235740
80.0000	30.0000	0.0000	0.591341700
90.0000	30.0000	0.0000	0.864268400
100.0000	30.0000	0.0000	1.559569600
110.0000	30.0000	0.0000	0.777488350
120.0000	30.0000	0.0000	1.276147000
130.0000	30.0000	0.0000	1.217184700
140.0000	30.0000	0.0000	0.141770380
150.0000	30.0000	0.0000	0.049010640
160.0000	30.0000	0.0000	0.404465970
170.0000	30.0000	0.0000	2.928915000
180.0000	30.0000	0.0000	2.857372300
190.0000	30.0000	0.0000	1.537710000
200.0000	30.0000	0.0000	0.093696940
210.0000	30.0000	0.0000	0.265097400
220.0000	30.0000	0.0000	1.103143900
230.0000	30.0000	0.0000	1.593780800
240.0000	30.0000	0.0000	0.956979400
250.0000	30.0000	0.0000	0.442209180
260.0000	30.0000	0.0000	0.606935140
270.0000	30.0000	0.0000	0.685695600
280.0000	30.0000	0.0000	0.760851000
290.0000	30.0000	0.0000	1.383093100
300.0000	30.0000	0.0000	1.205550000
310.0000	30.0000	0.0000	0.637899200
320.0000	30.0000	0.0000	0.302193140
330.0000	30.0000	0.0000	0.104106630
340.0000	30.0000	0.0000	0.279604940
350.0000	30.0000	0.0000	1.023412600
360.0000	30.0000	0.0000	1.000000000
0.0000	40.0000	0.0000	0.476889280
10.0000	40.0000	0.0000	0.493916750
20.0000	40.0000	0.0000	0.051107757
30.0000	40.0000	0.0000	0.241068740
40.0000	40.0000	0.0000	0.707549870
50.0000	40.0000	0.0000	1.219958500
60.0000	40.0000	0.0000	3.107056400
70.0000	40.0000	0.0000	0.503031970
80.0000	40.0000	0.0000	0.224910860
90.0000	40.0000	0.0000	0.972886860
100.0000	40.0000	0.0000	1.717547000
110.0000	40.0000	0.0000	0.778553070
120.0000	40.0000	0.0000	0.390936850
130.0000	40.0000	0.0000	0.519654630
140.0000	40.0000	0.0000	0.427102420
150.0000	40.0000	0.0000	0.187652570
160.0000	40.0000	0.0000	1.337299200
170.0000	40.0000	0.0000	1.433604400
180.0000	40.0000	0.0000	2.051102200
190.0000	40.0000	0.0000	2.064870000
200.0000	40.0000	0.0000	0.099291090
210.0000	40.0000	0.0000	0.320379900
220.0000	40.0000	0.0000	0.818794900
230.0000	40.0000	0.0000	1.705836400
240.0000	40.0000	0.0000	0.553604500
250.0000	40.0000	0.0000	0.253765880
260.0000	40.0000	0.0000	0.357915970
270.0000	40.0000	0.0000	0.320342240
280.0000	40.0000	0.0000	0.360477030
290.0000	40.0000	0.0000	0.649374300
300.0000	40.0000	0.0000	1.218917600
310.0000	40.0000	0.0000	0.638310700
320.0000	40.0000	0.0000	0.427911940
330.0000	40.0000	0.0000	0.681068540
340.0000	40.0000	0.0000	3.461856100
350.0000	40.0000	0.0000	1.555785800
360.0000	40.0000	0.0000	1.000000000
0.0000	50.0000	0.0000	2.415568000
10.0000	50.0000	0.0000	1.389766500
20.0000	50.0000	0.0000	0.137152910
30.0000	50.0000	0.0000	0.492738430
40.0000	50.0000	0.0000	0.408545500
50.0000	50.0000	0.0000	0.225293030
60.0000	50.0000	0.0000	0.154482170
70.0000	50.0000	0.0000	0.107362610
80.0000	50.0000	0.0000	0.316803200
90.0000	50.0000	0.0000	1.118680200
100.0000	50.0000	0.0000	0.514047860
110.0000	50.0000	0.0000	0.354723780
120.0000	50.0000	0.0000	0.666600200
130.0000	50.0000	0.0000	0.552630100
140.0000	50.0000	0.0000	0.555614800
150.0000	50.0000	0.0000	0.466097100
160.0000	50.0000	0.0000	0.969822170
170.0000	50.0000	0.0000	0.920328860
180.0000	50.0000	0.0000	1.461367600
190.0000	50.0000	0.0000	1.076321800
200.0000	50.0000	0.0000	0.160131070
210.0000	50.0000	0.0000	0.409953150
220.0000	50.0000	0.0000	0.689634260
230.0000	50.0000	0.0000	0.659664600
240.0000	50.0000	0.0000	0.743185400
250.0000	50.0000	0.0000	1.201727900
260.0000	50.0000	0.0000	0.745332200
270.0000	50.0000	0.0000	0.484372530
280.0000	50.0000	0.0000	0.570575400
290.0000	50.0000	0.0000	0.382933470
300.0000	50.0000	0.0000	0.422664700
310.0000	50.0000	0.0000	0.501790400
320.0000	50.0000	0.0000	0.459065020
330.0000	50.0000	0.0000	0.812318400
340.0000	50.0000	0.0000	1.669377900
350.0000	50.0000	0.0000	0.918908950
360.0000	50.0000	0.0000	1.000000000
0.0000	60.0000	0.0000	1.170407300
10.0000	60.0000	0.0000	0.821566300
20.0000	60.0000	0.0000	0.931874040
30.0000	60.0000	0.0000	1.234821200
40.0000	60.0000	0.0000	0.421916280
50.0000	60.0000	0.0000	0.305452380
60.0000	60.0000	0.0000	0.127296420
70.0000	60.0000	0.0000	0.056314800
80.0000	60.0000	0.0000	0.173297940
90.0000	60.0000	0.0000	0.487648250
100.0000	60.0000	0.0000	0.360762570
110.0000	60.0000	0.0000	0.527034100
120.0000	60.0000	0.0000	0.918434440
130.0000	60.0000	0.0000	0.428017820
140.0000	60.0000	0.0000	0.270666540
150.0000	60.0000	0.0000	0.279366250
160.0000	60.0000	0.0000	0.536916100
170.0000	60.0000	0.0000	1.443801500
180.0000	60.0000	0.0000	1.800966700
190.0000	60.0000	0.0000	1.332285400
200.0000	60.0000	0.0000	0.707643000
210.0000	60.0000	0.0000	0.740611430
220.0000	60.0000	0.0000	0.993353840
230.0000	60.0000	0.0000	0.807149700
240.0000	60.0000	0.0000	0.576119700
250.0000	60.0000	0.0000	1.603698300
260.0000	60.0000	0.0000	2.328615400
270.0000	60.0000	0.0000	0.856382970
280.0000	60.0000	0.0000	0.536964200
290.0000	60.0000	0.0000	0.393568280
300.0000	60.0000	0.0000	0.325093000
310.0000	60.0000	0.0000	0.218395310
320.0000	60.0000	0.0000	0.266745840
330.0000	60.0000	0.0000	0.176755130
340.0000	60.0000	0.0000	0.457566260
350.0000	60.0000	0.0000	2.831810200
360.0000	60.0000	0.0000	1.000000000
0.0000	70.0000	0.0000	1.588808900
10.0000	70.0000	0.0000	1.476733400
20.0000	70.0000	0.0000	1.167201900
30.0000	70.0000	0.0000	0.871032000
40.0000	70.0000	0.0000	0.430713500
50.0000	70.0000	0.0000	0.198207100
60.0000	70.0000	0.0000	0.299063830
70.0000	70.0000	0.0000	0.086036820
80.0000	70.0000	0.0000	0.028990600
90.0000	70.0000	0.0000	0.112232030
100.0000	70.0000	0.0000	0.464564470
110.0000	70.0000	0.0000	0.558049740
120.0000	70.0000	0.0000	0.440804240
130.0000	70.0000	0.0000	0.483634320
140.0000	70.0000	0.0000	0.205666720
150.0000	70.0000	0.0000	0.196771700
160.0000	70.0000	0.0000	0.571305100
170.0000	70.0000	0.0000	1.158422700
180.0000	70.0000	0.0000	1.130659300
190.0000	70.0000	0.0000	2.150032500
200.0000	70.0000	0.0000	1.326196600
210.0000	70.0000	0.0000	0.712363360
220.0000	70.0000	0.0000	0.554350400
230.0000	70.0000	0.0000	0.229414200
240.0000	70.0000	0.0000	0.263238550
250.0000	70.0000	0.0000	0.970386800
260.0000	70.0000	0.0000	1.173777000
270.0000	70.0000	0.0000	0.420770970
280.0000	70.0000	0.0000	0.418354060
290.0000	70.0000	0.0000	0.628832000
300.0000	70.0000	0.0000	0.294141800
310.0000	70.0000	0.0000	0.178886010
320.0000	70.0000	0.0000	0.234354620
330.0000	70.0000	0.0000	0.293168700
340.0000	70.0000	0.0000	0.634031300
350.0000	70.0000	0.0000	2.390731000
360.0000	70.0000	0.0000	1.000000000
0.0000	80.0000	0.0000	0.291423650
10.0000	80.0000	0.0000	0.756672100
20.0000	80.0000	0.0000	1.175017700
30.0000	80.0000	0.0000	0.374859360
40.0000	80.0000	0.0000	0.505277000
50.0000	80.0000	0.0000	0.356698780
60.0000	80.0000	0.0000	0.396145900
70.0000	80.0000	0.0000	0.254933660
80.0000	80.0000	0.0000	0.089715760
90.0000	80.0000	0.0000	0.215761900
100.0000	80.0000	0.0000	0.572285400
110.0000	80.0000	0.0000	0.355901750
120.0000	80.0000	0.0000	0.217878360
130.0000	80.0000	0.0000	0.454889900
140.0000	80.0000	0.0000	0.509172140
150.0000	80.0000	0.0000	0.799597000
160.0000	80.0000	0.0000	1.552842100
170.0000	80.0000	0.0000	1.859643800
180.0000	80.0000	0.0000	2.736782600
190.0000	80.0000	0.0000	3.838815500
200.0000	80.0000	0.0000	1.056879200
210.0000	80.0000	0.0000	0.966937660
220.0000	80.0000	0.0000	0.614525200
230.0000	80.0000	0.0000	0.122196466
240.0000	80.0000	0.0000	0.373222320
250.0000	80.0000	0.0000	0.745620130
260.0000	80.0000	0.0000	0.525390900
270.0000	80.0000	0.0000	0.670740900
280.0000	80.0000	0.0000	0.735605960
290.0000	80.0000	0.0000	0.764750700
300.0000	80.0000	0.0000	0.354614940
310.0000	80.0000	0.0000	0.616307140
320.0000	80.0000	0.0000	0.859652700
330.0000	80.0000	0.0000	1.062704800
340.0000	80.0000	0.0000	1.028951400
350.0000	80.0000	0.0000	1.233305500
360.0000	80.0000	0.0000	1.000000000
0.0000	90.0000	0.0000	5.305400000
10.0000	90.0000	0.0000	2.337452200
20.0000	90.0000	0.0000	2.095375000
30.0000	90.0000	0.0000	0.367267400
40.0000	90.0000	0.0000	0.602878600
50.0000	90.0000	0.0000	0.860913340
60.0000	90.0000	0.0000	0.584290440
70.0000	90.0000	0.0000	0.309059200
80.0000	90.0000	0.0000	0.138663220
90.0000	90.0000	0.0000	0.448417450
100.0000	90.0000	0.0000	0.840963840
110.0000	90.0000	0.0000	0.384815600
120.0000	90.0000	0.0000	0.209557280
130.0000	90.0000	0.0000	0.414944900
140.0000	90.0000	0.0000	1.342275900
150.0000	90.0000	0.0000	3.088932500
160.0000	90.0000	0.0000	4.363259300
170.0000	90.0000	0.0000	2.604208000
180.0000	90.0000	0.0000	3.485406900
190.0000	90.0000	0.0000	3.181787500
200.0000	90.0000	0.0000	1.207844400
210.0000	90.0000	0.0000	3.087313400
220.0000	90.0000	0.0000	1.492002700
230.0000	90.0000	0.0000	0.224005250
240.0000	90.0000	0.0000	0.455882400
250.0000	90.0000	0.0000	0.669331300
260.0000	90.0000	0.0000	0.430012380
270.0000	90.0000	0.0000	0.703363200
280.0000	90.0000	0.0000	0.963113550
290.0000	90.0000	0.0000	1.529232600
300.0000	90.0000	0.0000	0.723510000
310.0000	90.0000	0.0000	1.544833200
320.0000	90.0000	0.0000	1.961766000
330.0000	90.0000	0.0000	1.628949000
340.0000	90.0000	0.0000	1.646725400
350.0000	90.0000	0.0000	2.759552500
360.0000	90.0000	0.0000	1.000000000
0.0000	0.0000	10.0000	1.000000000
10.0000	0.0000	10.0000	1.000000000
20.0000	0.0000	10.0000	1.000000000
30.0000	0.0000	10.0000	1.000000000
40.0000	0.0000	10.0000	1.000000000
50.0000	0.0000	10.0000	1.000000000
60.0000	0.0000	10.0000	1.000000000
70.0000	0.0000	10.0000	1.000000000
80.0000	0.0000	10.0000	1.000000000
90.0000	0.0000	10.0000	1.000000000
100.0000	0.0000	10.0000	1.000000000
110.0000	0.0000	10.0000	1.000000000
120.0000	0.0000	10.0000	1.000000000
130.0000	0.0000	10.0000	1.000000000
140.0000	0.0000	10.0000	1.000000000
150.0000	0.0000	10.0000	1.000000000
160.0000	0.0000	10.0000	1.000000000
170.0000	0.0000	10.0000	1.000000000
180.0000	0.0000	10.0000	1.000000000
190.0000	0.0000	10.0000	1.000000000
200.0000	0.0000	10.0000	1.000000000
210.0000	0.0000	10.0000	1.000000000
220.0000	0.0000	10.0000	1.000000000
230.0000	0.0000	10.0000	1.000000000
240.0000	0.0000	10.0000	1.000000000
250.0000	0.0000	10.0000	1.000000000
260.0000	0.0000	10.0000	1.000000000
270.0000	0.0000	10.0000	1.000000000
280.0000	0.0000	10.0000	1.000000000
290.0000	0.0000	10.0000	1.000000000
300.0000	0.0000	10.0000	1.000000000
310.0000	0.0000	10.0000	1.000000000
320.0000	0.0000	10.0000	1.000000000
330.0000	0.0000	10.0000	1.000000000
340.0000	0.0000	10.0000	1.000000000
350.0000	0.0000	10.0000	1.000000000
360.0000	0.0000	10.0000	1.000000000
0.0000	10.0000	10.0000	0.712902200
10.0000	10.0000	10.0000	0.738569600
20.0000	10.0000	10.0000	1.843932700
30.0000	10.0000	10.0000	0.435885880
40.0000	10.0000	10.0000	0.853251200
50.0000	10.0000	10.0000	1.424559600
60.0000	10.0000	10.0000	2.637038000
70.0000	10.0000	10.0000	1.417704900
80.0000	10.0000	10.0000	0.259516630
90.0000	10.0000	10.0000	0.839351000
100.0000	10.0000	10.0000	1.570379900
110.0000	10.0000	10.0000	2.337223500
120.0000	10.0000	10.0000	2.839178600
130.0000	10.0000	10.0000	1.849233700
140.0000	10.0000	10.0000	0.733971830
150.0000	10.0000	10.0000	0.377722700
160.0000	10.0000	10.0000	1.746471400
170.0000	10.0000	10.0000	2.589350200
180.0000	10.0000	10.0000	1.872295000
190.0000	10.0000	10.0000	2.566640900
200.0000	10.0000	10.0000	1.082389100
210.0000	10.0000	10.0000	0.223988190
220.0000	10.0000	10.0000	1.462346900
230.0000	10.0000	10.0000	0.926206650
240.0000	10.0000	10.0000	0.634434300
250.0000	10.0000	10.0000	0.493731920
260.0000	10.0000	10.0000	0.092578960
270.0000	10.0000	10.0000	1.029810400
280.0000	10.0000	10.0000	1.952806200
290.0000	10.0000	10.0000	1.739000100
300.0000	10.0000	10.0000	1.881223100
310.0000	10.0000	10.0000	1.823743800
320.0000	10.0000	10.0000	0.852714360
330.0000	10.0000	10.0000	0.455050830
340.0000	10.0000	10.0000	2.845510700
350.0000	10.0000	10.0000	4.542958300
360.0000	10.0000	10.0000	1.000000000
0.0000	20.0000	10.0000	2.404012400
10.0000	20.0000	10.0000	1.764021000
20.0000	20.0000	10.0000	0.280969100
30.0000	20.0000	10.0000	0.120014034
40.0000	20.0000	10.0000	0.387064070
50.0000	20.0000	10.0000	1.490792800
60.0000	20.0000	10.0000	1.166327600
70.0000	20.0000	10.0000	0.332739380
80.0000	20.0000	10.0000	0.313621100
90.0000	20.0000	10.0000	0.446445640
100.0000	20.0000	10.0000	1.045078600
110.0000	20.0000	10.0000	1.069804100
120.0000	20.0000	10.0000	0.708807900
130.0000	20.0000	10.0000	0.342239260
140.0000	20.0000	10.0000	0.090324780
150.0000	20.0000	10.0000	0.067880265
160.0000	20.0000	10.0000	0.666846600
170.0000	20.0000	10.0000	1.290704300
180.0000	20.0000	10.0000	0.885599430
190.0000	20.0000	10.0000	1.518852800
200.0000	20.0000	10.0000	0.269248340
210.0000	20.0000	10.0000	0.182269260
220.0000	20.0000	10.0000	0.581116600
230.0000	20.0000	10.0000	1.232326600
240.0000	20.0000	10.0000	1.033489800
250.0000	20.0000	10.0000	0.998561900
260.0000	20.0000	10.0000	0.452333100
270.0000	20.0000	10.0000	0.298182640
280.0000	20.0000	10.0000	0.845941070
290.0000	20.0000	10.0000	0.943609400
300.0000	20.0000	10.0000	0.476851700
310.0000	20.0000	10.0000	0.589703300
320.0000	20.0000	10.0000	0.229024920
330.0000	20.0000	10.0000	0.052759440
340.0000	20.0000	10.0000	0.463978620
350.0000	20.0000	10.0000	0.892380400
360.0000	20.0000	10.0000	1.000000000
0.0000	30.0000	10.0000	1.379826400
10.0000	30.0000	10.0000	0.749967040
20.0000	30.0000	10.0000	0.063420470
30.0000	30.0000	10.0000	0.234037460
40.0000	30.0000	10.0000	1.010881200
50.0000	30.0000	10.0000	2.042036000
60.0000	30.0000	10.0000	1.013690200
70.0000	30.0000	10.0000	0.498458500
80.0000	30.0000	10.0000	0.690605340
90.0000	30.0000	10.0000	0.720304800
100.0000	30.0000	10.0000	1.204444300
110.0000	30.0000	10.0000	1.657625900
120.0000	30.0000	10.0000	2.098884600
130.0000	30.0000	10.0000	0.721710260
140.0000	30.0000	10.0000	0.123811220
150.0000	30.0000	10.0000	0.189099600
160.0000	30.0000	10.0000	1.815974400
170.0000	30.0000	10.0000	3.000244000
180.0000	30.0000	10.0000	1.655199400
190.0000	30.0000	10.0000	0.433063660
200.0000	30.0000	10.0000	0.067216580
210.0000	30.0000	10.0000	0.229088650
220.0000	30.0000	10.0000	0.815584700
230.0000	30.0000	10.0000	1.626529900
240.0000	30.0000	10.0000	1.075523600
250.0000	30.0000	10.0000	0.638220100
260.0000	30.0000	10.0000	0.696406000
270.0000	30.0000	10.0000	0.439758480
280.0000	30.0000	10.0000	0.624658200
290.0000	30.0000	10.0000	3.005766200
300.0000	30.0000	10.0000	1.671237700
310.0000	30.0000	10.0000	1.107833500
320.0000	30.0000	10.0000	0.302721740
330.0000	30.0000	10.0000	0.186944200
340.0000	30.0000	10.0000	0.388622280
350.0000	30.0000	10.0000	0.874610600
360.0000	30.0000	10.0000	1.000000000
0.0000	40.0000	10.0000	0.257295550
10.0000	40.0000	10.0000	0.171727730
20.0000	40.0000	10.0000	0.049646480
30.0000	40.0000	10.0000	0.361381170
40.0000	40.0000	10.0000	1.279263000
50.0000	40.0000	10.0000	0.934473600
60.0000	40.0000	10.0000	0.572379500
70.0000	40.0000	10.0000	0.431899520
80.0000	40.0000	10.0000	0.399655250
90.0000	40.0000	10.0000	0.780532600
100.0000	40.0000	10.0000	1.257450600
110.0000	40.0000	10.0000	1.221537400
120.0000	40.0000	10.0000	0.914907340
130.0000	40.0000	10.0000	0.568468800
140.0000	40.0000	10.0000	0.398350100
150.0000	40.0000	10.0000	0.452719500
160.0000	40.0000	10.0000	1.599507600
170.0000	40.0000	10.0000	0.928088960
180.0000	40.0000	10.0000	1.416682400
190.0000	40.0000	10.0000	0.620488700
200.0000	40.0000	10.0000	0.090016940
210.0000	40.0000	10.0000	0.538871100
220.0000	40.0000	10.0000	1.586058000
230.0000	40.0000	10.0000	1.674545400
240.0000	40.0000	10.0000	0.743311350
250.0000	40.0000	10.0000	0.391731140
260.0000	40.0000	10.0000	0.389597240
270.0000	40.0000	10.0000	0.335666630
280.0000	40.0000	10.0000	0.411078420
290.0000	40.0000	10.0000	1.079072400
300.0000	40.0000	10.0000	1.178903100
310.0000	40.0000	10.0000	0.828492940
320.0000	40.0000	10.0000	0.439202670
330.0000	40.0000	10.0000	0.710583200
340.0000	40.0000	10.0000	2.054370900
350.0000	40.0000	10.0000	1.140560700
360.0000	40.0000	10.0000	1.000000000
0.0000	50.0000	10.0000	1.320340300
10.0000	50.0000	10.0000	0.565119000
20.0000	50.0000	10.0000	0.137865290
30.0000	50.0000	10.0000	0.429147330
40.0000	50.0000	10.0000	0.694472550
50.0000	50.0000	10.0000	0.434425700
60.0000	50.0000	10.0000	0.158063750
70.0000	50.0000	10.0000	0.205112550
80.0000	50.0000	10.0000	0.722392140
90.0000	50.0000	10.0000	1.152399500
100.0000	50.0000	10.0000	0.665966700
110.0000	50.0000	10.0000	0.591856200
120.0000	50.0000	10.0000	0.510510560
130.0000	50.0000	10.0000	0.545388500
140.0000	50.0000	10.0000	0.706439300
150.0000	50.0000	10.0000	0.444474700
160.0000	50.0000	10.0000	0.370044020
170.0000	50.0000	10.0000	0.533424260
180.0000	50.0000	10.0000	1.042006900
190.0000	50.0000	10.0000	0.392390250
200.0000	50.0000	10.0000	0.138580980
210.0000	50.0000	10.0000	0.585506000
220.0000	50.0000	10.0000	1.120588700
230.0000	50.0000	10.0000	1.080607500
240.0000	50.0000	10.0000	0.921970670
250.0000	50.0000	10.0000	1.215810300
260.0000	50.0000	10.0000	0.567403400
270.0000	50.0000	10.0000	0.407146500
280.0000	50.0000	10.0000	0.595377600
290.0000	50.0000	10.0000	0.696747500
300.0000	50.0000	10.0000	0.593852000
310.0000	50.0000	10.0000	0.550527930
320.0000	50.0000	10.0000	0.400078700
330.0000	50.0000	10.0000	0.581802370
340.0000	50.0000	10.0000	0.956760760
350.0000	50.0000	10.0000	0.620174500
360.0000	50.0000	10.0000	1.000000000
0.0000	60.0000	10.0000	0.594503340
10.0000	60.0000	10.0000	0.377556470
20.0000	60.0000	10.0000	0.418133970
30.0000	60.0000	10.0000	0.586122800
40.0000	60.0000	10.0000	0.476371170
50.0000	60.0000	10.0000	0.532677530
60.0000	60.0000	10.0000	0.280727680
70.0000	60.0000	10.0000	0.371204320
80.0000	60.0000	10.0000	0.875233300
90.0000	60.0000	10.0000	0.421493800
100.0000	60.0000	10.0000	0.264669360
110.0000	60.0000	10.0000	0.565987600
120.0000	60.0000	10.0000	0.500453770
130.0000	60.0000	10.0000	0.288611230
140.0000	60.0000	10.0000	0.291005970
150.0000	60.0000	10.0000	0.332582530
160.0000	60.0000	10.0000	0.406647200
170.0000	60.0000	10.0000	1.003706100
180.0000	60.0000	10.0000	1.160006400
190.0000	60.0000	10.0000	0.473205150
200.0000	60.0000	10.0000	0.282098030
210.0000	60.0000	10.0000	0.610922630
220.0000	60.0000	10.0000	0.894883900
230.0000	60.0000	10.0000	1.044871400
240.0000	60.0000	10.0000	0.859089700
250.0000	60.0000	10.0000	1.615640200
260.0000	60.0000	10.0000	1.291329300
270.0000	60.0000	10.0000	0.644898400
280.0000	60.0000	10.0000	0.505041700
290.0000	60.0000	10.0000	0.360013960
300.0000	60.0000	10.0000	0.249746780
310.0000	60.0000	10.0000	0.219639020
320.0000	60.0000	10.0000	0.307945850
330.0000	60.0000	10.0000	0.395228200
340.0000	60.0000	10.0000	0.675519470
350.0000	60.0000	10.0000	1.633135400
360.0000	60.0000	10.0000	1.000000000
0.0000	70.0000	10.0000	1.222170000
10.0000	70.0000	10.0000	0.735715270
20.0000	70.0000	10.0000	0.397310440
30.0000	70.0000	10.0000	0.428096470
40.0000	70.0000	10.0000	0.492111700
50.0000	70.0000	10.0000	0.572558900
60.0000	70.0000	10.0000	0.575810250
70.0000	70.0000	10.0000	0.535875860
80.0000	70.0000	10.0000	0.199837280
90.0000	70.0000	10.0000	0.122929730
100.0000	70.0000	10.0000	0.221572950
110.0000	70.0000	10.0000	0.434401330
120.0000	70.0000	10.0000	0.363277260
130.0000	70.0000	10.0000	0.237090870
140.0000	70.0000	10.0000	0.201740000
150.0000	70.0000	10.0000	0.349698100
160.0000	70.0000	10.0000	0.890287640
170.0000	70.0000	10.0000	1.091876700
180.0000	70.0000	10.0000	0.820745200
190.0000	70.0000	10.0000	1.032106800
200.0000	70.0000	10.0000	0.860923300
210.0000	70.0000	10.0000	0.720981700
220.0000	70.0000	10.0000	0.666794100
230.0000	70.0000	10.0000	0.505137200
240.0000	70.0000	10.0000	0.355745600
250.0000	70.0000	10.0000	0.573279140
260.0000	70.0000	10.0000	0.476446930
270.0000	70.0000	10.0000	0.369331180
280.0000	70.0000	10.0000	0.356615100
290.0000	70.0000	10.0000	0.294500020
300.0000	70.0000	10.0000	0.260836570
310.0000	70.0000	10.0000	0.230286800
320.0000	70.0000	10.0000	0.338417600
330.0000	70.0000	10.0000	0.483757760
340.0000	70.0000	10.0000	0.757941840
350.0000	70.0000	10.0000	1.864039100
360.0000	70.0000	10.0000	1.000000000
0.0000	80.0000	10.0000	0.199323040
10.0000	80.0000	10.0000	0.370933100
20.0000	80.0000	10.0000	0.796119100
30.0000	80.0000	10.0000	0.475656270
40.0000	80.0000	10.0000	0.541854900
50.0000	80.0000	10.0000	0.369735960
60.0000	80.0000	10.0000	0.364527940
70.0000	80.0000	10.0000	0.463589220
80.0000	80.0000	10.0000	0.367062180
90.0000	80.0000	10.0000	0.344081040
100.0000	80.0000	10.0000	0.381266500
110.0000	80.0000	10.0000	0.425073980
120.0000	80.0000	10.0000	0.346862550
130.0000	80.0000	10.0000	0.297910180
140.0000	80.0000	10.0000	0.410336260
150.0000	80.0000	10.0000	0.742569600
160.0000	80.0000	10.0000	2.031572800
170.0000	80.0000	10.0000	2.934965100
180.0000	80.0000	10.0000	2.753615600
190.0000	80.0000	10.0000	3.193107400
200.0000	80.0000	10.0000	1.909806500
210.0000	80.0000	10.0000	1.296786300
220.0000	80.0000	10.0000	0.580258670
230.0000	80.0000	10.0000	0.231516470
240.0000	80.0000	10.0000	0.302780330
250.0000	80.0000	10.0000	0.441403960
260.0000	80.0000	10.0000	0.320362630
270.0000	80.0000	10.0000	0.419527300
280.0000	80.0000	10.0000	0.604974100
290.0000	80.0000	10.0000	0.592349900
300.0000	80.0000	10.0000	0.291505900
310.0000	80.0000	10.0000	0.367596420
320.0000	80.0000	10.0000	0.575579000
330.0000	80.0000	10.0000	0.689851400
340.0000	80.0000	10.0000	0.911621500
350.0000	80.0000	10.0000	1.685609000
360.0000	80.0000	10.0000	1.000000000
0.0000	90.0000	10.0000	4.633198000
10.0000	90.0000	10.0000	1.854713600
20.0000	90.0000	10.0000	2.219276200
30.0000	90.0000	10.0000	0.611440360
40.0000	90.0000	10.0000	0.555210000
50.0000	90.0000	10.0000	0.246400790
60.0000	90.0000	10.0000	0.145211920
70.0000	90.0000	10.0000	0.337971780
80.0000	90.0000	10.0000	0.517375770
90.0000	90.0000	10.0000	0.739428460
100.0000	90.0000	10.0000	0.455320480
110.0000	90.0000	10.0000	0.813681240
120.0000	90.0000	10.0000	0.491326360
130.0000	90.0000	10.0000	0.377156200
140.0000	90.0000	10.0000	0.727230850
150.0000	90.0000	10.0000	1.609089100
160.0000	90.0000	10.0000	4.460255000
170.0000	90.0000	10.0000	4.785104000
180.0000	90.0000	10.0000	4.720389000
190.0000	90.0000	10.0000	4.935643700
200.0000	90.0000	10.0000	1.944266100
210.0000	90.0000	10.0000	1.941436400
220.0000	90.0000	10.0000	0.659274700
230.0000	90.0000	10.0000	0.210496990
240.0000	90.0000	10.0000	0.416994480
250.0000	90.0000	10.0000	0.499480200
260.0000	90.0000	10.0000	0.463086280
270.0000	90.0000	10.0000	0.543155850
280.0000	90.0000	10.0000	0.712869100
290.0000	90.0000	10.0000	1.477684100
300.0000	90.0000	10.0000	0.375357540
310.0000	90.0000	10.0000	0.485533480
320.0000	90.0000	10.0000	0.908032200
330.0000	90.0000	10.0000	0.956347640
340.0000	90.0000	10.0000	1.509437900
350.0000	90.0000	10.0000	2.946266200
360.0000	90.0000	10.0000	1.000000000
0.0000	0.0000	20.0000	1.000000000
10.0000	0.0000	20.0000	1.000000000
20.0000	0.0000	20.0000	1.000000000
30.0000	0.0000	20.0000	1.000000000
40.0000	0.0000	20.0000	1.000000000
50.0000	0.0000	20.0000	1.000000000
60.0000	0.0000	20.0000	1.000000000
70.0000	0.0000	20.0000	1.000000000
80.0000	0.0000	20.0000	1.000000000
90.0000	0.0000	20.0000	1.000000000
100.0000	0.0000	20.0000	1.000000000
110.0000	0.0000	20.0000	1.000000000
120.0000	0.0000	20.0000	1.000000000
130.0000	0.0000	20.0000	1.000000000
140.0000	0.0000	20.0000	1.000000000
150.0000	0.0000	20.0000	1.000000000
160.0000	0.0000	20.0000	1.000000000
170.0000	0.0000	20.0000	1.000000000
180.0000	0.0000	20.0000	1.000000000
190.0000	0.0000	20.0000	1.000000000
200.0000	0.0000	20.0000	1.000000000
210.0000	0.0000	20.0000	1.000000000
220.0000	0.0000	20.0000	1.000000000
230.0000	0.0000	20.0000	1.000000000
240.0000	0.0000	20.0000	1.000000000
250.0000	0.0000	20.0000	1.000000000
260.0000	0.0000	20.0000	1.000000000
270.0000	0.0000	20.0000	1.000000000
280.0000	0.0000	20.0000	1.000000000
290.0000	0.0000	20.0000	1.000000000
300.0000	0.0000	20.0000	1.000000000
310.0000	0.0000	20.0000	1.000000000
320.0000	0.0000	20.0000	1.000000000
330.0000	0.0000	20.0000	1.000000000
340.0000	0.0000	20.0000	1.000000000
350.0000	0.0000	20.0000	1.000000000
360.0000	0.0000	20.0000	1.000000000
0.0000	10.0000	20.0000	0.636308430
10.0000	10.0000	20.0000	0.520496500
20.0000	10.0000	20.0000	3.245659400
30.0000	10.0000	20.0000	0.222413330
40.0000	10.0000	20.0000	0.390719320
50.0000	10.0000	20.0000	1.475803500
60.0000	10.0000	20.0000	0.692044730
70.0000	10.0000	20.0000	0.185206170
80.0000	10.0000	20.0000	0.751561050
90.0000	10.0000	20.0000	1.175726900
100.0000	10.0000	20.0000	0.798153900
110.0000	10.0000	20.0000	0.837049700
120.0000	10.0000	20.0000	0.195076970
130.0000	10.0000	20.0000	0.065989090
140.0000	10.0000	20.0000	0.225955380
150.0000	10.0000	20.0000	0.193280580
160.0000	10.0000	20.0000	1.733697900
170.0000	10.0000	20.0000	4.219239700
180.0000	10.0000	20.0000	1.157616400
190.0000	10.0000	20.0000	1.177361400
200.0000	10.0000	20.0000	3.250533000
210.0000	10.0000	20.0000	0.401450130
220.0000	10.0000	20.0000	0.374632300
230.0000	10.0000	20.0000	0.589775200
240.0000	10.0000	20.0000	0.708351730
250.0000	10.0000	20.0000	0.380957750
260.0000	10.0000	20.0000	0.182038110
270.0000	10.0000	20.0000	0.394257160
280.0000	10.0000	20.0000	0.943743350
290.0000	10.0000	20.0000	1.583421800
300.0000	10.0000	20.0000	0.352087080
310.0000	10.0000	20.0000	0.107317970
320.0000	10.0000	20.0000	0.255158750
330.0000	10.0000	20.0000	0.315637140
340.0000	10.0000	20.0000	3.133980500
350.0000	10.0000	20.0000	6.648093000
360.0000	10.0000	20.0000	1.000000000
0.0000	20.0000	20.0000	2.114177200
10.0000	20.0000	20.0000	1.371820700
20.0000	20.0000	20.0000	0.654158400
30.0000	20.0000	20.0000	0.379824820
40.0000	20.0000	20.0000	0.623005500
50.0000	20.0000	20.0000	1.374296500
60.0000	20.0000	20.0000	0.564353200
70.0000	20.0000	20.0000	0.241025340
80.0000	20.0000	20.0000	0.471977770
90.0000	20.0000	20.0000	1.123689400
100.0000	20.0000	20.0000	2.241404800
110.0000	20.0000	20.0000	1.799845900
120.0000	20.0000	20.0000	0.332788970
130.0000	20.0000	20.0000	0.088304400
140.0000	20.0000	20.0000	0.158860430
150.0000	20.0000	20.0000	0.336202920
160.0000	20.0000	20.0000	0.776098900
170.0000	20.0000	20.0000	1.515659800
180.0000	20.0000	20.0000	0.568529840
190.0000	20.0000	20.0000	0.974706800
200.0000	20.0000	20.0000	0.911833700
210.0000	20.0000	20.0000	0.371672700
220.0000	20.0000	20.0000	0.616140500
230.0000	20.0000	20.0000	1.521359900
240.0000	20.0000	20.0000	0.903879760
250.0000	20.0000	20.0000	0.683017200
260.0000	20.0000	20.0000	0.433895950
270.0000	20.0000	20.0000	0.552037600
280.0000	20.0000	20.0000	1.323740600
290.0000	20.0000	20.0000	1.041983800
300.0000	20.0000	20.0000	0.387990100
310.0000	20.0000	20.0000	0.155220260
320.0000	20.0000	20.0000	0.127978490
330.0000	20.0000	20.0000	0.163201600
340.0000	20.0000	20.0000	0.849123240
350.0000	20.0000	20.0000	1.305988000
360.0000	20.0000	20.0000	1.000000000
0.0000	30.0000	20.0000	0.867404200
10.0000	30.0000	20.0000	0.622795050
20.0000	30.0000	20.0000	0.297164230
30.0000	30.0000	20.0000	0.592987950
40.0000	30.0000	20.0000	0.819166960
50.0000	30.0000	20.0000	0.486921300
60.0000	30.0000	20.0000	0.314763500
70.0000	30.0000	20.0000	0.448872770
80.0000	30.0000	20.0000	0.604350570
90.0000	30.0000	20.0000	0.620619000
100.0000	30.0000	20.0000	1.056626100
110.0000	30.0000	20.0000	1.134077000
120.0000	30.0000	20.0000	0.781933550
130.0000	30.0000	20.0000	0.461784700
140.0000	30.0000	20.0000	0.528027800
150.0000	30.0000	20.0000	1.781425500
160.0000	30.0000	20.0000	2.983599200
170.0000	30.0000	20.0000	2.699004700
180.0000	30.0000	20.0000	1.079121100
190.0000	30.0000	20.0000	0.438022600
200.0000	30.0000	20.0000	0.363688830
210.0000	30.0000	20.0000	0.612896200
220.0000	30.0000	20.0000	1.701800700
230.0000	30.0000	20.0000	1.447326400
240.0000	30.0000	20.0000	1.000344300
250.0000	30.0000	20.0000	0.782613300
260.0000	30.0000	20.0000	0.738706350
270.0000	30.0000	20.0000	0.560584960
280.0000	30.0000	20.0000	0.761735740
290.0000	30.0000	20.0000	1.224615000
300.0000	30.0000	20.0000	0.662097160
310.0000	30.0000	20.0000	0.366265060
320.0000	30.0000	20.0000	0.258418700
330.0000	30.0000	20.0000	0.234460100
340.0000	30.0000	20.0000	0.243871690
350.0000	30.0000	20.0000	0.984209950
360.0000	30.0000	20.0000	1.000000000
0.0000	40.0000	20.0000	0.178552780
10.0000	40.0000	20.0000	0.172763440
20.0000	40.0000	20.0000	0.208092260
30.0000	40.0000	20.0000	0.639633600
40.0000	40.0000	20.0000	1.079397300
50.0000	40.0000	20.0000	0.451918040
60.0000	40.0000	20.0000	0.242478890
70.0000	40.0000	20.0000	0.398592900
80.0000	40.0000	20.0000	0.378705600
90.0000	40.0000	20.0000	0.439458250
100.0000	40.0000	20.0000	0.774727800
110.0000	40.0000	20.0000	0.735167500
120.0000	40.0000	20.0000	0.790946400
130.0000	40.0000	20.0000	0.787538770
140.0000	40.0000	20.0000	0.549013500
150.0000	40.0000	20.0000	1.143916200
160.0000	40.0000	20.0000	1.506252200
170.0000	40.0000	20.0000	0.813232060
180.0000	40.0000	20.0000	0.902680100
190.0000	40.0000	20.0000	0.526938300
200.0000	40.0000	20.0000	0.388175900
210.0000	40.0000	20.0000	1.331376900
220.0000	40.0000	20.0000	2.482075700
230.0000	40.0000	20.0000	1.233111600
240.0000	40.0000	20.0000	0.703776960
250.0000	40.0000	20.0000	0.677807800
260.0000	40.0000	20.0000	0.572719400
270.0000	40.0000	20.0000	0.520169730
280.0000	40.0000	20.0000	0.593265300
290.0000	40.0000	20.0000	1.261236100
300.0000	40.0000	20.0000	0.823451460
310.0000	40.0000	20.0000	0.845736900
320.0000	40.0000	20.0000	0.587308600
330.0000	40.0000	20.0000	0.617174570
340.0000	40.0000	20.0000	0.912734500
350.0000	40.0000	20.0000	1.194872500
360.0000	40.0000	20.0000	1.000000000
0.0000	50.0000	20.0000	1.041575700
10.0000	50.0000	20.0000	0.642347930
20.0000	50.0000	20.0000	0.475993480
30.0000	50.0000	20.0000	0.818915200
40.0000	50.0000	20.0000	1.593064000
50.0000	50.0000	20.0000	1.390145200
60.0000	50.0000	20.0000	0.886805530
70.0000	50.0000	20.0000	0.644834000
80.0000	50.0000	20.0000	0.708143400
90.0000	50.0000	20.0000	0.762062500
100.0000	50.0000	20.0000	0.823479800
110.0000	50.0000	20.0000	0.735702000
120.0000	50.0000	20.0000	0.429332970
130.0000	50.0000	20.0000	0.555586400
140.0000	50.0000	20.0000	0.512085800
150.0000	50.0000	20.0000	0.572569100
160.0000	50.0000	20.0000	0.451878960
170.0000	50.0000	20.0000	0.854009330
180.0000	50.0000	20.0000	0.915350300
190.0000	50.0000	20.0000	0.495685130
200.0000	50.0000	20.0000	0.662656370
210.0000	50.0000	20.0000	1.652197700
220.0000	50.0000	20.0000	1.671321200
230.0000	50.0000	20.0000	0.877212940
240.0000	50.0000	20.0000	0.817386900
250.0000	50.0000	20.0000	0.779939600
260.0000	50.0000	20.0000	0.563398240
270.0000	50.0000	20.0000	0.483210560
280.0000	50.0000	20.0000	0.717753950
290.0000	50.0000	20.0000	0.761095170
300.0000	50.0000	20.0000	0.843419500
310.0000	50.0000	20.0000	0.489908370
320.0000	50.0000	20.0000	0.431926500
330.0000	50.0000	20.0000	0.725279900
340.0000	50.0000	20.0000	0.752133400
350.0000	50.0000	20.0000	1.007245900
360.0000	50.0000	20.0000	1.000000000
0.0000	60.0000	20.0000	0.426278800
10.0000	60.0000	20.0000	0.343097980
20.0000	60.0000	20.0000	0.591890450
30.0000	60.0000	20.0000	0.584782700
40.0000	60.0000	20.0000	0.835190000
50.0000	60.0000	20.0000	1.331069200
60.0000	60.0000	20.0000	0.909246800
70.0000	60.0000	20.0000	1.820827700
80.0000	60.0000	20.0000	1.397937400
90.0000	60.0000	20.0000	0.242238540
100.0000	60.0000	20.0000	0.218419300
110.0000	60.0000	20.0000	0.312800100
120.0000	60.0000	20.0000	0.241859780
130.0000	60.0000	20.0000	0.432281760
140.0000	60.0000	20.0000	0.823916900
150.0000	60.0000	20.0000	1.115862700
160.0000	60.0000	20.0000	1.040637100
170.0000	60.0000	20.0000	2.255011000
180.0000	60.0000	20.0000	1.074916600
190.0000	60.0000	20.0000	0.577245350
200.0000	60.0000	20.0000	0.921092200
210.0000	60.0000	20.0000	1.126571500
220.0000	60.0000	20.0000	1.597480400
230.0000	60.0000	20.0000	1.524765400
240.0000	60.0000	20.0000	0.996759700
250.0000	60.0000	20.0000	1.362043300
260.0000	60.0000	20.0000	1.038186800
270.0000	60.0000	20.0000	0.444573850
280.0000	60.0000	20.0000	0.289976060
290.0000	60.0000	20.0000	0.345432700
300.0000	60.0000	20.0000	0.448571980
310.0000	60.0000	20.0000	0.287831570
320.0000	60.0000	20.0000	0.515967250
330.0000	60.0000	20.0000	0.861973500
340.0000	60.0000	20.0000	0.729861440
350.0000	60.0000	20.0000	1.338594300
360.0000	60.0000	20.0000	1.000000000
0.0000	70.0000	20.0000	0.768271450
10.0000	70.0000	20.0000	0.468087200
20.0000	70.0000	20.0000	0.495096360
30.0000	70.0000	20.0000	0.588869330
40.0000	70.0000	20.0000	0.732085900
50.0000	70.0000	20.0000	0.932177960
60.0000	70.0000	20.0000	0.677726270
70.0000	70.0000	20.0000	1.531369900
80.0000	70.0000	20.0000	0.520634200
90.0000	70.0000	20.0000	0.079727660
100.0000	70.0000	20.0000	0.085256940
110.0000	70.0000	20.0000	0.156402110
120.0000	70.0000	20.0000	0.200588210
130.0000	70.0000	20.0000	0.288852160
140.0000	70.0000	20.0000	0.649161340
150.0000	70.0000	20.0000	1.247500400
160.0000	70.0000	20.0000	2.566030700
170.0000	70.0000	20.0000	3.747708600
180.0000	70.0000	20.0000	1.032232800
190.0000	70.0000	20.0000	0.987422940
200.0000	70.0000	20.0000	1.284017300
210.0000	70.0000	20.0000	0.865150000
220.0000	70.0000	20.0000	1.093319700
230.0000	70.0000	20.0000	0.925905400
240.0000	70.0000	20.0000	0.369819500
250.0000	70.0000	20.0000	0.647171560
260.0000	70.0000	20.0000	0.460689900
270.0000	70.0000	20.0000	0.223221050
280.0000	70.0000	20.0000	0.166159390
290.0000	70.0000	20.0000	0.182868270
300.0000	70.0000	20.0000	0.509693740
310.0000	70.0000	20.0000	0.875694330
320.0000	70.0000	20.0000	1.170270100
330.0000	70.0000	20.0000	1.199083000
340.0000	70.0000	20.0000	1.359545100
350.0000	70.0000	20.0000	3.056893600
360.0000	70.0000	20.0000	1.000000000
0.0000	80.0000	20.0000	0.286523900
10.0000	80.0000	20.0000	0.413270150
20.0000	80.0000	20.0000	1.079056600
30.0000	80.0000	20.0000	0.741658700
40.0000	80.0000	20.0000	0.727956950
50.0000	80.0000	20.0000	0.419763180
60.0000	80.0000	20.0000	0.249262850
70.0000	80.0000	20.0000	0.385629200
80.0000	80.0000	20.0000	0.564557430
90.0000	80.0000	20.0000	0.316987570
100.0000	80.0000	20.0000	0.253192500
110.0000	80.0000	20.0000	0.466965530
120.0000	80.0000	20.0000	0.556191900
130.0000	80.0000	20.0000	0.449959340
140.0000	80.0000	20.0000	0.506773800
150.0000	80.0000	20.0000	0.735072140
160.0000	80.0000	20.0000	3.028768500
170.0000	80.0000	20.0000	9.304425000
180.0000	80.0000	20.0000	5.945096000
190.0000	80.0000	20.0000	5.795576600
200.0000	80.0000	20.0000	2.754651300
210.0000	80.0000	20.0000	1.035319400
220.0000	80.0000	20.0000	0.637594300
230.0000	80.0000	20.0000	0.399343730
240.0000	80.0000	20.0000	0.242129120
250.0000	80.0000	20.0000	0.471299980
260.0000	80.0000	20.0000	0.298556830
270.0000	80.0000	20.0000	0.313157140
280.0000	80.0000	20.0000	0.431092050
290.0000	80.0000	20.0000	0.604889330
300.0000	80.0000	20.0000	0.514868700
310.0000	80.0000	20.0000	0.628891100
320.0000	80.0000	20.0000	0.665347750
330.0000	80.0000	20.0000	0.891478000
340.0000	80.0000	20.0000	1.738894600
350.0000	80.0000	20.0000	4.644844000
360.0000	80.0000	20.0000	1.000000000
0.0000	90.0000	20.0000	4.648446000
10.0000	90.0000	20.0000	2.317940700
20.0000	90.0000	20.0000	3.454453700
30.0000	90.0000	20.0000	0.613854050
40.0000	90.0000	20.0000	0.578473030
50.0000	90.0000	20.0000	0.167843760
60.0000	90.0000	20.0000	0.108119590
70.0000	90.0000	20.0000	0.304971250
80.0000	90.0000	20.0000	0.850060800
90.0000	90.0000	20.0000	0.552359800
100.0000	90.0000	20.0000	0.447786270
110.0000	90.0000	20.0000	1.036761000
120.0000	90.0000	20.0000	1.003336700
130.0000	90.0000	20.0000	0.680279100
140.0000	90.0000	20.0000	0.653549700
150.0000	90.0000	20.0000	0.969246700
160.0000	90.0000	20.0000	4.945317000
170.0000	90.0000	20.0000	12.967879000
180.0000	90.0000	20.0000	12.684831000
190.0000	90.0000	20.0000	15.344601000
200.0000	90.0000	20.0000	3.194908400
210.0000	90.0000	20.0000	0.872341200
220.0000	90.0000	20.0000	0.584326300
230.0000	90.0000	20.0000	0.397031660
240.0000	90.0000	20.0000	0.445673850
250.0000	90.0000	20.0000	0.807367500
260.0000	90.0000	20.0000	0.452250870
270.0000	90.0000	20.0000	0.465586960
280.0000	90.0000	20.0000	0.809717500
290.0000	90.0000	20.0000	1.730375600
300.0000	90.0000	20.0000	0.479939700
310.0000	90.0000	20.0000	0.343928340
320.0000	90.0000	20.0000	0.397836200
330.0000	90.0000	20.0000	0.749611560
340.0000	90.0000	20.0000	1.893387600
350.0000	90.0000	20.0000	4.965048300
360.0000	90.0000	20.0000	1.000000000
0.0000	0.0000	30.0000	1.000000000
10.0000	0.0000	30.0000	1.000000000
20.0000	0.0000	30.0000	1.000000000
30.0000	0.0000	30.0000	1.000000000
40.0000	0.0000	30.0000	1.000000000
50.0000	0.0000	30.0000	1.000000000
60.0000	0.0000	30.0000	1.000000000
70.0000	0.0000	30.0000	1.000000000
80.0000	0.0000	30.0000	1.000000000
90.0000	0.0000	30.0000	1.000000000
100.0000	0.0000	30.0000	1.000000000
110.0000	0.0000	30.0000	1.000000000
120.0000	0.0000	30.0000	1.000000000
130.0000	0.0000	30.0000	1.000000000
140.0000	0.0000	30.0000	1.000000000
150.0000	0.0000	30.0000	1.000000000
160.0000	0.0000	30.0000	1.000000000
170.0000	0.0000	30.0000	1.000000000
180.0000	0.0000	30.0000	1.000000000
190.0000	0.0000	30.0000	1.000000000
200.0000	0.0000	30.0000	1.000000000
210.0000	0.0000	30.0000	1.000000000
220.0000	0.0000	30.0000	1.000000000
230.0000	0.0000	30.0000	1.000000000
240.0000	0.0000	30.0000	1.000000000
250.0000	0.0000	30.0000	1.000000000
260.0000	0.0000	30.0000	1.000000000
270.0000	0.0000	30.0000	1.000000000
280.0000	0.0000	30.0000	1.000000000
290.0000	0.0000	30.0000	1.000000000
300.0000	0.0000	30.0000	1.000000000
310.0000	0.0000	30.0000	1.000000000
320.0000	0.0000	30.0000	1.000000000
330.0000	0.0000	30.0000	1.000000000
340.0000	0.0000	30.0000	1.000000000
350.0000	0.0000	30.0000	1.000000000
360.0000	0.0000	30.0000	1.000000000
0.0000	10.0000	30.0000	0.481694070
10.0000	10.0000	30.0000	0.581678500
20.0000	10.0000	30.0000	4.753587000
30.0000	10.0000	30.0000	0.291160970
40.0000	10.0000	30.0000	0.632242740
50.0000	10.0000	30.0000	0.208019510
60.0000	10.0000	30.0000	0.091244340
70.0000	10.0000	30.0000	0.317534120
80.0000	10.0000	30.0000	1.001748800
90.0000	10.0000	30.0000	0.519317450
100.0000	10.0000	30.0000	0.950962200
110.0000	10.0000	30.0000	0.797042970
120.0000	10.0000	30.0000	0.100541020
130.0000	10.0000	30.0000	0.142173420
140.0000	10.0000	30.0000	0.433846440
150.0000	10.0000	30.0000	0.161463040
160.0000	10.0000	30.0000	1.826507400
170.0000	10.0000	30.0000	1.994923600
180.0000	10.0000	30.0000	0.714633940
190.0000	10.0000	30.0000	2.676101700
200.0000	10.0000	30.0000	5.764460600
210.0000	10.0000	30.0000	0.148028360
220.0000	10.0000	30.0000	0.491357100
230.0000	10.0000	30.0000	0.139801470
240.0000	10.0000	30.0000	0.146624060
250.0000	10.0000	30.0000	0.895970100
260.0000	10.0000	30.0000	0.599164840
270.0000	10.0000	30.0000	0.320245180
280.0000	10.0000	30.0000	0.596278370
290.0000	10.0000	30.0000	0.939030230
300.0000	10.0000	30.0000	0.113378175
310.0000	10.0000	30.0000	0.118559346
320.0000	10.0000	30.0000	0.620067700
330.0000	10.0000	30.0000	0.348731820
340.0000	10.0000	30.0000	3.700520500
350.0000	10.0000	30.0000	5.167618300
360.0000	10.0000	30.0000	1.000000000
0.0000	20.0000	30.0000	1.486157000
10.0000	20.0000	30.0000	1.779136400
20.0000	20.0000	30.0000	1.275781300
30.0000	20.0000	30.0000	0.823512800
40.0000	20.0000	30.0000	1.004914300
50.0000	20.0000	30.0000	0.590739130
60.0000	20.0000	30.0000	0.687414050
70.0000	20.0000	30.0000	1.187113400
80.0000	20.0000	30.0000	3.404689600
90.0000	20.0000	30.0000	3.771530000
100.0000	20.0000	30.0000	3.502737800
110.0000	20.0000	30.0000	1.807168500
120.0000	20.0000	30.0000	0.604682150
130.0000	20.0000	30.0000	0.519114100
140.0000	20.0000	30.0000	0.865203900
150.0000	20.0000	30.0000	0.474679350
160.0000	20.0000	30.0000	0.741200800
170.0000	20.0000	30.0000	1.161189000
180.0000	20.0000	30.0000	0.643710730
190.0000	20.0000	30.0000	2.292312600
200.0000	20.0000	30.0000	1.608263500
210.0000	20.0000	30.0000	0.491203500
220.0000	20.0000	30.0000	0.632743950
230.0000	20.0000	30.0000	0.335625100
240.0000	20.0000	30.0000	0.469032730
250.0000	20.0000	30.0000	1.229361300
260.0000	20.0000	30.0000	1.670537000
270.0000	20.0000	30.0000	1.277686700
280.0000	20.0000	30.0000	1.322826300
290.0000	20.0000	30.0000	1.551947800
300.0000	20.0000	30.0000	0.515955450
310.0000	20.0000	30.0000	0.281261650
320.0000	20.0000	30.0000	0.524323400
330.0000	20.0000	30.0000	0.431786180
340.0000	20.0000	30.0000	1.498058200
350.0000	20.0000	30.0000	1.315288300
360.0000	20.0000	30.0000	1.000000000
0.0000	30.0000	30.0000	1.089505700
10.0000	30.0000	30.0000	1.549080700
20.0000	30.0000	30.0000	1.096200700
30.0000	30.0000	30.0000	0.776867300
40.0000	30.0000	30.0000	0.540662770
50.0000	30.0000	30.0000	0.342704060
60.0000	30.0000	30.0000	0.525980500
70.0000	30.0000	30.0000	0.664923500
80.0000	30.0000	30.0000	1.626123800
90.0000	30.0000	30.0000	2.708861400
100.0000	30.0000	30.0000	2.150395600
110.0000	30.0000	30.0000	1.093625900
120.0000	30.0000	30.0000	0.575994200
130.0000	30.0000	30.0000	0.426040100
140.0000	30.0000	30.0000	1.593710000
150.0000	30.0000	30.0000	2.344023000
160.0000	30.0000	30.0000	1.909465600
170.0000	30.0000	30.0000	1.659941000
180.0000	30.0000	30.0000	0.850180000
190.0000	30.0000	30.0000	0.871473500
200.0000	30.0000	30.0000	0.925328400
210.0000	30.0000	30.0000	1.920631600
220.0000	30.0000	30.0000	1.847525200
230.0000	30.0000	30.0000	0.512882950
240.0000	30.0000	30.0000	0.677684500
250.0000	30.0000	30.0000	0.960055350
260.0000	30.0000	30.0000	1.545382400
270.0000	30.0000	30.0000	1.775324100
280.0000	30.0000	30.0000	2.107727800
290.0000	30.0000	30.0000	2.336373000
300.0000	30.0000	30.0000	0.576383500
310.0000	30.0000	30.0000	0.170469100
320.0000	30.0000	30.0000	0.368249500
330.0000	30.0000	30.0000	0.521775540
340.0000	30.0000	30.0000	1.003376200
350.0000	30.0000	30.0000	1.614340900
360.0000	30.0000	30.0000	1.000000000
0.0000	40.0000	30.0000	0.255135480
10.0000	40.0000	30.0000	0.453577600
20.0000	40.0000	30.0000	1.193403200
30.0000	40.0000	30.0000	0.875518740
40.0000	40.0000	30.0000	0.509436600
50.0000	40.0000	30.0000	0.484390000
60.0000	40.0000	30.0000	0.554351900
70.0000	40.0000	30.0000	0.388745250
80.0000	40.0000	30.0000	0.224518760
90.0000	40.0000	30.0000	0.196812420
100.0000	40.0000	30.0000	0.381174680
110.0000	40.0000	30.0000	0.533794760
120.0000	40.0000	30.0000	0.495573970
130.0000	40.0000	30.0000	0.406505200
140.0000	40.0000	30.0000	0.802624600
150.0000	40.0000	30.0000	1.374537200
160.0000	40.0000	30.0000	2.541174200
170.0000	40.0000	30.0000	0.793961640
180.0000	40.0000	30.0000	0.686847600
190.0000	40.0000	30.0000	1.534197700
200.0000	40.0000	30.0000	1.915468900
210.0000	40.0000	30.0000	1.931964600
220.0000	40.0000	30.0000	1.081514400
230.0000	40.0000	30.0000	0.561574760
240.0000	40.0000	30.0000	0.673904540
250.0000	40.0000	30.0000	0.983485400
260.0000	40.0000	30.0000	0.618154170
270.0000	40.0000	30.0000	0.579014800
280.0000	40.0000	30.0000	1.328310600
290.0000	40.0000	30.0000	1.231104700
300.0000	40.0000	30.0000	0.462952170
310.0000	40.0000	30.0000	0.375191240
320.0000	40.0000	30.0000	0.786966900
330.0000	40.0000	30.0000	0.788790000
340.0000	40.0000	30.0000	1.232554600
350.0000	40.0000	30.0000	1.210503200
360.0000	40.0000	30.0000	1.000000000
0.0000	50.0000	30.0000	1.183000600
10.0000	50.0000	30.0000	1.438331700
20.0000	50.0000	30.0000	1.716611100
30.0000	50.0000	30.0000	1.356196000
40.0000	50.0000	30.0000	1.116528300
50.0000	50.0000	30.0000	1.538142100
60.0000	50.0000	30.0000	1.829015400
70.0000	50.0000	30.0000	1.147618800
80.0000	50.0000	30.0000	0.438825300
90.0000	50.0000	30.0000	0.234233230
100.0000	50.0000	30.0000	0.671956900
110.0000	50.0000	30.0000	1.063964600
120.0000	50.0000	30.0000	1.159581300
130.0000	50.0000	30.0000	0.902955500
140.0000	50.0000	30.0000	1.018244300
150.0000	50.0000	30.0000	1.518601500
160.0000	50.0000	30.0000	2.559213600
170.0000	50.0000	30.0000	1.206671600
180.0000	50.0000	30.0000	0.952739600
190.0000	50.0000	30.0000	2.026513000
200.0000	50.0000	30.0000	2.397647900
210.0000	50.0000	30.0000	1.244072300
220.0000	50.0000	30.0000	0.905705600
230.0000	50.0000	30.0000	0.625427900
240.0000	50.0000	30.0000	0.632330300
250.0000	50.0000	30.0000	0.408409480
260.0000	50.0000	30.0000	0.320199580
270.0000	50.0000	30.0000	0.410888550
280.0000	50.0000	30.0000	0.743667900
290.0000	50.0000	30.0000	0.474301960
300.0000	50.0000	30.0000	0.383077980
310.0000	50.0000	30.0000	0.655344370
320.0000	50.0000	30.0000	1.829229600
330.0000	50.0000	30.0000	1.328251800
340.0000	50.0000	30.0000	1.494529000
350.0000	50.0000	30.0000	1.520444900
360.0000	50.0000	30.0000	1.000000000
0.0000	60.0000	30.0000	0.765995900
10.0000	60.0000	30.0000	1.030692300
20.0000	60.0000	30.0000	2.861095000
30.0000	60.0000	30.0000	1.604054800
40.0000	60.0000	30.0000	1.376079100
50.0000	60.0000	30.0000	1.745922000
60.0000	60.0000	30.0000	0.928488000
70.0000	60.0000	30.0000	0.767850160
80.0000	60.0000	30.0000	0.502880200
90.0000	60.0000	30.0000	0.118308740
100.0000	60.0000	30.0000	0.263626220
110.0000	60.0000	30.0000	0.415475930
120.0000	60.0000	30.0000	0.581507800
130.0000	60.0000	30.0000	1.251573700
140.0000	60.0000	30.0000	2.425905000
150.0000	60.0000	30.0000	2.784003300
160.0000	60.0000	30.0000	3.631438700
170.0000	60.0000	30.0000	2.432067900
180.0000	60.0000	30.0000	1.234116400
190.0000	60.0000	30.0000	1.816358900
200.0000	60.0000	30.0000	1.942401600
210.0000	60.0000	30.0000	1.132316100
220.0000	60.0000	30.0000	1.605951200
230.0000	60.0000	30.0000	1.029536800
240.0000	60.0000	30.0000	0.561472500
250.0000	60.0000	30.0000	0.283774730
260.0000	60.0000	30.0000	0.228102370
270.0000	60.0000	30.0000	0.209226000
280.0000	60.0000	30.0000	0.265546200
290.0000	60.0000	30.0000	0.447473680
300.0000	60.0000	30.0000	0.599542500
310.0000	60.0000	30.0000	0.740953300
320.0000	60.0000	30.0000	1.515772300
330.0000	60.0000	30.0000	1.457667100
340.0000	60.0000	30.0000	1.691863200
350.0000	60.0000	30.0000	2.154629700
360.0000	60.0000	30.0000	1.000000000
0.0000	70.0000	30.0000	1.450910100
10.0000	70.0000	30.0000	1.768295800
20.0000	70.0000	30.0000	3.335008100
30.0000	70.0000	30.0000	1.648426900
40.0000	70.0000	30.0000	1.255837800
50.0000	70.0000	30.0000	1.195770500
60.0000	70.0000	30.0000	0.725232960
70.0000	70.0000	30.0000	0.656089300
80.0000	70.0000	30.0000	0.190281470
90.0000	70.0000	30.0000	0.045988806
100.0000	70.0000	30.0000	0.085056790
110.0000	70.0000	30.0000	0.151552570
120.0000	70.0000	30.0000	0.259056150
130.0000	70.0000	30.0000	0.574189660
140.0000	70.0000	30.0000	1.131271700
150.0000	70.0000	30.0000	1.548386900
160.0000	70.0000	30.0000	4.053829000
170.0000	70.0000	30.0000	3.258576200
180.0000	70.0000	30.0000	1.275188600
190.0000	70.0000	30.0000	2.099181000
200.0000	70.0000	30.0000	2.513828500
210.0000	70.0000	30.0000	1.067563900
220.0000	70.0000	30.0000	1.067005800
230.0000	70.0000	30.0000	0.498005900
240.0000	70.0000	30.0000	0.297260940
250.0000	70.0000	30.0000	0.594009100
260.0000	70.0000	30.0000	0.214973210
270.0000	70.0000	30.0000	0.099353920
280.0000	70.0000	30.0000	0.133307900
290.0000	70.0000	30.0000	0.346968300
300.0000	70.0000	30.0000	0.835422930
310.0000	70.0000	30.0000	2.100349200
320.0000	70.0000	30.0000	1.951171400
330.0000	70.0000	30.0000	1.246500500
340.0000	70.0000	30.0000	2.986188000
350.0000	70.0000	30.0000	4.376456300
360.0000	70.0000	30.0000	1.000000000
0.0000	80.0000	30.0000	0.856022000
10.0000	80.0000	30.0000	1.528229800
20.0000	80.0000	30.0000	4.586862000
30.0000	80.0000	30.0000	1.358142700
40.0000	80.0000	30.0000	0.950195400
50.0000	80.0000	30.0000	0.713838760
60.0000	80.0000	30.0000	0.618482530
70.0000	80.0000	30.0000	0.745566070
80.0000	80.0000	30.0000	0.527464400
90.0000	80.0000	30.0000	0.322092120
100.0000	80.0000	30.0000	0.308381800
110.0000	80.0000	30.0000	0.523539000
120.0000	80.0000	30.0000	0.484549640
130.0000	80.0000	30.0000	0.583164900
140.0000	80.0000	30.0000	0.894928040
150.0000	80.0000	30.0000	1.243886700
160.0000	80.0000	30.0000	4.294873700
170.0000	80.0000	30.0000	8.029670000
180.0000	80.0000	30.0000	6.132637000
190.0000	80.0000	30.0000	7.785949700
200.0000	80.0000	30.0000	4.067697500
210.0000	80.0000	30.0000	1.162504000
220.0000	80.0000	30.0000	0.826783300
230.0000	80.0000	30.0000	0.392137770
240.0000	80.0000	30.0000	0.287318020
250.0000	80.0000	30.0000	0.744795300
260.0000	80.0000	30.0000	0.344731570
270.0000	80.0000	30.0000	0.212265910
280.0000	80.0000	30.0000	0.345352830
290.0000	80.0000	30.0000	0.673282400
300.0000	80.0000	30.0000	0.556951800
310.0000	80.0000	30.0000	0.999704400
320.0000	80.0000	30.0000	0.962664800
330.0000	80.0000	30.0000	0.960148700
340.0000	80.0000	30.0000	3.117665500
350.0000	80.0000	30.0000	9.028513000
360.0000	80.0000	30.0000	1.000000000
0.0000	90.0000	30.0000	9.751153000
10.0000	90.0000	30.0000	5.961056000
20.0000	90.0000	30.0000	8.465201000
30.0000	90.0000	30.0000	1.684407100
40.0000	90.0000	30.0000	1.367744800
50.0000	90.0000	30.0000	0.985549400
60.0000	90.0000	30.0000	0.728369200
70.0000	90.0000	30.0000	0.834330860
80.0000	90.0000	30.0000	0.880529200
90.0000	90.0000	30.0000	0.716689650
100.0000	90.0000	30.0000	0.999014100
110.0000	90.0000	30.0000	1.802455300
120.0000	90.0000	30.0000	1.104864100
130.0000	90.0000	30.0000	1.359386700
140.0000	90.0000	30.0000	1.761099600
150.0000	90.0000	30.0000	1.892378100
160.0000	90.0000	30.0000	5.545688000
170.0000	90.0000	30.0000	11.355056000
180.0000	90.0000	30.0000	11.768680000
190.0000	90.0000	30.0000	16.693962000
200.0000	90.0000	30.0000	5.006724400
210.0000	90.0000	30.0000	1.489644800
220.0000	90.0000	30.0000	1.149254400
230.0000	90.0000	30.0000	0.835823500
240.0000	90.0000	30.0000	0.664306800
250.0000	90.0000	30.0000	0.756349000
260.0000	90.0000	30.0000	0.406392300
270.0000	90.0000	30.0000	0.379214200
280.0000	90.0000	30.0000	0.987591400
290.0000	90.0000	30.0000	1.180504200
300.0000	90.0000	30.0000	0.510287600
310.0000	90.0000	30.0000	0.682057100
320.0000	90.0000	30.0000	0.708775300
330.0000	90.0000	30.0000	0.969973200
340.0000	90.0000	30.0000	2.668434600
350.0000	90.0000	30.0000	10.254992000
360.0000	90.0000	30.0000	1.000000000
0.0000	0.0000	40.0000	1.000000000
10.0000	0.0000	40.0000	1.000000000
20.0000	0.0000	40.0000	1.000000000
30.0000	0.0000	40.0000	1.000000000
40.0000	0.0000	40.0000	1.000000000
50.0000	0.0000	40.0000	1.000000000
60.0000	0.0000	40.0000	1.000000000
70.0000	0.0000	40.0000	1.000000000
80.0000	0.0000	40.0000	1.000000000
90.0000	0.0000	40.0000	1.000000000
100.0000	0.0000	40.0000	1.000000000
110.0000	0.0000	40.0000	1.000000000
120.0000	0.0000	40.0000	1.000000000
130.0000	0.0000	40.0000	1.000000000
140.0000	0.0000	40.0000	1.000000000
150.0000	0.0000	40.0000	1.000000000
160.0000	0.0000	40.0000	1.000000000
170.0000	0.0000	40.0000	1.000000000
180.0000	0.0000	40.0000	1.000000000
190.0000	0.0000	40.0000	1.000000000
200.0000	0.0000	40.0000	1.000000000
210.0000	0.0000	40.0000	1.000000000
220.0000	0.0000	40.0000	1.000000000
230.0000	0.0000	40.0000	1.000000000
240.0000	0.0000	40.0000	1.000000000
250.0000	0.0000	40.0000	1.000000000
260.0000	0.0000	40.0000	1.000000000
270.0000	0.0000	40.0000	1.000000000
280.0000	0.0000	40.0000	1.000000000
290.0000	0.0000	40.0000	1.000000000
300.0000	0.0000	40.0000	1.000000000
310.0000	0.0000	40.0000	1.000000000
320.0000	0.0000	40.0000	1.000000000
330.0000	0.0000	40.0000	1.000000000
340.0000	0.0000	40.0000	1.000000000
350.0000	0.0000	40.0000	1.000000000
360.0000	0.0000	40.0000	1.000000000
0.0000	10.0000	40.0000	0.503843900
10.0000	10.0000	40.0000	0.648752100
20.0000	10.0000	40.0000	4.871346000
30.0000	10.0000	40.0000	0.324114900
40.0000	10.0000	40.0000	0.276122630
50.0000	10.0000	40.0000	0.109098874
60.0000	10.0000	40.0000	0.306820840
70.0000	10.0000	40.0000	1.172768600
80.0000	10.0000	40.0000	0.786092160
90.0000	10.0000	40.0000	0.324819860
100.0000	10.0000	40.0000	0.298975080
110.0000	10.0000	40.0000	0.245084580
120.0000	10.0000	40.0000	0.815801140
130.0000	10.0000	40.0000	0.931323050
140.0000	10.0000	40.0000	0.274963000
150.0000	10.0000	40.0000	0.162669460
160.0000	10.0000	40.0000	1.186304200
170.0000	10.0000	40.0000	1.114972000
180.0000	10.0000	40.0000	1.175176000
190.0000	10.0000	40.0000	4.011690600
200.0000	10.0000	40.0000	3.745243000
210.0000	10.0000	40.0000	0.413404380
220.0000	10.0000	40.0000	0.299401940
230.0000	10.0000	40.0000	0.079180770
240.0000	10.0000	40.0000	0.253919700
250.0000	10.0000	40.0000	0.655045570
260.0000	10.0000	40.0000	0.923794700
270.0000	10.0000	40.0000	0.773699600
280.0000	10.0000	40.0000	0.314406540
290.0000	10.0000	40.0000	0.206265170
300.0000	10.0000	40.0000	0.428925160
310.0000	10.0000	40.0000	0.794754900
320.0000	10.0000	40.0000	1.026385000
330.0000	10.0000	40.0000	0.345182780
340.0000	10.0000	40.0000	2.736686200
350.0000	10.0000	40.0000	2.597530800
360.0000	10.0000	40.0000	1.000000000
0.0000	20.0000	40.0000	1.557606300
10.0000	20.0000	40.0000	2.223060000
20.0000	20.0000	40.0000	1.178028100
30.0000	20.0000	40.0000	0.386338770
40.0000	20.0000	40.0000	0.216496510
50.0000	20.0000	40.0000	0.129325330
60.0000	20.0000	40.0000	0.342385600
70.0000	20.0000	40.0000	1.829925300
80.0000	20.0000	40.0000	1.308268300
90.0000	20.0000	40.0000	0.623838070
100.0000	20.0000	40.0000	0.573775800
110.0000	20.0000	40.0000	0.423908530
120.0000	20.0000	40.0000	0.817800500
130.0000	20.0000	40.0000	1.393013800
140.0000	20.0000	40.0000	0.473070950
150.0000	20.0000	40.0000	0.479032930
160.0000	20.0000	40.0000	0.710306300
170.0000	20.0000	40.0000	0.698155800
180.0000	20.0000	40.0000	0.767433170
190.0000	20.0000	40.0000	2.737188800
200.0000	20.0000	40.0000	1.010681200
210.0000	20.0000	40.0000	0.422653470
220.0000	20.0000	40.0000	0.135058660
230.0000	20.0000	40.0000	0.058527420
240.0000	20.0000	40.0000	0.198564160
250.0000	20.0000	40.0000	1.022299600
260.0000	20.0000	40.0000	1.176016900
270.0000	20.0000	40.0000	0.676091800
280.0000	20.0000	40.0000	0.312960330
290.0000	20.0000	40.0000	0.443283860
300.0000	20.0000	40.0000	0.446101960
310.0000	20.0000	40.0000	1.153247500
320.0000	20.0000	40.0000	0.803550800
330.0000	20.0000	40.0000	0.448920160
340.0000	20.0000	40.0000	0.924357100
350.0000	20.0000	40.0000	0.527328250
360.0000	20.0000	40.0000	1.000000000
0.0000	30.0000	40.0000	1.393060700
10.0000	30.0000	40.0000	1.781273800
20.0000	30.0000	40.0000	0.477740440
30.0000	30.0000	40.0000	0.328645530
40.0000	30.0000	40.0000	0.269393180
50.0000	30.0000	40.0000	0.765356960
60.0000	30.0000	40.0000	0.794208000
70.0000	30.0000	40.0000	0.742948400
80.0000	30.0000	40.0000	0.860974500
90.0000	30.0000	40.0000	0.642702600
100.0000	30.0000	40.0000	0.762713900
110.0000	30.0000	40.0000	0.597671030
120.0000	30.0000	40.0000	0.674865600
130.0000	30.0000	40.0000	0.577708000
140.0000	30.0000	40.0000	0.876063800
150.0000	30.0000	40.0000	1.017098500
160.0000	30.0000	40.0000	0.364469700
170.0000	30.0000	40.0000	0.420317050
180.0000	30.0000	40.0000	0.786472100
190.0000	30.0000	40.0000	0.853975500
200.0000	30.0000	40.0000	0.913501400
210.0000	30.0000	40.0000	0.962821540
220.0000	30.0000	40.0000	0.395990700
230.0000	30.0000	40.0000	0.344335900
240.0000	30.0000	40.0000	0.683784400
250.0000	30.0000	40.0000	0.868191800
260.0000	30.0000	40.0000	0.581757300
270.0000	30.0000	40.0000	0.406334580
280.0000	30.0000	40.0000	0.620153400
290.0000	30.0000	40.0000	1.026745300
300.0000	30.0000	40.0000	0.815662200
310.0000	30.0000	40.0000	0.644384500
320.0000	30.0000	40.0000	0.577229140
330.0000	30.0000	40.0000	0.829491440
340.0000	30.0000	40.0000	0.632757800
350.0000	30.0000	40.0000	0.523142930
360.0000	30.0000	40.0000	1.000000000
0.0000	40.0000	40.0000	0.209806530
10.0000	40.0000	40.0000	0.309180260
20.0000	40.0000	40.0000	0.640257400
30.0000	40.0000	40.0000	0.790980300
40.0000	40.0000	40.0000	0.503524700
50.0000	40.0000	40.0000	1.963114700
60.0000	40.0000	40.0000	1.287363300
70.0000	40.0000	40.0000	0.378170940
80.0000	40.0000	40.0000	0.342807320
90.0000	40.0000	40.0000	0.395320060
100.0000	40.0000	40.0000	0.440442680
110.0000	40.0000	40.0000	0.653957900
120.0000	40.0000	40.0000	0.604298300
130.0000	40.0000	40.0000	0.879094000
140.0000	40.0000	40.0000	2.001105500
150.0000	40.0000	40.0000	1.969705300
160.0000	40.0000	40.0000	0.559867200
170.0000	40.0000	40.0000	0.170869630
180.0000	40.0000	40.0000	0.632807730
190.0000	40.0000	40.0000	2.263314700
200.0000	40.0000	40.0000	1.158070300
210.0000	40.0000	40.0000	0.610801160
220.0000	40.0000	40.0000	0.490295950
230.0000	40.0000	40.0000	0.972482000
240.0000	40.0000	40.0000	1.023940100
250.0000	40.0000	40.0000	1.354073300
260.0000	40.0000	40.0000	0.718500900
270.0000	40.0000	40.0000	0.545986800
280.0000	40.0000	40.0000	0.578968700
290.0000	40.0000	40.0000	0.645192560
300.0000	40.0000	40.0000	0.322426440
310.0000	40.0000	40.0000	0.316329360
320.0000	40.0000	40.0000	0.905202600
330.0000	40.0000	40.0000	1.255187200
340.0000	40.0000	40.0000	0.520450900
350.0000	40.0000	40.0000	0.202386380
360.0000	40.0000	40.0000	1.000000000
0.0000	50.0000	40.0000	0.765498200
10.0000	50.0000	40.0000	0.841606740
20.0000	50.0000	40.0000	0.779715000
30.0000	50.0000	40.0000	0.813583850
40.0000	50.0000	40.0000	0.627315300
50.0000	50.0000	40.0000	0.961783300
60.0000	50.0000	40.0000	1.004596500
70.0000	50.0000	40.0000	0.528779700
80.0000	50.0000	40.0000	0.513849300
90.0000	50.0000	40.0000	0.622883900
100.0000	50.0000	40.0000	0.532478200
110.0000	50.0000	40.0000	0.930069570
120.0000	50.0000	40.0000	1.106727800
130.0000	50.0000	40.0000	1.714411500
140.0000	50.0000	40.0000	3.280745000
150.0000	50.0000	40.0000	2.330293000
160.0000	50.0000	40.0000	0.683725800
170.0000	50.0000	40.0000	0.213267180
180.0000	50.0000	40.0000	0.737235100
190.0000	50.0000	40.0000	1.697963400
200.0000	50.0000	40.0000	0.555882600
210.0000	50.0000	40.0000	0.453493770
220.0000	50.0000	40.0000	0.759573340
230.0000	50.0000	40.0000	0.891679000
240.0000	50.0000	40.0000	0.680972400
250.0000	50.0000	40.0000	0.547013900
260.0000	50.0000	40.0000	0.546112240
270.0000	50.0000	40.0000	0.688744900
280.0000	50.0000	40.0000	0.686246900
290.0000	50.0000	40.0000	0.348030780
300.0000	50.0000	40.0000	0.212458280
310.0000	50.0000	40.0000	0.559333700
320.0000	50.0000	40.0000	1.929201700
330.0000	50.0000	40.0000	2.065322200
340.0000	50.0000	40.0000	0.866942100
350.0000	50.0000	40.0000	0.196576730
360.0000	50.0000	40.0000	1.000000000
0.0000	60.0000	40.0000	0.561926500
10.0000	60.0000	40.0000	0.761791470
20.0000	60.0000	40.0000	1.025195700
30.0000	60.0000	40.0000	0.854595960
40.0000	60.0000	40.0000	1.358543300
50.0000	60.0000	40.0000	1.758383300
60.0000	60.0000	40.0000	0.623925600
70.0000	60.0000	40.0000	0.365027870
80.0000	60.0000	40.0000	0.508715870
90.0000	60.0000	40.0000	0.423196170
100.0000	60.0000	40.0000	0.482450700
110.0000	60.0000	40.0000	0.803451600
120.0000	60.0000	40.0000	0.775011500
130.0000	60.0000	40.0000	1.507998200
140.0000	60.0000	40.0000	1.569995200
150.0000	60.0000	40.0000	0.934283800
160.0000	60.0000	40.0000	0.618538860
170.0000	60.0000	40.0000	0.442632530
180.0000	60.0000	40.0000	0.801991050
190.0000	60.0000	40.0000	1.110205500
200.0000	60.0000	40.0000	0.460195930
210.0000	60.0000	40.0000	0.500472550
220.0000	60.0000	40.0000	0.746019360
230.0000	60.0000	40.0000	0.441525430
240.0000	60.0000	40.0000	0.296751650
250.0000	60.0000	40.0000	0.172195080
260.0000	60.0000	40.0000	0.090187380
270.0000	60.0000	40.0000	0.337412900
280.0000	60.0000	40.0000	1.173572800
290.0000	60.0000	40.0000	0.758688600
300.0000	60.0000	40.0000	0.645413500
310.0000	60.0000	40.0000	1.253528400
320.0000	60.0000	40.0000	1.812588900
330.0000	60.0000	40.0000	1.538006100
340.0000	60.0000	40.0000	1.083575600
350.0000	60.0000	40.0000	0.456634000
360.0000	60.0000	40.0000	1.000000000
0.0000	70.0000	40.0000	1.442559500
10.0000	70.0000	40.0000	1.987449200
20.0000	70.0000	40.0000	2.093116800
30.0000	70.0000	40.0000	1.418054700
40.0000	70.0000	40.0000	1.576925200
50.0000	70.0000	40.0000	1.263670200
60.0000	70.0000	40.0000	0.589997530
70.0000	70.0000	40.0000	0.320899160
80.0000	70.0000	40.0000	0.110571670
90.0000	70.0000	40.0000	0.100788840
100.0000	70.0000	40.0000	0.176992670
110.0000	70.0000	40.0000	0.334862680
120.0000	70.0000	40.0000	0.437462750
130.0000	70.0000	40.0000	0.621787700
140.0000	70.0000	40.0000	0.659651100
150.0000	70.0000	40.0000	0.770518900
160.0000	70.0000	40.0000	1.243389800
170.0000	70.0000	40.0000	0.756392060
180.0000	70.0000	40.0000	0.572421800
190.0000	70.0000	40.0000	1.180030100
200.0000	70.0000	40.0000	1.087036600
210.0000	70.0000	40.0000	0.661630150
220.0000	70.0000	40.0000	0.470008400
230.0000	70.0000	40.0000	0.229769360
240.0000	70.0000	40.0000	0.281954350
250.0000	70.0000	40.0000	0.397888030
260.0000	70.0000	40.0000	0.079616580
270.0000	70.0000	40.0000	0.138146830
280.0000	70.0000	40.0000	0.518858130
290.0000	70.0000	40.0000	0.763007600
300.0000	70.0000	40.0000	0.527010100
310.0000	70.0000	40.0000	1.082414000
320.0000	70.0000	40.0000	1.407660200
330.0000	70.0000	40.0000	0.941916940
340.0000	70.0000	40.0000	1.334139700
350.0000	70.0000	40.0000	1.204611400
360.0000	70.0000	40.0000	1.000000000
0.0000	80.0000	40.0000	0.557391200
10.0000	80.0000	40.0000	1.247337700
20.0000	80.0000	40.0000	3.314718500
30.0000	80.0000	40.0000	1.184586400
40.0000	80.0000	40.0000	0.676095000
50.0000	80.0000	40.0000	0.502148750
60.0000	80.0000	40.0000	0.779378600
70.0000	80.0000	40.0000	0.737663270
80.0000	80.0000	40.0000	0.294446970
90.0000	80.0000	40.0000	0.272304680
100.0000	80.0000	40.0000	0.397005500
110.0000	80.0000	40.0000	0.400610360
120.0000	80.0000	40.0000	0.246898490
130.0000	80.0000	40.0000	0.307992220
140.0000	80.0000	40.0000	0.535056530
150.0000	80.0000	40.0000	1.036152600
160.0000	80.0000	40.0000	3.488034000
170.0000	80.0000	40.0000	2.502338000
180.0000	80.0000	40.0000	1.995930400
190.0000	80.0000	40.0000	3.243744600
200.0000	80.0000	40.0000	2.443403700
210.0000	80.0000	40.0000	1.030109300
220.0000	80.0000	40.0000	0.429796810
230.0000	80.0000	40.0000	0.236182170
240.0000	80.0000	40.0000	0.396976470
250.0000	80.0000	40.0000	0.783697700
260.0000	80.0000	40.0000	0.290503500
270.0000	80.0000	40.0000	0.247129560
280.0000	80.0000	40.0000	0.409156380
290.0000	80.0000	40.0000	0.567430200
300.0000	80.0000	40.0000	0.270461800
310.0000	80.0000	40.0000	0.431092860
320.0000	80.0000	40.0000	0.788681450
330.0000	80.0000	40.0000	1.160111000
340.0000	80.0000	40.0000	2.316960000
350.0000	80.0000	40.0000	4.172858000
360.0000	80.0000	40.0000	1.000000000
0.0000	90.0000	40.0000	8.748493000
10.0000	90.0000	40.0000	4.114308400
20.0000	90.0000	40.0000	4.425189500
30.0000	90.0000	40.0000	1.381195700
40.0000	90.0000	40.0000	0.703567740
50.0000	90.0000	40.0000	0.572738000
60.0000	90.0000	40.0000	1.143099100
70.0000	90.0000	40.0000	1.001403900
80.0000	90.0000	40.0000	0.637169060
90.0000	90.0000	40.0000	0.453562560
100.0000	90.0000	40.0000	0.863047900
110.0000	90.0000	40.0000	0.817481700
120.0000	90.0000	40.0000	0.236631780
130.0000	90.0000	40.0000	0.340188560
140.0000	90.0000	40.0000	0.553203460
150.0000	90.0000	40.0000	0.932385300
160.0000	90.0000	40.0000	3.383355600
170.0000	90.0000	40.0000	3.279447000
180.0000	90.0000	40.0000	3.905726700
190.0000	90.0000	40.0000	6.696237000
200.0000	90.0000	40.0000	3.229726300
210.0000	90.0000	40.0000	1.362992900
220.0000	90.0000	40.0000	0.461980730
230.0000	90.0000	40.0000	0.292972620
240.0000	90.0000	40.0000	0.475501950
250.0000	90.0000	40.0000	0.561834600
260.0000	90.0000	40.0000	0.417358200
270.0000	90.0000	40.0000	0.388453540
280.0000	90.0000	40.0000	0.600103260
290.0000	90.0000	40.0000	0.693770400
300.0000	90.0000	40.0000	0.259412080
310.0000	90.0000	40.0000	0.248376900
320.0000	90.0000	40.0000	0.372731900
330.0000	90.0000	40.0000	0.987915000
340.0000	90.0000	40.0000	2.927846400
350.0000	90.0000	40.0000	11.296363000
360.0000	90.0000	40.0000	1.000000000
0.0000	0.0000	50.0000	1.000000000
10.0000	0.0000	50.0000	1.000000000
20.0000	0.0000	50.0000	1.000000000
30.0000	0.0000	50.0000	1.000000000
40.0000	0.0000	50.0000	1.000000000
50.0000	0.0000	50.0000	1.000000000
60.0000	0.0000	50.0000	1.000000000
70.0000	0.0000	50.0000	1.000000000
80.0000	0.0000	50.0000	1.000000000
90.0000	0.0000	50.0000	1.000000000
100.0000	0.0000	50.0000	1.000000000
110.0000	0.0000	50.0000	1.000000000
120.0000	0.0000	50.0000	1.000000000
130.0000	0.0000	50.0000	1.000000000
140.0000	0.0000	50.0000	1.000000000
150.0000	0.0000	50.0000	1.000000000
160.0000	0.0000	50.0000	1.000000000
170.0000	0.0000	50.0000	1.000000000
180.0000	0.0000	50.0000	1.000000000
190.0000	0.0000	50.0000	1.000000000
200.0000	0.0000	50.0000	1.000000000
210.0000	0.0000	50.0000	1.000000000
220.0000	0.0000	50.0000	1.000000000
230.0000	0.0000	50.0000	1.000000000
240.0000	0.0000	50.0000	1.000000000
250.0000	0.0000	50.0000	1.000000000
260.0000	0.0000	50.0000	1.000000000
270.0000	0.0000	50.0000	1.000000000
280.0000	0.0000	50.0000	1.000000000
290.0000	0.0000	50.0000	1.000000000
300.0000	0.0000	50.0000	1.000000000
310.0000	0.0000	50.0000	1.000000000
320.0000	0.0000	50.0000	1.000000000
330.0000	0.0000	50.0000	1.000000000
340.0000	0.0000	50.0000	1.000000000
350.0000	0.0000	50.0000	1.000000000
360.0000	0.0000	50.0000	1.000000000
0.0000	10.0000	50.0000	0.645212300
10.0000	10.0000	50.0000	0.786487400
20.0000	10.0000	50.0000	5.822213000
30.0000	10.0000	50.0000	0.209310400
40.0000	10.0000	50.0000	0.129689620
50.0000	10.0000	50.0000	0.291611800
60.0000	10.0000	50.0000	1.040408500
70.0000	10.0000	50.0000	1.015921600
80.0000	10.0000	50.0000	0.261560920
90.0000	10.0000	50.0000	0.181093930
100.0000	10.0000	50.0000	0.181648910
110.0000	10.0000	50.0000	0.448970680
120.0000	10.0000	50.0000	1.086371800
130.0000	10.0000	50.0000	0.735238700
140.0000	10.0000	50.0000	0.430303800
150.0000	10.0000	50.0000	0.200238210
160.0000	10.0000	50.0000	0.765812900
170.0000	10.0000	50.0000	2.091796600
180.0000	10.0000	50.0000	1.946981100
190.0000	10.0000	50.0000	3.440801400
200.0000	10.0000	50.0000	6.378970600
210.0000	10.0000	50.0000	0.260203060
220.0000	10.0000	50.0000	0.085927874
230.0000	10.0000	50.0000	0.135402340
240.0000	10.0000	50.0000	0.825269500
250.0000	10.0000	50.0000	1.555735100
260.0000	10.0000	50.0000	0.335058750
270.0000	10.0000	50.0000	0.285679370
280.0000	10.0000	50.0000	0.336428640
290.0000	10.0000	50.0000	0.641032930
300.0000	10.0000	50.0000	1.132489300
310.0000	10.0000	50.0000	1.792660400
320.0000	10.0000	50.0000	1.003796900
330.0000	10.0000	50.0000	0.357310030
340.0000	10.0000	50.0000	1.586127400
350.0000	10.0000	50.0000	2.985089300
360.0000	10.0000	50.0000	1.000000000
0.0000	20.0000	50.0000	2.305964700
10.0000	20.0000	50.0000	2.449391400
20.0000	20.0000	50.0000	0.910969000
30.0000	20.0000	50.0000	0.119030340
40.0000	20.0000	50.0000	0.126767830
50.0000	20.0000	50.0000	0.194536750
60.0000	20.0000	50.0000	0.503139000
70.0000	20.0000	50.0000	2.259436000
80.0000	20.0000	50.0000	0.771729230
90.0000	20.0000	50.0000	0.281551600
100.0000	20.0000	50.0000	0.445738500
110.0000	20.0000	50.0000	0.529204600
120.0000	20.0000	50.0000	1.183412400
130.0000	20.0000	50.0000	1.536722400
140.0000	20.0000	50.0000	0.684828500
150.0000	20.0000	50.0000	0.245366810
160.0000	20.0000	50.0000	0.217183580
170.0000	20.0000	50.0000	0.771464500
180.0000	20.0000	50.0000	0.696421200
190.0000	20.0000	50.0000	2.377249500
200.0000	20.0000	50.0000	1.513943400
210.0000	20.0000	50.0000	0.151598530
220.0000	20.0000	50.0000	0.136375340
230.0000	20.0000	50.0000	0.228887130
240.0000	20.0000	50.0000	0.344619900
250.0000	20.0000	50.0000	0.900586840
260.0000	20.0000	50.0000	0.977898400
270.0000	20.0000	50.0000	0.691055500
280.0000	20.0000	50.0000	0.770752500
290.0000	20.0000	50.0000	0.550048650
300.0000	20.0000	50.0000	0.727568000
310.0000	20.0000	50.0000	1.801344300
320.0000	20.0000	50.0000	0.699741540
330.0000	20.0000	50.0000	0.249593140
340.0000	20.0000	50.0000	0.244966030
350.0000	20.0000	50.0000	0.437000240
360.0000	20.0000	50.0000	1.000000000
0.0000	30.0000	50.0000	1.421747300
10.0000	30.0000	50.0000	1.505169000
20.0000	30.0000	50.0000	0.387626920
30.0000	30.0000	50.0000	0.140436320
40.0000	30.0000	50.0000	0.250935880
50.0000	30.0000	50.0000	0.764207240
60.0000	30.0000	50.0000	0.759892460
70.0000	30.0000	50.0000	1.307108200
80.0000	30.0000	50.0000	1.259045500
90.0000	30.0000	50.0000	0.609797360
100.0000	30.0000	50.0000	0.863801240
110.0000	30.0000	50.0000	0.917679370
120.0000	30.0000	50.0000	1.612736500
130.0000	30.0000	50.0000	1.480829700
140.0000	30.0000	50.0000	1.159442800
150.0000	30.0000	50.0000	0.338051050
160.0000	30.0000	50.0000	0.046718817
170.0000	30.0000	50.0000	0.426515280
180.0000	30.0000	50.0000	1.137525100
190.0000	30.0000	50.0000	1.687059000
200.0000	30.0000	50.0000	2.214697400
210.0000	30.0000	50.0000	0.312780700
220.0000	30.0000	50.0000	0.222431350
230.0000	30.0000	50.0000	0.784124600
240.0000	30.0000	50.0000	2.018207600
250.0000	30.0000	50.0000	1.655026300
260.0000	30.0000	50.0000	0.648962140
270.0000	30.0000	50.0000	0.493142040
280.0000	30.0000	50.0000	0.688344960
290.0000	30.0000	50.0000	0.908961240
300.0000	30.0000	50.0000	1.770140800
310.0000	30.0000	50.0000	2.612747000
320.0000	30.0000	50.0000	0.998911400
330.0000	30.0000	50.0000	0.303210470
340.0000	30.0000	50.0000	0.067117885
350.0000	30.0000	50.0000	0.340328280
360.0000	30.0000	50.0000	1.000000000
0.0000	40.0000	50.0000	0.230390640
10.0000	40.0000	50.0000	0.537963700
20.0000	40.0000	50.0000	1.241836800
30.0000	40.0000	50.0000	0.317698030
40.0000	40.0000	50.0000	0.539269270
50.0000	40.0000	50.0000	1.549290000
60.0000	40.0000	50.0000	1.144388100
70.0000	40.0000	50.0000	0.488623530
80.0000	40.0000	50.0000	0.614409150
90.0000	40.0000	50.0000	0.727761200
100.0000	40.0000	50.0000	0.503591240
110.0000	40.0000	50.0000	0.517493800
120.0000	40.0000	50.0000	0.932653070
130.0000	40.0000	50.0000	1.371910300
140.0000	40.0000	50.0000	2.068165300
150.0000	40.0000	50.0000	0.853795350
160.0000	40.0000	50.0000	0.063247270
170.0000	40.0000	50.0000	0.113609390
180.0000	40.0000	50.0000	1.210866600
190.0000	40.0000	50.0000	3.945920200
200.0000	40.0000	50.0000	1.370234100
210.0000	40.0000	50.0000	0.376163450
220.0000	40.0000	50.0000	0.396125050
230.0000	40.0000	50.0000	0.506349200
240.0000	40.0000	50.0000	1.331555200
250.0000	40.0000	50.0000	1.451057600
260.0000	40.0000	50.0000	0.853067300
270.0000	40.0000	50.0000	0.527996300
280.0000	40.0000	50.0000	0.464572160
290.0000	40.0000	50.0000	0.386955140
300.0000	40.0000	50.0000	0.516734200
310.0000	40.0000	50.0000	1.082740700
320.0000	40.0000	50.0000	1.060271500
330.0000	40.0000	50.0000	0.529622900
340.0000	40.0000	50.0000	0.095655054
350.0000	40.0000	50.0000	0.182117610
360.0000	40.0000	50.0000	1.000000000
0.0000	50.0000	50.0000	1.229111600
10.0000	50.0000	50.0000	1.273199600
20.0000	50.0000	50.0000	0.724233030
30.0000	50.0000	50.0000	0.528245870
40.0000	50.0000	50.0000	0.920202500
50.0000	50.0000	50.0000	0.909944200
60.0000	50.0000	50.0000	0.719343400
70.0000	50.0000	50.0000	0.228453810
80.0000	50.0000	50.0000	0.330857340
90.0000	50.0000	50.0000	1.215512300
100.0000	50.0000	50.0000	0.729086000
110.0000	50.0000	50.0000	0.638844250
120.0000	50.0000	50.0000	0.870571500
130.0000	50.0000	50.0000	1.638412600
140.0000	50.0000	50.0000	1.606438900
150.0000	50.0000	50.0000	0.552700160
160.0000	50.0000	50.0000	0.072344095
170.0000	50.0000	50.0000	0.128128480
180.0000	50.0000	50.0000	1.098769700
190.0000	50.0000	50.0000	1.256996800
200.0000	50.0000	50.0000	0.382999150
210.0000	50.0000	50.0000	0.446583570
220.0000	50.0000	50.0000	0.858640500
230.0000	50.0000	50.0000	0.723519600
240.0000	50.0000	50.0000	0.468960500
250.0000	50.0000	50.0000	0.500537160
260.0000	50.0000	50.0000	0.698930600
270.0000	50.0000	50.0000	1.012836600
280.0000	50.0000	50.0000	0.532694900
290.0000	50.0000	50.0000	0.183269080
300.0000	50.0000	50.0000	0.154818800
310.0000	50.0000	50.0000	0.435706380
320.0000	50.0000	50.0000	0.845177900
330.0000	50.0000	50.0000	0.712875800
340.0000	50.0000	50.0000	0.167482960
350.0000	50.0000	50.0000	0.079448260
360.0000	50.0000	50.0000	1.000000000
0.0000	60.0000	50.0000	0.476243880
10.0000	60.0000	50.0000	0.539941400
20.0000	60.0000	50.0000	0.689488650
30.0000	60.0000	50.0000	0.573684630
40.0000	60.0000	50.0000	0.727017400
50.0000	60.0000	50.0000	0.678779660
60.0000	60.0000	50.0000	0.397571000
70.0000	60.0000	50.0000	0.194086420
80.0000	60.0000	50.0000	0.302653700
90.0000	60.0000	50.0000	0.749893000
100.0000	60.0000	50.0000	1.186468700
110.0000	60.0000	50.0000	0.919129250
120.0000	60.0000	50.0000	0.877349500
130.0000	60.0000	50.0000	1.510387900
140.0000	60.0000	50.0000	0.982667740
150.0000	60.0000	50.0000	0.432275600
160.0000	60.0000	50.0000	0.192654830
170.0000	60.0000	50.0000	0.375094700
180.0000	60.0000	50.0000	0.942451100
190.0000	60.0000	50.0000	0.801474330
200.0000	60.0000	50.0000	0.437395220
210.0000	60.0000	50.0000	0.421941970
220.0000	60.0000	50.0000	0.435201730
230.0000	60.0000	50.0000	0.332497950
240.0000	60.0000	50.0000	0.282927040
250.0000	60.0000	50.0000	0.260541500
260.0000	60.0000	50.0000	0.307334540
270.0000	60.0000	50.0000	0.776467860
280.0000	60.0000	50.0000	0.802608900
290.0000	60.0000	50.0000	0.276152280
300.0000	60.0000	50.0000	0.305104320
310.0000	60.0000	50.0000	0.568678500
320.0000	60.0000	50.0000	1.048200600
330.0000	60.0000	50.0000	1.028554600
340.0000	60.0000	50.0000	0.343374520
350.0000	60.0000	50.0000	0.168342320
360.0000	60.0000	50.0000	1.000000000
0.0000	70.0000	50.0000	1.083944300
10.0000	70.0000	50.0000	0.971928600
20.0000	70.0000	50.0000	0.849977250
30.0000	70.0000	50.0000	0.524089700
40.0000	70.0000	50.0000	0.403275400
50.0000	70.0000	50.0000	0.418432530
60.0000	70.0000	50.0000	0.425003200
70.0000	70.0000	50.0000	0.333826240
80.0000	70.0000	50.0000	0.182872120
90.0000	70.0000	50.0000	0.134894490
100.0000	70.0000	50.0000	0.285326750
110.0000	70.0000	50.0000	0.383314760
120.0000	70.0000	50.0000	0.377531700
130.0000	70.0000	50.0000	0.622324470
140.0000	70.0000	50.0000	0.611272630
150.0000	70.0000	50.0000	0.691289600
160.0000	70.0000	50.0000	0.978503700
170.0000	70.0000	50.0000	0.623975800
180.0000	70.0000	50.0000	0.470700560
190.0000	70.0000	50.0000	0.971588200
200.0000	70.0000	50.0000	0.982705300
210.0000	70.0000	50.0000	0.407175840
220.0000	70.0000	50.0000	0.207280590
230.0000	70.0000	50.0000	0.238430570
240.0000	70.0000	50.0000	0.416331920
250.0000	70.0000	50.0000	0.388745780
260.0000	70.0000	50.0000	0.194501900
270.0000	70.0000	50.0000	0.281277240
280.0000	70.0000	50.0000	0.471854000
290.0000	70.0000	50.0000	0.485279860
300.0000	70.0000	50.0000	0.330673040
310.0000	70.0000	50.0000	0.540177700
320.0000	70.0000	50.0000	0.887030840
330.0000	70.0000	50.0000	0.792372100
340.0000	70.0000	50.0000	0.627195400
350.0000	70.0000	50.0000	0.563668970
360.0000	70.0000	50.0000	1.000000000
0.0000	80.0000	50.0000	0.228900100
10.0000	80.0000	50.0000	0.448885530
20.0000	80.0000	50.0000	1.235460200
30.0000	80.0000	50.0000	0.547669050
40.0000	80.0000	50.0000	0.368575420
50.0000	80.0000	50.0000	0.320861250
60.0000	80.0000	50.0000	0.472616430
70.0000	80.0000	50.0000	0.588574700
80.0000	80.0000	50.0000	0.344701320
90.0000	80.0000	50.0000	0.241318720
100.0000	80.0000	50.0000	0.376484660
110.0000	80.0000	50.0000	0.351902900
120.0000	80.0000	50.0000	0.213176890
130.0000	80.0000	50.0000	0.251072530
140.0000	80.0000	50.0000	0.477131600
150.0000	80.0000	50.0000	1.266682700
160.0000	80.0000	50.0000	2.614527700
170.0000	80.0000	50.0000	1.548397000
180.0000	80.0000	50.0000	1.384931800
190.0000	80.0000	50.0000	1.912335400
200.0000	80.0000	50.0000	1.605781100
210.0000	80.0000	50.0000	0.596716760
220.0000	80.0000	50.0000	0.354068200
230.0000	80.0000	50.0000	0.393947060
240.0000	80.0000	50.0000	0.558531340
250.0000	80.0000	50.0000	0.802183030
260.0000	80.0000	50.0000	0.398633060
270.0000	80.0000	50.0000	0.382000330
280.0000	80.0000	50.0000	0.580847500
290.0000	80.0000	50.0000	0.614060700
300.0000	80.0000	50.0000	0.617714700
310.0000	80.0000	50.0000	0.574319060
320.0000	80.0000	50.0000	0.536076840
330.0000	80.0000	50.0000	0.893433700
340.0000	80.0000	50.0000	1.278397900
350.0000	80.0000	50.0000	2.112066000
360.0000	80.0000	50.0000	1.000000000
0.0000	90.0000	50.0000	5.653139000
10.0000	90.0000	50.0000	2.117706500
20.0000	90.0000	50.0000	2.353941200
30.0000	90.0000	50.0000	0.741867400
40.0000	90.0000	50.0000	0.546502600
50.0000	90.0000	50.0000	0.497577600
60.0000	90.0000	50.0000	0.696213660
70.0000	90.0000	50.0000	0.849486530
80.0000	90.0000	50.0000	0.563250100
90.0000	90.0000	50.0000	0.406907560
100.0000	90.0000	50.0000	0.635795240
110.0000	90.0000	50.0000	0.470472720
120.0000	90.0000	50.0000	0.169866230
130.0000	90.0000	50.0000	0.281686840
140.0000	90.0000	50.0000	0.652953800
150.0000	90.0000	50.0000	1.590328200
160.0000	90.0000	50.0000	3.105515000
170.0000	90.0000	50.0000	1.962694900
180.0000	90.0000	50.0000	2.759697400
190.0000	90.0000	50.0000	4.411014600
200.0000	90.0000	50.0000	1.929936900
210.0000	90.0000	50.0000	0.943004130
220.0000	90.0000	50.0000	0.679096760
230.0000	90.0000	50.0000	0.409573300
240.0000	90.0000	50.0000	0.407640730
250.0000	90.0000	50.0000	1.182567600
260.0000	90.0000	50.0000	0.659777100
270.0000	90.0000	50.0000	0.534770500
280.0000	90.0000	50.0000	1.171062500
290.0000	90.0000	50.0000	0.870001100
300.0000	90.0000	50.0000	0.617452140
310.0000	90.0000	50.0000	0.521224860
320.0000	90.0000	50.0000	0.348048990
330.0000	90.0000	50.0000	0.886814530
340.0000	90.0000	50.0000	2.181824700
350.0000	90.0000	50.0000	4.381484000
360.0000	90.0000	50.0000	1.000000000
0.0000	0.0000	60.0000	1.000000000
10.0000	0.0000	60.0000	1.000000000
20.0000	0.0000	60.0000	1.000000000
30.0000	0.0000	60.0000	1.000000000
40.0000	0.0000	60.0000	1.000000000
50.0000	0.0000	60.0000	1.000000000
60.0000	0.0000	60.0000	1.000000000
70.0000	0.0000	60.0000	1.000000000
80.0000	0.0000	60.0000	1.000000000
90.0000	0.0000	60.0000	1.000000000
100.0000	0.0000	60.0000	1.000000000
110.0000	0.0000	60.0000	1.000000000
120.0000	0.0000	60.0000	1.000000000
130.0000	0.0000	60.0000	1.000000000
140.0000	0.0000	60.0000	1.000000000
150.0000	0.0000	60.0000	1.000000000
160.0000	0.0000	60.0000	1.000000000
170.0000	0.0000	60.0000	1.000000000
180.0000	0.0000	60.0000	1.000000000
190.0000	0.0000	60.0000	1.000000000
200.0000	0.0000	60.0000	1.000000000
210.0000	0.0000	60.0000	1.000000000
220.0000	0.0000	60.0000	1.000000000
230.0000	0.0000	60.0000	1.000000000
240.0000	0.0000	60.0000	1.000000000
250.0000	0.0000	60.0000	1.000000000
260.0000	0.0000	60.0000	1.000000000
270.0000	0.0000	60.0000	1.000000000
280.0000	0.0000	60.0000	1.000000000
290.0000	0.0000	60.0000	1.000000000
300.0000	0.0000	60.0000	1.000000000
310.0000	0.0000	60.0000	1.000000000
320.0000	0.0000	60.0000	1.000000000
330.0000	0.0000	60.0000	1.000000000
340.0000	0.0000	60.0000	1.000000000
350.0000	0.0000	60.0000	1.000000000
360.0000	0.0000	60.0000	1.000000000
0.0000	10.0000	60.0000	0.818105460
10.0000	10.0000	60.0000	0.892129540
20.0000	10.0000	60.0000	4.427010500
30.0000	10.0000	60.0000	0.097278870
40.0000	10.0000	60.0000	0.097642140
50.0000	10.0000	60.0000	0.775329500
60.0000	10.0000	60.0000	1.249527100
70.0000	10.0000	60.0000	0.441779580
80.0000	10.0000	60.0000	0.123115010
90.0000	10.0000	60.0000	0.753974400
100.0000	10.0000	60.0000	1.774716600
110.0000	10.0000	60.0000	1.923598000
120.0000	10.0000	60.0000	0.190389720
130.0000	10.0000	60.0000	0.315003840
140.0000	10.0000	60.0000	1.452941200
150.0000	10.0000	60.0000	0.185084460
160.0000	10.0000	60.0000	0.784568100
170.0000	10.0000	60.0000	3.903322000
180.0000	10.0000	60.0000	2.277776200
190.0000	10.0000	60.0000	4.160197000
200.0000	10.0000	60.0000	6.969506000
210.0000	10.0000	60.0000	0.073164070
220.0000	10.0000	60.0000	0.041371560
230.0000	10.0000	60.0000	0.155313660
240.0000	10.0000	60.0000	1.289073100
250.0000	10.0000	60.0000	13.747986000
260.0000	10.0000	60.0000	0.181491140
270.0000	10.0000	60.0000	0.078382544
280.0000	10.0000	60.0000	1.202256600
290.0000	10.0000	60.0000	1.241566300
300.0000	10.0000	60.0000	0.809239100
310.0000	10.0000	60.0000	1.790975700
320.0000	10.0000	60.0000	1.135756900
330.0000	10.0000	60.0000	0.366835980
340.0000	10.0000	60.0000	1.478854300
350.0000	10.0000	60.0000	4.534290300
360.0000	10.0000	60.0000	1.000000000
0.0000	20.0000	60.0000	2.841052500
10.0000	20.0000	60.0000	2.443159300
20.0000	20.0000	60.0000	0.779492100
30.0000	20.0000	60.0000	0.101625524
40.0000	20.0000	60.0000	0.280554740
50.0000	20.0000	60.0000	0.992615640
60.0000	20.0000	60.0000	1.417310800
70.0000	20.0000	60.0000	10.345378000
80.0000	20.0000	60.0000	4.403287000
90.0000	20.0000	60.0000	1.608820700
100.0000	20.0000	60.0000	1.464349600
110.0000	20.0000	60.0000	0.743504170
120.0000	20.0000	60.0000	0.948824050
130.0000	20.0000	60.0000	1.246696800
140.0000	20.0000	60.0000	1.186180100
150.0000	20.0000	60.0000	0.082589656
160.0000	20.0000	60.0000	0.141600880
170.0000	20.0000	60.0000	1.301558000
180.0000	20.0000	60.0000	0.832352640
190.0000	20.0000	60.0000	3.436307700
200.0000	20.0000	60.0000	1.642540500
210.0000	20.0000	60.0000	0.073849560
220.0000	20.0000	60.0000	0.435223340
230.0000	20.0000	60.0000	2.195733800
240.0000	20.0000	60.0000	1.317333900
250.0000	20.0000	60.0000	3.544799300
260.0000	20.0000	60.0000	2.658656800
270.0000	20.0000	60.0000	1.164394000
280.0000	20.0000	60.0000	2.204037400
290.0000	20.0000	60.0000	0.620934100
300.0000	20.0000	60.0000	1.126232700
310.0000	20.0000	60.0000	1.576449500
320.0000	20.0000	60.0000	0.873275040
330.0000	20.0000	60.0000	0.140315300
340.0000	20.0000	60.0000	0.137356940
350.0000	20.0000	60.0000	0.828264700
360.0000	20.0000	60.0000	1.000000000
0.0000	30.0000	60.0000	1.937161100
10.0000	30.0000	60.0000	1.868409300
20.0000	30.0000	60.0000	0.191908290
30.0000	30.0000	60.0000	0.117822880
40.0000	30.0000	60.0000	0.371338040
50.0000	30.0000	60.0000	0.474278870
60.0000	30.0000	60.0000	0.389598760
70.0000	30.0000	60.0000	1.171601400
80.0000	30.0000	60.0000	2.073892800
90.0000	30.0000	60.0000	0.942933440
100.0000	30.0000	60.0000	1.000189100
110.0000	30.0000	60.0000	0.685570900
120.0000	30.0000	60.0000	1.771383200
130.0000	30.0000	60.0000	2.156316500
140.0000	30.0000	60.0000	1.338818600
150.0000	30.0000	60.0000	0.121324860
160.0000	30.0000	60.0000	0.047669083
170.0000	30.0000	60.0000	1.294456800
180.0000	30.0000	60.0000	1.701134700
190.0000	30.0000	60.0000	2.598937000
200.0000	30.0000	60.0000	1.006307500
210.0000	30.0000	60.0000	0.147389470
220.0000	30.0000	60.0000	0.303509120
230.0000	30.0000	60.0000	0.926178300
240.0000	30.0000	60.0000	0.919886470
250.0000	30.0000	60.0000	0.779589800
260.0000	30.0000	60.0000	1.134614300
270.0000	30.0000	60.0000	2.337964000
280.0000	30.0000	60.0000	1.576399900
290.0000	30.0000	60.0000	0.550196230
300.0000	30.0000	60.0000	1.596553000
310.0000	30.0000	60.0000	4.398529500
320.0000	30.0000	60.0000	1.999881100
330.0000	30.0000	60.0000	0.149107230
340.0000	30.0000	60.0000	0.066782620
350.0000	30.0000	60.0000	1.574029400
360.0000	30.0000	60.0000	1.000000000
0.0000	40.0000	60.0000	0.505465100
10.0000	40.0000	60.0000	1.319718100
20.0000	40.0000	60.0000	1.567943700
30.0000	40.0000	60.0000	0.200355140
40.0000	40.0000	60.0000	0.604437100
50.0000	40.0000	60.0000	1.344730400
60.0000	40.0000	60.0000	0.556786400
70.0000	40.0000	60.0000	0.519755300
80.0000	40.0000	60.0000	1.069876700
90.0000	40.0000	60.0000	0.676961700
100.0000	40.0000	60.0000	0.367028100
110.0000	40.0000	60.0000	0.419405130
120.0000	40.0000	60.0000	0.964889940
130.0000	40.0000	60.0000	0.983133000
140.0000	40.0000	60.0000	1.260215000
150.0000	40.0000	60.0000	0.264222380
160.0000	40.0000	60.0000	0.032132110
170.0000	40.0000	60.0000	0.416952040
180.0000	40.0000	60.0000	2.061099000
190.0000	40.0000	60.0000	5.352210500
200.0000	40.0000	60.0000	2.035140500
210.0000	40.0000	60.0000	0.399057500
220.0000	40.0000	60.0000	0.277597460
230.0000	40.0000	60.0000	0.483227520
240.0000	40.0000	60.0000	1.002692900
250.0000	40.0000	60.0000	0.531429350
260.0000	40.0000	60.0000	0.668251400
270.0000	40.0000	60.0000	0.720825430
280.0000	40.0000	60.0000	0.556299600
290.0000	40.0000	60.0000	0.311163900
300.0000	40.0000	60.0000	0.926080100
310.0000	40.0000	60.0000	5.055571000
320.0000	40.0000	60.0000	1.073409100
330.0000	40.0000	60.0000	0.142175120
340.0000	40.0000	60.0000	0.079286695
350.0000	40.0000	60.0000	1.021382800
360.0000	40.0000	60.0000	1.000000000
0.0000	50.0000	60.0000	2.736636900
10.0000	50.0000	60.0000	3.542505500
20.0000	50.0000	60.0000	1.680168200
30.0000	50.0000	60.0000	0.556043740
40.0000	50.0000	60.0000	0.762751760
50.0000	50.0000	60.0000	0.549628260
60.0000	50.0000	60.0000	0.510985550
70.0000	50.0000	60.0000	0.218370940
80.0000	50.0000	60.0000	0.290945100
90.0000	50.0000	60.0000	1.470797300
100.0000	50.0000	60.0000	1.217255000
110.0000	50.0000	60.0000	0.695252600
120.0000	50.0000	60.0000	0.903931300
130.0000	50.0000	60.0000	0.838041840
140.0000	50.0000	60.0000	0.763509000
150.0000	50.0000	60.0000	0.248297830
160.0000	50.0000	60.0000	0.067524640
170.0000	50.0000	60.0000	0.400555200
180.0000	50.0000	60.0000	1.657997000
190.0000	50.0000	60.0000	2.052195000
200.0000	50.0000	60.0000	0.878284600
210.0000	50.0000	60.0000	0.571818770
220.0000	50.0000	60.0000	0.712609500
230.0000	50.0000	60.0000	0.738042650
240.0000	50.0000	60.0000	0.473227830
250.0000	50.0000	60.0000	0.255027230
260.0000	50.0000	60.0000	0.422325550
270.0000	50.0000	60.0000	0.869090500
280.0000	50.0000	60.0000	0.467428980
290.0000	50.0000	60.0000	0.162897120
300.0000	50.0000	60.0000	0.220162510
310.0000	50.0000	60.0000	0.600435100
320.0000	50.0000	60.0000	0.567084670
330.0000	50.0000	60.0000	0.208831120
340.0000	50.0000	60.0000	0.144630180
350.0000	50.0000	60.0000	0.395772220
360.0000	50.0000	60.0000	1.000000000
0.0000	60.0000	60.0000	0.847140400
10.0000	60.0000	60.0000	1.370158600
20.0000	60.0000	60.0000	1.433766800
30.0000	60.0000	60.0000	0.531334760
40.0000	60.0000	60.0000	0.393499230
50.0000	60.0000	60.0000	0.427766950
60.0000	60.0000	60.0000	0.439811650
70.0000	60.0000	60.0000	0.211491140
80.0000	60.0000	60.0000	0.213329800
90.0000	60.0000	60.0000	0.803295850
100.0000	60.0000	60.0000	2.220623000
110.0000	60.0000	60.0000	1.547441700
120.0000	60.0000	60.0000	1.337520400
130.0000	60.0000	60.0000	1.574444900
140.0000	60.0000	60.0000	0.854046800
150.0000	60.0000	60.0000	0.483500400
160.0000	60.0000	60.0000	0.445395800
170.0000	60.0000	60.0000	0.992345800
180.0000	60.0000	60.0000	1.356324400
190.0000	60.0000	60.0000	1.686584200
200.0000	60.0000	60.0000	0.658270960
210.0000	60.0000	60.0000	0.216975440
220.0000	60.0000	60.0000	0.294489650
230.0000	60.0000	60.0000	0.439131530
240.0000	60.0000	60.0000	0.314781220
250.0000	60.0000	60.0000	0.261376500
260.0000	60.0000	60.0000	0.476274850
270.0000	60.0000	60.0000	1.454850900
280.0000	60.0000	60.0000	0.298272430
290.0000	60.0000	60.0000	0.081289600
300.0000	60.0000	60.0000	0.126646070
310.0000	60.0000	60.0000	0.523889840
320.0000	60.0000	60.0000	1.160930600
330.0000	60.0000	60.0000	0.929357650
340.0000	60.0000	60.0000	0.484539960
350.0000	60.0000	60.0000	0.519463060
360.0000	60.0000	60.0000	1.000000000
0.0000	70.0000	60.0000	1.647919900
10.0000	70.0000	60.0000	1.186709000
20.0000	70.0000	60.0000	0.810476700
30.0000	70.0000	60.0000	0.296286850
40.0000	70.0000	60.0000	0.162068320
50.0000	70.0000	60.0000	0.388477150
60.0000	70.0000	60.0000	0.612681030
70.0000	70.0000	60.0000	0.478696440
80.0000	70.0000	60.0000	0.288274200
90.0000	70.0000	60.0000	0.162311120
100.0000	70.0000	60.0000	0.430538360
110.0000	70.0000	60.0000	0.711163900
120.0000	70.0000	60.0000	0.598116300
130.0000	70.0000	60.0000	0.425116870
140.0000	70.0000	60.0000	0.594035270
150.0000	70.0000	60.0000	0.857560800
160.0000	70.0000	60.0000	1.688993200
170.0000	70.0000	60.0000	1.407408100
180.0000	70.0000	60.0000	0.728322150
190.0000	70.0000	60.0000	1.537235500
200.0000	70.0000	60.0000	1.211108100
210.0000	70.0000	60.0000	0.246769590
220.0000	70.0000	60.0000	0.148509890
230.0000	70.0000	60.0000	0.418920600
240.0000	70.0000	60.0000	0.545400800
250.0000	70.0000	60.0000	0.401665500
260.0000	70.0000	60.0000	0.414451480
270.0000	70.0000	60.0000	0.460999940
280.0000	70.0000	60.0000	0.099274114
290.0000	70.0000	60.0000	0.100434120
300.0000	70.0000	60.0000	0.166091260
310.0000	70.0000	60.0000	0.289888700
320.0000	70.0000	60.0000	0.526772000
330.0000	70.0000	60.0000	0.706661200
340.0000	70.0000	60.0000	0.644159260
350.0000	70.0000	60.0000	1.112032200
360.0000	70.0000	60.0000	1.000000000
0.0000	80.0000	60.0000	0.372110040
10.0000	80.0000	60.0000	0.508454560
20.0000	80.0000	60.0000	0.855647860
30.0000	80.0000	60.0000	0.416631670
40.0000	80.0000	60.0000	0.484193600
50.0000	80.0000	60.0000	0.560292000
60.0000	80.0000	60.0000	0.577398660
70.0000	80.0000	60.0000	0.918310760
80.0000	80.0000	60.0000	0.579506600
90.0000	80.0000	60.0000	0.374895420
100.0000	80.0000	60.0000	0.648053100
110.0000	80.0000	60.0000	0.384407000
120.0000	80.0000	60.0000	0.306584000
130.0000	80.0000	60.0000	0.241944830
140.0000	80.0000	60.0000	0.521395300
150.0000	80.0000	60.0000	1.094565500
160.0000	80.0000	60.0000	2.088735600
170.0000	80.0000	60.0000	1.865856000
180.0000	80.0000	60.0000	1.588836200
190.0000	80.0000	60.0000	2.015969500
200.0000	80.0000	60.0000	1.917717900
210.0000	80.0000	60.0000	0.656665600
220.0000	80.0000	60.0000	0.640158600
230.0000	80.0000	60.0000	0.869880500
240.0000	80.0000	60.0000	0.846806500
250.0000	80.0000	60.0000	0.902391250
260.0000	80.0000	60.0000	0.527053300
270.0000	80.0000	60.0000	0.388606100
280.0000	80.0000	60.0000	0.258665170
290.0000	80.0000	60.0000	0.293928920
300.0000	80.0000	60.0000	0.663230800
310.0000	80.0000	60.0000	0.625993130
320.0000	80.0000	60.0000	0.303273380
330.0000	80.0000	60.0000	0.346074850
340.0000	80.0000	60.0000	0.530125140
350.0000	80.0000	60.0000	1.757794500
360.0000	80.0000	60.0000	1.000000000
0.0000	90.0000	60.0000	6.069041300
10.0000	90.0000	60.0000	1.994985000
20.0000	90.0000	60.0000	1.621162500
30.0000	90.0000	60.0000	0.795072140
40.0000	90.0000	60.0000	1.896352900
50.0000	90.0000	60.0000	0.985774900
60.0000	90.0000	60.0000	0.713558300
70.0000	90.0000	60.0000	1.501361400
80.0000	90.0000	60.0000	0.790168500
90.0000	90.0000	60.0000	0.513211900
100.0000	90.0000	60.0000	0.641749200
110.0000	90.0000	60.0000	0.398228820
120.0000	90.0000	60.0000	0.503372250
130.0000	90.0000	60.0000	0.590199300
140.0000	90.0000	60.0000	1.044549600
150.0000	90.0000	60.0000	2.023299200
160.0000	90.0000	60.0000	2.456598800
170.0000	90.0000	60.0000	1.839766600
180.0000	90.0000	60.0000	2.886773000
190.0000	90.0000	60.0000	4.954166000
200.0000	90.0000	60.0000	1.652196400
210.0000	90.0000	60.0000	0.849939400
220.0000	90.0000	60.0000	1.637791800
230.0000	90.0000	60.0000	1.087711700
240.0000	90.0000	60.0000	0.693201360
250.0000	90.0000	60.0000	2.942001000
260.0000	90.0000	60.0000	0.898310500
270.0000	90.0000	60.0000	0.741678830
280.0000	90.0000	60.0000	0.566833500
290.0000	90.0000	60.0000	0.307505900
300.0000	90.0000	60.0000	1.170824200
310.0000	90.0000	60.0000	1.687677500
320.0000	90.0000	60.0000	0.410155830
330.0000	90.0000	60.0000	0.467930880
340.0000	90.0000	60.0000	0.761926900
350.0000	90.0000	60.0000	1.979167900
360.0000	90.0000	60.0000	1.000000000
