0.0000	0.0000	0.0000	0.309921900
10.0000	0.0000	0.0000	0.221204920
20.0000	0.0000	0.0000	0.440887270
30.0000	0.0000	0.0000	0.466589500
40.0000	0.0000	0.0000	0.766983100
50.0000	0.0000	0.0000	0.993089440
60.0000	0.0000	0.0000	0.356349860
70.0000	0.0000	0.0000	0.456334380
80.0000	0.0000	0.0000	0.352258320
90.0000	0.0000	0.0000	1.013905600
100.0000	0.0000	0.0000	1.891073700
110.0000	0.0000	0.0000	2.360719200
120.0000	0.0000	0.0000	2.121934700
130.0000	0.0000	0.0000	2.294954300
140.0000	0.0000	0.0000	2.038109500
150.0000	0.0000	0.0000	1.299397800
160.0000	0.0000	0.0000	0.915672900
170.0000	0.0000	0.0000	0.341625150
180.0000	0.0000	0.0000	0.148437770
190.0000	0.0000	0.0000	0.744500760
200.0000	0.0000	0.0000	0.538623900
210.0000	0.0000	0.0000	0.269456770
220.0000	0.0000	0.0000	0.493707630
230.0000	0.0000	0.0000	0.739929300
240.0000	0.0000	0.0000	0.149606180
250.0000	0.0000	0.0000	0.475761200
260.0000	0.0000	0.0000	0.452192000
270.0000	0.0000	0.0000	1.092742400
280.0000	0.0000	0.0000	1.717166900
290.0000	0.0000	0.0000	1.815516700
300.0000	0.0000	0.0000	1.846731100
310.0000	0.0000	0.0000	2.526079000
320.0000	0.0000	0.0000	1.795126100
330.0000	0.0000	0.0000	0.946690500
340.0000	0.0000	0.0000	0.867071500
350.0000	0.0000	0.0000	1.682450200
360.0000	0.0000	0.0000	1.000000000
0.0000	10.0000	0.0000	0.725282500
10.0000	10.0000	0.0000	1.135142300
20.0000	10.0000	0.0000	2.425477700
30.0000	10.0000	0.0000	0.340546700
40.0000	10.0000	0.0000	2.418970600
50.0000	10.0000	0.0000	0.516061960
60.0000	10.0000	0.0000	1.067899200
70.0000	10.0000	0.0000	8.134039000
80.0000	10.0000	0.0000	0.155448210
90.0000	10.0000	0.0000	0.756387500
100.0000	10.0000	0.0000	1.733100300
110.0000	10.0000	0.0000	2.813283000
120.0000	10.0000	0.0000	3.503236000
130.0000	10.0000	0.0000	3.909355900
140.0000	10.0000	0.0000	1.205213100
150.0000	10.0000	0.0000	0.304218080
160.0000	10.0000	0.0000	1.364416200
170.0000	10.0000	0.0000	2.272769000
180.0000	10.0000	0.0000	1.757680400
190.0000	10.0000	0.0000	6.368699000
200.0000	10.0000	0.0000	1.080429300
210.0000	10.0000	0.0000	0.111969600
220.0000	10.0000	0.0000	2.657731000
230.0000	10.0000	0.0000	1.267372400
240.0000	10.0000	0.0000	0.192620620
250.0000	10.0000	0.0000	0.609982130
260.0000	10.0000	0.0000	0.221196760
270.0000	10.0000	0.0000	2.012799300
280.0000	10.0000	0.0000	2.363249800
290.0000	10.0000	0.0000	2.290724800
300.0000	10.0000	0.0000	2.233779400
310.0000	10.0000	0.0000	3.075360500
320.0000	10.0000	0.0000	1.179814600
330.0000	10.0000	0.0000	0.383989600
340.0000	10.0000	0.0000	2.097663400
350.0000	10.0000	0.0000	4.357225000
360.0000	10.0000	0.0000	1.000000000
0.0000	20.0000	0.0000	2.147343200
10.0000	20.0000	0.0000	3.049545500
20.0000	20.0000	0.0000	0.294138500
30.0000	20.0000	0.0000	0.063595700
40.0000	20.0000	0.0000	0.330881330
50.0000	20.0000	0.0000	0.979590800
60.0000	20.0000	0.0000	1.932223100
70.0000	20.0000	0.0000	0.735942960
80.0000	20.0000	0.0000	0.344947520
90.0000	20.0000	0.0000	0.346949220
100.0000	20.0000	0.0000	1.683659300
110.0000	20.0000	0.0000	2.124115500
120.0000	20.0000	0.0000	2.773762500
130.0000	20.0000	0.0000	4.897976000
140.0000	20.0000	0.0000	0.333092240
150.0000	20.0000	0.0000	0.046994660
160.0000	20.0000	0.0000	0.453235860
170.0000	20.0000	0.0000	1.299574000
180.0000	20.0000	0.0000	1.178741000
190.0000	20.0000	0.0000	4.504691000
200.0000	20.0000	0.0000	0.193979770
210.0000	20.0000	0.0000	0.103322330
220.0000	20.0000	0.0000	1.215338500
230.0000	20.0000	0.0000	0.967550750
240.0000	20.0000	0.0000	0.927264500
250.0000	20.0000	0.0000	0.964825800
260.0000	20.0000	0.0000	0.420924960
270.0000	20.0000	0.0000	0.618871450
280.0000	20.0000	0.0000	1.897811400
290.0000	20.0000	0.0000	3.514884500
300.0000	20.0000	0.0000	2.020389000
310.0000	20.0000	0.0000	1.956499800
320.0000	20.0000	0.0000	0.821971800
330.0000	20.0000	0.0000	0.069062310
340.0000	20.0000	0.0000	0.276531800
350.0000	20.0000	0.0000	0.574063400
360.0000	20.0000	0.0000	1.000000000
0.0000	30.0000	0.0000	1.790579000
10.0000	30.0000	0.0000	1.806823800
20.0000	30.0000	0.0000	0.077530850
30.0000	30.0000	0.0000	0.141886400
40.0000	30.0000	0.0000	0.668333230
50.0000	30.0000	0.0000	3.989358700
60.0000	30.0000	0.0000	2.893689000
70.0000	30.0000	0.0000	0.527586800
80.0000	30.0000	0.0000	0.533467000
90.0000	30.0000	0.0000	0.751047550
100.0000	30.0000	0.0000	1.450773000
110.0000	30.0000	0.0000	0.973226700
120.0000	30.0000	0.0000	1.408880100
130.0000	30.0000	0.0000	1.033260800
140.0000	30.0000	0.0000	0.145578030
150.0000	30.0000	0.0000	0.053798463
160.0000	30.0000	0.0000	0.395368930
170.0000	30.0000	0.0000	2.983477800
180.0000	30.0000	0.0000	3.055992100
190.0000	30.0000	0.0000	1.725146000
200.0000	30.0000	0.0000	0.102460810
210.0000	30.0000	0.0000	0.261541430
220.0000	30.0000	0.0000	1.168294000
230.0000	30.0000	0.0000	1.601761700
240.0000	30.0000	0.0000	0.937697050
250.0000	30.0000	0.0000	0.453215450
260.0000	30.0000	0.0000	0.593501270
270.0000	30.0000	0.0000	0.611507060
280.0000	30.0000	0.0000	0.658892400
290.0000	30.0000	0.0000	1.406309400
300.0000	30.0000	0.0000	1.149486800
310.0000	30.0000	0.0000	0.682147300
320.0000	30.0000	0.0000	0.357629700
330.0000	30.0000	0.0000	0.123444830
340.0000	30.0000	0.0000	0.235362710
350.0000	30.0000	0.0000	0.959445950
360.0000	30.0000	0.0000	1.000000000
0.0000	40.0000	0.0000	0.450344700
10.0000	40.0000	0.0000	0.455013130
20.0000	40.0000	0.0000	0.041878810
30.0000	40.0000	0.0000	0.214426640
40.0000	40.0000	0.0000	0.705481000
50.0000	40.0000	0.0000	1.298248800
60.0000	40.0000	0.0000	3.426965200
70.0000	40.0000	0.0000	0.557083700
80.0000	40.0000	0.0000	0.210405200
90.0000	40.0000	0.0000	0.876630400
100.0000	40.0000	0.0000	1.549511300
110.0000	40.0000	0.0000	0.867492440
120.0000	40.0000	0.0000	0.427090020
130.0000	40.0000	0.0000	0.448679700
140.0000	40.0000	0.0000	0.425944830
150.0000	40.0000	0.0000	0.193335430
160.0000	40.0000	0.0000	1.331715300
170.0000	40.0000	0.0000	1.554837800
180.0000	40.0000	0.0000	2.069365300
190.0000	40.0000	0.0000	2.169801200
200.0000	40.0000	0.0000	0.109910910
210.0000	40.0000	0.0000	0.292826560
220.0000	40.0000	0.0000	0.815953600
230.0000	40.0000	0.0000	1.743741500
240.0000	40.0000	0.0000	0.528843900
250.0000	40.0000	0.0000	0.240260700
260.0000	40.0000	0.0000	0.339836800
270.0000	40.0000	0.0000	0.286823540
280.0000	40.0000	0.0000	0.293026480
290.0000	40.0000	0.0000	0.613008140
300.0000	40.0000	0.0000	1.121118000
310.0000	40.0000	0.0000	0.626453600
320.0000	40.0000	0.0000	0.447518020
330.0000	40.0000	0.0000	0.765893700
340.0000	40.0000	0.0000	3.390518200
350.0000	40.0000	0.0000	1.400158500
360.0000	40.0000	0.0000	1.000000000
0.0000	50.0000	0.0000	2.596027100
10.0000	50.0000	0.0000	1.451129900
20.0000	50.0000	0.0000	0.121677540
30.0000	50.0000	0.0000	0.517821100
40.0000	50.0000	0.0000	0.458815630
50.0000	50.0000	0.0000	0.243210600
60.0000	50.0000	0.0000	0.143800150
70.0000	50.0000	0.0000	0.113191870
80.0000	50.0000	0.0000	0.370706170
90.0000	50.0000	0.0000	1.070236100
100.0000	50.0000	0.0000	0.418910350
110.0000	50.0000	0.0000	0.323529500
120.0000	50.0000	0.0000	0.707521260
130.0000	50.0000	0.0000	0.529235100
140.0000	50.0000	0.0000	0.543855400
150.0000	50.0000	0.0000	0.451429340
160.0000	50.0000	0.0000	0.937058200
170.0000	50.0000	0.0000	0.974255000
180.0000	50.0000	0.0000	1.486594000
190.0000	50.0000	0.0000	1.201358300
200.0000	50.0000	0.0000	0.157310650
210.0000	50.0000	0.0000	0.324543450
220.0000	50.0000	0.0000	0.687733900
230.0000	50.0000	0.0000	0.662899260
240.0000	50.0000	0.0000	0.711483000
250.0000	50.0000	0.0000	1.220415000
260.0000	50.0000	0.0000	0.701072000
270.0000	50.0000	0.0000	0.463484600
280.0000	50.0000	0.0000	0.571659740
290.0000	50.0000	0.0000	0.384888770
300.0000	50.0000	0.0000	0.358630800
310.0000	50.0000	0.0000	0.463354860
320.0000	50.0000	0.0000	0.416185100
330.0000	50.0000	0.0000	0.793831200
340.0000	50.0000	0.0000	1.795155500
350.0000	50.0000	0.0000	0.781871260
360.0000	50.0000	0.0000	1.000000000
0.0000	60.0000	0.0000	1.207335400
10.0000	60.0000	0.0000	0.823015100
20.0000	60.0000	0.0000	0.958615360
30.0000	60.0000	0.0000	1.293768400
40.0000	60.0000	0.0000	0.453126820
50.0000	60.0000	0.0000	0.346530260
60.0000	60.0000	0.0000	0.121744640
70.0000	60.0000	0.0000	0.053815372
80.0000	60.0000	0.0000	0.197374140
90.0000	60.0000	0.0000	0.486226980
100.0000	60.0000	0.0000	0.305441800
110.0000	60.0000	0.0000	0.488418070
120.0000	60.0000	0.0000	0.880958600
130.0000	60.0000	0.0000	0.442577720
140.0000	60.0000	0.0000	0.284711420
150.0000	60.0000	0.0000	0.269498470
160.0000	60.0000	0.0000	0.493399980
170.0000	60.0000	0.0000	1.516415400
180.0000	60.0000	0.0000	1.963279100
190.0000	60.0000	0.0000	1.475411300
200.0000	60.0000	0.0000	0.711213000
210.0000	60.0000	0.0000	0.671977760
220.0000	60.0000	0.0000	1.013606300
230.0000	60.0000	0.0000	0.897872700
240.0000	60.0000	0.0000	0.583524300
250.0000	60.0000	0.0000	1.794678400
260.0000	60.0000	0.0000	2.220737500
270.0000	60.0000	0.0000	0.792458900
280.0000	60.0000	0.0000	0.542351400
290.0000	60.0000	0.0000	0.388407680
300.0000	60.0000	0.0000	0.325457000
310.0000	60.0000	0.0000	0.249042030
320.0000	60.0000	0.0000	0.263705600
330.0000	60.0000	0.0000	0.161446140
340.0000	60.0000	0.0000	0.468655260
350.0000	60.0000	0.0000	2.939833000
360.0000	60.0000	0.0000	1.000000000
0.0000	70.0000	0.0000	1.659616000
10.0000	70.0000	0.0000	1.516735000
20.0000	70.0000	0.0000	1.255333000
30.0000	70.0000	0.0000	0.774210500
40.0000	70.0000	0.0000	0.353565600
50.0000	70.0000	0.0000	0.210067880
60.0000	70.0000	0.0000	0.298620600
70.0000	70.0000	0.0000	0.077451540
80.0000	70.0000	0.0000	0.028567968
90.0000	70.0000	0.0000	0.106838670
100.0000	70.0000	0.0000	0.376444600
110.0000	70.0000	0.0000	0.544190200
120.0000	70.0000	0.0000	0.452584830
130.0000	70.0000	0.0000	0.522062400
140.0000	70.0000	0.0000	0.227032230
150.0000	70.0000	0.0000	0.196400460
160.0000	70.0000	0.0000	0.588625550
170.0000	70.0000	0.0000	1.191645400
180.0000	70.0000	0.0000	1.163518800
190.0000	70.0000	0.0000	2.181473700
200.0000	70.0000	0.0000	1.291348500
210.0000	70.0000	0.0000	0.749342500
220.0000	70.0000	0.0000	0.547756000
230.0000	70.0000	0.0000	0.223681970
240.0000	70.0000	0.0000	0.250942860
250.0000	70.0000	0.0000	1.088705800
260.0000	70.0000	0.0000	1.250184400
270.0000	70.0000	0.0000	0.357413920
280.0000	70.0000	0.0000	0.388187680
290.0000	70.0000	0.0000	0.597795600
300.0000	70.0000	0.0000	0.308077200
310.0000	70.0000	0.0000	0.196024610
320.0000	70.0000	0.0000	0.231454310
330.0000	70.0000	0.0000	0.269697760
340.0000	70.0000	0.0000	0.562206450
350.0000	70.0000	0.0000	2.215498700
360.0000	70.0000	0.0000	1.000000000
0.0000	80.0000	0.0000	0.291317550
10.0000	80.0000	0.0000	0.783887150
20.0000	80.0000	0.0000	1.229662400
30.0000	80.0000	0.0000	0.340121420
40.0000	80.0000	0.0000	0.409901950
50.0000	80.0000	0.0000	0.355493580
60.0000	80.0000	0.0000	0.409525930
70.0000	80.0000	0.0000	0.257394100
80.0000	80.0000	0.0000	0.086361650
90.0000	80.0000	0.0000	0.204489420
100.0000	80.0000	0.0000	0.521989600
110.0000	80.0000	0.0000	0.391347050
120.0000	80.0000	0.0000	0.247048270
130.0000	80.0000	0.0000	0.488270100
140.0000	80.0000	0.0000	0.539414470
150.0000	80.0000	0.0000	0.777080830
160.0000	80.0000	0.0000	1.590388100
170.0000	80.0000	0.0000	1.862884900
180.0000	80.0000	0.0000	2.802889600
190.0000	80.0000	0.0000	3.921805000
200.0000	80.0000	0.0000	1.070071100
210.0000	80.0000	0.0000	1.040721900
220.0000	80.0000	0.0000	0.651901700
230.0000	80.0000	0.0000	0.135482580
240.0000	80.0000	0.0000	0.350100250
250.0000	80.0000	0.0000	0.683227100
260.0000	80.0000	0.0000	0.549567460
270.0000	80.0000	0.0000	0.590599060
280.0000	80.0000	0.0000	0.642366300
290.0000	80.0000	0.0000	0.710291300
300.0000	80.0000	0.0000	0.321786300
310.0000	80.0000	0.0000	0.557947200
320.0000	80.0000	0.0000	0.864668550
330.0000	80.0000	0.0000	1.106875500
340.0000	80.0000	0.0000	0.999037000
350.0000	80.0000	0.0000	1.222410300
360.0000	80.0000	0.0000	1.000000000
0.0000	90.0000	0.0000	5.311769000
10.0000	90.0000	0.0000	2.245121200
20.0000	90.0000	0.0000	1.945580400
30.0000	90.0000	0.0000	0.331752060
40.0000	90.0000	0.0000	0.562986400
50.0000	90.0000	0.0000	0.882532500
60.0000	90.0000	0.0000	0.607229200
70.0000	90.0000	0.0000	0.330481650
80.0000	90.0000	0.0000	0.132489770
90.0000	90.0000	0.0000	0.418991150
100.0000	90.0000	0.0000	0.866047260
110.0000	90.0000	0.0000	0.433364750
120.0000	90.0000	0.0000	0.247170400
130.0000	90.0000	0.0000	0.454377680
140.0000	90.0000	0.0000	1.484495900
150.0000	90.0000	0.0000	3.334737500
160.0000	90.0000	0.0000	4.193819000
170.0000	90.0000	0.0000	2.562578000
180.0000	90.0000	0.0000	3.540810000
190.0000	90.0000	0.0000	3.199864900
200.0000	90.0000	0.0000	1.311407100
210.0000	90.0000	0.0000	3.230669700
220.0000	90.0000	0.0000	1.585251500
230.0000	90.0000	0.0000	0.278199020
240.0000	90.0000	0.0000	0.497553770
250.0000	90.0000	0.0000	0.536938670
260.0000	90.0000	0.0000	0.424319650
270.0000	90.0000	0.0000	0.655550240
280.0000	90.0000	0.0000	0.882885630
290.0000	90.0000	0.0000	1.492900500
300.0000	90.0000	0.0000	0.619849560
310.0000	90.0000	0.0000	1.449228900
320.0000	90.0000	0.0000	2.035740600
330.0000	90.0000	0.0000	1.620652400
340.0000	90.0000	0.0000	1.716939700
350.0000	90.0000	0.0000	3.229827000
360.0000	90.0000	0.0000	1.000000000
0.0000	0.0000	10.0000	1.000000000
10.0000	0.0000	10.0000	1.000000000
20.0000	0.0000	10.0000	1.000000000
30.0000	0.0000	10.0000	1.000000000
40.0000	0.0000	10.0000	1.000000000
50.0000	0.0000	10.0000	1.000000000
60.0000	0.0000	10.0000	1.000000000
70.0000	0.0000	10.0000	1.000000000
80.0000	0.0000	10.0000	1.000000000
90.0000	0.0000	10.0000	1.000000000
100.0000	0.0000	10.0000	1.000000000
110.0000	0.0000	10.0000	1.000000000
120.0000	0.0000	10.0000	1.000000000
130.0000	0.0000	10.0000	1.000000000
140.0000	0.0000	10.0000	1.000000000
150.0000	0.0000	10.0000	1.000000000
160.0000	0.0000	10.0000	1.000000000
170.0000	0.0000	10.0000	1.000000000
180.0000	0.0000	10.0000	1.000000000
190.0000	0.0000	10.0000	1.000000000
200.0000	0.0000	10.0000	1.000000000
210.0000	0.0000	10.0000	1.000000000
220.0000	0.0000	10.0000	1.000000000
230.0000	0.0000	10.0000	1.000000000
240.0000	0.0000	10.0000	1.000000000
250.0000	0.0000	10.0000	1.000000000
260.0000	0.0000	10.0000	1.000000000
270.0000	0.0000	10.0000	1.000000000
280.0000	0.0000	10.0000	1.000000000
290.0000	0.0000	10.0000	1.000000000
300.0000	0.0000	10.0000	1.000000000
310.0000	0.0000	10.0000	1.000000000
320.0000	0.0000	10.0000	1.000000000
330.0000	0.0000	10.0000	1.000000000
340.0000	0.0000	10.0000	1.000000000
350.0000	0.0000	10.0000	1.000000000
360.0000	0.0000	10.0000	1.000000000
0.0000	10.0000	10.0000	0.722157360
10.0000	10.0000	10.0000	0.742775400
20.0000	10.0000	10.0000	1.859811500
30.0000	10.0000	10.0000	0.404865300
40.0000	10.0000	10.0000	0.763895450
50.0000	10.0000	10.0000	1.270059000
60.0000	10.0000	10.0000	2.873877500
70.0000	10.0000	10.0000	1.530580900
80.0000	10.0000	10.0000	0.254728000
90.0000	10.0000	10.0000	0.804341200
100.0000	10.0000	10.0000	1.527203800
110.0000	10.0000	10.0000	2.406204700
120.0000	10.0000	10.0000	2.864382000
130.0000	10.0000	10.0000	1.870137300
140.0000	10.0000	10.0000	0.738659860
150.0000	10.0000	10.0000	0.379095670
160.0000	10.0000	10.0000	1.767262500
170.0000	10.0000	10.0000	2.690328400
180.0000	10.0000	10.0000	1.869134800
190.0000	10.0000	10.0000	2.478270000
200.0000	10.0000	10.0000	0.990788700
210.0000	10.0000	10.0000	0.224738020
220.0000	10.0000	10.0000	1.544037600
230.0000	10.0000	10.0000	0.888586160
240.0000	10.0000	10.0000	0.551166360
250.0000	10.0000	10.0000	0.507440000
260.0000	10.0000	10.0000	0.102646510
270.0000	10.0000	10.0000	1.053347800
280.0000	10.0000	10.0000	2.003071800
290.0000	10.0000	10.0000	1.809335100
300.0000	10.0000	10.0000	1.905867100
310.0000	10.0000	10.0000	1.820606600
320.0000	10.0000	10.0000	0.814869000
330.0000	10.0000	10.0000	0.438891170
340.0000	10.0000	10.0000	2.780849200
350.0000	10.0000	10.0000	4.800623000
360.0000	10.0000	10.0000	1.000000000
0.0000	20.0000	10.0000	2.077000400
10.0000	20.0000	10.0000	1.879024100
20.0000	20.0000	10.0000	0.258378700
30.0000	20.0000	10.0000	0.098697126
40.0000	20.0000	10.0000	0.342466980
50.0000	20.0000	10.0000	1.364125400
60.0000	20.0000	10.0000	1.066533100
70.0000	20.0000	10.0000	0.326673630
80.0000	20.0000	10.0000	0.321836920
90.0000	20.0000	10.0000	0.425138320
100.0000	20.0000	10.0000	0.995989740
110.0000	20.0000	10.0000	1.209905900
120.0000	20.0000	10.0000	0.732310600
130.0000	20.0000	10.0000	0.333257100
140.0000	20.0000	10.0000	0.089633524
150.0000	20.0000	10.0000	0.068644290
160.0000	20.0000	10.0000	0.657657200
170.0000	20.0000	10.0000	1.224283100
180.0000	20.0000	10.0000	0.818317500
190.0000	20.0000	10.0000	1.454947000
200.0000	20.0000	10.0000	0.261779130
210.0000	20.0000	10.0000	0.190744490
220.0000	20.0000	10.0000	0.543248950
230.0000	20.0000	10.0000	1.137521900
240.0000	20.0000	10.0000	1.014851800
250.0000	20.0000	10.0000	1.032787100
260.0000	20.0000	10.0000	0.497450770
270.0000	20.0000	10.0000	0.304736600
280.0000	20.0000	10.0000	0.911440730
290.0000	20.0000	10.0000	0.948844900
300.0000	20.0000	10.0000	0.404638100
310.0000	20.0000	10.0000	0.594773100
320.0000	20.0000	10.0000	0.231810700
330.0000	20.0000	10.0000	0.047780693
340.0000	20.0000	10.0000	0.427443000
350.0000	20.0000	10.0000	0.614900600
360.0000	20.0000	10.0000	1.000000000
0.0000	30.0000	10.0000	1.423794000
10.0000	30.0000	10.0000	0.785663400
20.0000	30.0000	10.0000	0.058267277
30.0000	30.0000	10.0000	0.205661190
40.0000	30.0000	10.0000	0.962626640
50.0000	30.0000	10.0000	2.064334000
60.0000	30.0000	10.0000	1.052257900
70.0000	30.0000	10.0000	0.495995580
80.0000	30.0000	10.0000	0.649745700
90.0000	30.0000	10.0000	0.666823900
100.0000	30.0000	10.0000	1.153674700
110.0000	30.0000	10.0000	1.671497100
120.0000	30.0000	10.0000	2.054150000
130.0000	30.0000	10.0000	0.669958530
140.0000	30.0000	10.0000	0.125892700
150.0000	30.0000	10.0000	0.211663320
160.0000	30.0000	10.0000	2.088736000
170.0000	30.0000	10.0000	3.064491500
180.0000	30.0000	10.0000	1.771986600
190.0000	30.0000	10.0000	0.474508820
200.0000	30.0000	10.0000	0.069132720
210.0000	30.0000	10.0000	0.226848830
220.0000	30.0000	10.0000	0.779279600
230.0000	30.0000	10.0000	1.694958800
240.0000	30.0000	10.0000	1.098870300
250.0000	30.0000	10.0000	0.638969660
260.0000	30.0000	10.0000	0.753801200
270.0000	30.0000	10.0000	0.438809420
280.0000	30.0000	10.0000	0.636033400
290.0000	30.0000	10.0000	2.939547000
300.0000	30.0000	10.0000	1.577254900
310.0000	30.0000	10.0000	1.129540700
320.0000	30.0000	10.0000	0.328578700
330.0000	30.0000	10.0000	0.186888750
340.0000	30.0000	10.0000	0.354314270
350.0000	30.0000	10.0000	0.870871000
360.0000	30.0000	10.0000	1.000000000
0.0000	40.0000	10.0000	0.230796920
10.0000	40.0000	10.0000	0.154933750
20.0000	40.0000	10.0000	0.043112077
30.0000	40.0000	10.0000	0.327000400
40.0000	40.0000	10.0000	1.298145000
50.0000	40.0000	10.0000	0.968194840
60.0000	40.0000	10.0000	0.621154400
70.0000	40.0000	10.0000	0.466199130
80.0000	40.0000	10.0000	0.388903050
90.0000	40.0000	10.0000	0.780236960
100.0000	40.0000	10.0000	1.287658100
110.0000	40.0000	10.0000	1.209135500
120.0000	40.0000	10.0000	0.845184150
130.0000	40.0000	10.0000	0.522686100
140.0000	40.0000	10.0000	0.405338880
150.0000	40.0000	10.0000	0.487300340
160.0000	40.0000	10.0000	1.715359200
170.0000	40.0000	10.0000	0.959805370
180.0000	40.0000	10.0000	1.443947000
190.0000	40.0000	10.0000	0.628437600
200.0000	40.0000	10.0000	0.089203290
210.0000	40.0000	10.0000	0.512647100
220.0000	40.0000	10.0000	1.506200200
230.0000	40.0000	10.0000	1.738859200
240.0000	40.0000	10.0000	0.790771000
250.0000	40.0000	10.0000	0.370674430
260.0000	40.0000	10.0000	0.402704450
270.0000	40.0000	10.0000	0.330816980
280.0000	40.0000	10.0000	0.380844620
290.0000	40.0000	10.0000	1.020334600
300.0000	40.0000	10.0000	1.252454200
310.0000	40.0000	10.0000	0.878041400
320.0000	40.0000	10.0000	0.466754020
330.0000	40.0000	10.0000	0.729398900
340.0000	40.0000	10.0000	2.146518700
350.0000	40.0000	10.0000	1.128102100
360.0000	40.0000	10.0000	1.000000000
0.0000	50.0000	10.0000	1.393171300
10.0000	50.0000	10.0000	0.578752200
20.0000	50.0000	10.0000	0.127529200
30.0000	50.0000	10.0000	0.456199560
40.0000	50.0000	10.0000	0.795944900
50.0000	50.0000	10.0000	0.476480200
60.0000	50.0000	10.0000	0.151129650
70.0000	50.0000	10.0000	0.201755910
80.0000	50.0000	10.0000	0.739750700
90.0000	50.0000	10.0000	1.160612500
100.0000	50.0000	10.0000	0.645646300
110.0000	50.0000	10.0000	0.535590650
120.0000	50.0000	10.0000	0.506992460
130.0000	50.0000	10.0000	0.505012600
140.0000	50.0000	10.0000	0.703343630
150.0000	50.0000	10.0000	0.444266900
160.0000	50.0000	10.0000	0.341830520
170.0000	50.0000	10.0000	0.517041500
180.0000	50.0000	10.0000	1.060529600
190.0000	50.0000	10.0000	0.428285960
200.0000	50.0000	10.0000	0.127308150
210.0000	50.0000	10.0000	0.510845100
220.0000	50.0000	10.0000	1.070952500
230.0000	50.0000	10.0000	1.067589400
240.0000	50.0000	10.0000	0.966928240
250.0000	50.0000	10.0000	1.226562700
260.0000	50.0000	10.0000	0.560661500
270.0000	50.0000	10.0000	0.416160580
280.0000	50.0000	10.0000	0.589313200
290.0000	50.0000	10.0000	0.671548250
300.0000	50.0000	10.0000	0.572946850
310.0000	50.0000	10.0000	0.567647000
320.0000	50.0000	10.0000	0.389017500
330.0000	50.0000	10.0000	0.565302430
340.0000	50.0000	10.0000	0.975098900
350.0000	50.0000	10.0000	0.548679400
360.0000	50.0000	10.0000	1.000000000
0.0000	60.0000	10.0000	0.597613000
10.0000	60.0000	10.0000	0.354441520
20.0000	60.0000	10.0000	0.407832860
30.0000	60.0000	10.0000	0.604444860
40.0000	60.0000	10.0000	0.486660930
50.0000	60.0000	10.0000	0.599064900
60.0000	60.0000	10.0000	0.283647060
70.0000	60.0000	10.0000	0.351548140
80.0000	60.0000	10.0000	0.876411200
90.0000	60.0000	10.0000	0.431503300
100.0000	60.0000	10.0000	0.249685140
110.0000	60.0000	10.0000	0.512403550
120.0000	60.0000	10.0000	0.511995550
130.0000	60.0000	10.0000	0.272852870
140.0000	60.0000	10.0000	0.270672650
150.0000	60.0000	10.0000	0.304598700
160.0000	60.0000	10.0000	0.365997250
170.0000	60.0000	10.0000	1.034762100
180.0000	60.0000	10.0000	1.250379600
190.0000	60.0000	10.0000	0.527353000
200.0000	60.0000	10.0000	0.275723370
210.0000	60.0000	10.0000	0.562669600
220.0000	60.0000	10.0000	0.878312700
230.0000	60.0000	10.0000	1.125446900
240.0000	60.0000	10.0000	0.853993000
250.0000	60.0000	10.0000	1.556404700
260.0000	60.0000	10.0000	1.255196300
270.0000	60.0000	10.0000	0.610496900
280.0000	60.0000	10.0000	0.501434300
290.0000	60.0000	10.0000	0.337998870
300.0000	60.0000	10.0000	0.234279070
310.0000	60.0000	10.0000	0.235360640
320.0000	60.0000	10.0000	0.297675040
330.0000	60.0000	10.0000	0.390229730
340.0000	60.0000	10.0000	0.724352600
350.0000	60.0000	10.0000	1.719259900
360.0000	60.0000	10.0000	1.000000000
0.0000	70.0000	10.0000	1.242631100
10.0000	70.0000	10.0000	0.711379000
20.0000	70.0000	10.0000	0.397756840
30.0000	70.0000	10.0000	0.397228750
40.0000	70.0000	10.0000	0.429451730
50.0000	70.0000	10.0000	0.602559600
60.0000	70.0000	10.0000	0.605062700
70.0000	70.0000	10.0000	0.506866750
80.0000	70.0000	10.0000	0.196133050
90.0000	70.0000	10.0000	0.121790980
100.0000	70.0000	10.0000	0.197821660
110.0000	70.0000	10.0000	0.406709970
120.0000	70.0000	10.0000	0.365329740
130.0000	70.0000	10.0000	0.237149240
140.0000	70.0000	10.0000	0.203011360
150.0000	70.0000	10.0000	0.354183080
160.0000	70.0000	10.0000	0.935720740
170.0000	70.0000	10.0000	1.079515800
180.0000	70.0000	10.0000	0.831530630
190.0000	70.0000	10.0000	1.026692000
200.0000	70.0000	10.0000	0.822180100
210.0000	70.0000	10.0000	0.727353040
220.0000	70.0000	10.0000	0.696624500
230.0000	70.0000	10.0000	0.565414800
240.0000	70.0000	10.0000	0.352523980
250.0000	70.0000	10.0000	0.531099260
260.0000	70.0000	10.0000	0.444725750
270.0000	70.0000	10.0000	0.321786900
280.0000	70.0000	10.0000	0.319447220
290.0000	70.0000	10.0000	0.274685470
300.0000	70.0000	10.0000	0.270254500
310.0000	70.0000	10.0000	0.244690030
320.0000	70.0000	10.0000	0.329454720
330.0000	70.0000	10.0000	0.472453650
340.0000	70.0000	10.0000	0.727015100
350.0000	70.0000	10.0000	1.678803800
360.0000	70.0000	10.0000	1.000000000
0.0000	80.0000	10.0000	0.191766680
10.0000	80.0000	10.0000	0.374410300
20.0000	80.0000	10.0000	0.816534340
30.0000	80.0000	10.0000	0.468883720
40.0000	80.0000	10.0000	0.506383240
50.0000	80.0000	10.0000	0.374090500
60.0000	80.0000	10.0000	0.379378700
70.0000	80.0000	10.0000	0.470594440
80.0000	80.0000	10.0000	0.356314060
90.0000	80.0000	10.0000	0.312771920
100.0000	80.0000	10.0000	0.363125770
110.0000	80.0000	10.0000	0.441736300
120.0000	80.0000	10.0000	0.369905020
130.0000	80.0000	10.0000	0.313106180
140.0000	80.0000	10.0000	0.429358420
150.0000	80.0000	10.0000	0.778977700
160.0000	80.0000	10.0000	2.164161000
170.0000	80.0000	10.0000	2.887663100
180.0000	80.0000	10.0000	2.796627500
190.0000	80.0000	10.0000	3.160494300
200.0000	80.0000	10.0000	1.891511900
210.0000	80.0000	10.0000	1.340314900
220.0000	80.0000	10.0000	0.614665450
230.0000	80.0000	10.0000	0.258444220
240.0000	80.0000	10.0000	0.286063640
250.0000	80.0000	10.0000	0.396287050
260.0000	80.0000	10.0000	0.315033200
270.0000	80.0000	10.0000	0.399088920
280.0000	80.0000	10.0000	0.563077000
290.0000	80.0000	10.0000	0.581307000
300.0000	80.0000	10.0000	0.277644700
310.0000	80.0000	10.0000	0.349376400
320.0000	80.0000	10.0000	0.578658460
330.0000	80.0000	10.0000	0.674951200
340.0000	80.0000	10.0000	0.823712300
350.0000	80.0000	10.0000	1.558533500
360.0000	80.0000	10.0000	1.000000000
0.0000	90.0000	10.0000	4.552205600
10.0000	90.0000	10.0000	1.788554000
20.0000	90.0000	10.0000	2.181510400
30.0000	90.0000	10.0000	0.612032230
40.0000	90.0000	10.0000	0.578848300
50.0000	90.0000	10.0000	0.256952600
60.0000	90.0000	10.0000	0.159621690
70.0000	90.0000	10.0000	0.364236240
80.0000	90.0000	10.0000	0.484552470
90.0000	90.0000	10.0000	0.695119260
100.0000	90.0000	10.0000	0.476520900
110.0000	90.0000	10.0000	0.884502000
120.0000	90.0000	10.0000	0.544154350
130.0000	90.0000	10.0000	0.404558570
140.0000	90.0000	10.0000	0.798395700
150.0000	90.0000	10.0000	1.686434900
160.0000	90.0000	10.0000	4.346413600
170.0000	90.0000	10.0000	4.757254600
180.0000	90.0000	10.0000	4.910866300
190.0000	90.0000	10.0000	5.041683000
200.0000	90.0000	10.0000	2.074990000
210.0000	90.0000	10.0000	1.958005100
220.0000	90.0000	10.0000	0.630487800
230.0000	90.0000	10.0000	0.224733980
240.0000	90.0000	10.0000	0.372997670
250.0000	90.0000	10.0000	0.432346580
260.0000	90.0000	10.0000	0.469318270
270.0000	90.0000	10.0000	0.546885130
280.0000	90.0000	10.0000	0.704470040
290.0000	90.0000	10.0000	1.510930000
300.0000	90.0000	10.0000	0.334043830
310.0000	90.0000	10.0000	0.452123500
320.0000	90.0000	10.0000	0.932521340
330.0000	90.0000	10.0000	0.907488470
340.0000	90.0000	10.0000	1.466701600
350.0000	90.0000	10.0000	3.071758000
360.0000	90.0000	10.0000	1.000000000
0.0000	0.0000	20.0000	1.000000000
10.0000	0.0000	20.0000	1.000000000
20.0000	0.0000	20.0000	1.000000000
30.0000	0.0000	20.0000	1.000000000
40.0000	0.0000	20.0000	1.000000000
50.0000	0.0000	20.0000	1.000000000
60.0000	0.0000	20.0000	1.000000000
70.0000	0.0000	20.0000	1.000000000
80.0000	0.0000	20.0000	1.000000000
90.0000	0.0000	20.0000	1.000000000
100.0000	0.0000	20.0000	1.000000000
110.0000	0.0000	20.0000	1.000000000
120.0000	0.0000	20.0000	1.000000000
130.0000	0.0000	20.0000	1.000000000
140.0000	0.0000	20.0000	1.000000000
150.0000	0.0000	20.0000	1.000000000
160.0000	0.0000	20.0000	1.000000000
170.0000	0.0000	20.0000	1.000000000
180.0000	0.0000	20.0000	1.000000000
190.0000	0.0000	20.0000	1.000000000
200.0000	0.0000	20.0000	1.000000000
210.0000	0.0000	20.0000	1.000000000
220.0000	0.0000	20.0000	1.000000000
230.0000	0.0000	20.0000	1.000000000
240.0000	0.0000	20.0000	1.000000000
250.0000	0.0000	20.0000	1.000000000
260.0000	0.0000	20.0000	1.000000000
270.0000	0.0000	20.0000	1.000000000
280.0000	0.0000	20.0000	1.000000000
290.0000	0.0000	20.0000	1.000000000
300.0000	0.0000	20.0000	1.000000000
310.0000	0.0000	20.0000	1.000000000
320.0000	0.0000	20.0000	1.000000000
330.0000	0.0000	20.0000	1.000000000
340.0000	0.0000	20.0000	1.000000000
350.0000	0.0000	20.0000	1.000000000
360.0000	0.0000	20.0000	1.000000000
0.0000	10.0000	20.0000	0.646617950
10.0000	10.0000	20.0000	0.530716300
20.0000	10.0000	20.0000	3.417510000
30.0000	10.0000	20.0000	0.242814420
40.0000	10.0000	20.0000	0.394100960
50.0000	10.0000	20.0000	1.445344400
60.0000	10.0000	20.0000	0.726347400
70.0000	10.0000	20.0000	0.175617190
80.0000	10.0000	20.0000	0.720719300
90.0000	10.0000	20.0000	1.284743300
100.0000	10.0000	20.0000	0.905498400
110.0000	10.0000	20.0000	0.839192450
120.0000	10.0000	20.0000	0.191917200
130.0000	10.0000	20.0000	0.072815165
140.0000	10.0000	20.0000	0.251934470
150.0000	10.0000	20.0000	0.185894330
160.0000	10.0000	20.0000	1.775196700
170.0000	10.0000	20.0000	4.345755000
180.0000	10.0000	20.0000	1.154482100
190.0000	10.0000	20.0000	1.166667100
200.0000	10.0000	20.0000	3.052799500
210.0000	10.0000	20.0000	0.464174300
220.0000	10.0000	20.0000	0.409330700
230.0000	10.0000	20.0000	0.580980200
240.0000	10.0000	20.0000	0.713400660
250.0000	10.0000	20.0000	0.400478040
260.0000	10.0000	20.0000	0.175598920
270.0000	10.0000	20.0000	0.435541720
280.0000	10.0000	20.0000	1.122878400
290.0000	10.0000	20.0000	1.529154400
300.0000	10.0000	20.0000	0.304901360
310.0000	10.0000	20.0000	0.091599670
320.0000	10.0000	20.0000	0.218366380
330.0000	10.0000	20.0000	0.307738930
340.0000	10.0000	20.0000	2.926405700
350.0000	10.0000	20.0000	6.761001000
360.0000	10.0000	20.0000	1.000000000
0.0000	20.0000	20.0000	1.939685500
10.0000	20.0000	20.0000	1.466894700
20.0000	20.0000	20.0000	0.618138700
30.0000	20.0000	20.0000	0.378915700
40.0000	20.0000	20.0000	0.718205700
50.0000	20.0000	20.0000	1.498826400
60.0000	20.0000	20.0000	0.588800000
70.0000	20.0000	20.0000	0.236200960
80.0000	20.0000	20.0000	0.491097930
90.0000	20.0000	20.0000	1.262718000
100.0000	20.0000	20.0000	2.311148200
110.0000	20.0000	20.0000	1.914083700
120.0000	20.0000	20.0000	0.347937970
130.0000	20.0000	20.0000	0.090558200
140.0000	20.0000	20.0000	0.146917210
150.0000	20.0000	20.0000	0.296678630
160.0000	20.0000	20.0000	0.807095000
170.0000	20.0000	20.0000	1.474475700
180.0000	20.0000	20.0000	0.540068200
190.0000	20.0000	20.0000	0.991854000
200.0000	20.0000	20.0000	0.973771750
210.0000	20.0000	20.0000	0.382857100
220.0000	20.0000	20.0000	0.590853500
230.0000	20.0000	20.0000	1.575859900
240.0000	20.0000	20.0000	0.979966300
250.0000	20.0000	20.0000	0.749766500
260.0000	20.0000	20.0000	0.426719670
270.0000	20.0000	20.0000	0.600836600
280.0000	20.0000	20.0000	1.530198900
290.0000	20.0000	20.0000	1.104388000
300.0000	20.0000	20.0000	0.363137500
310.0000	20.0000	20.0000	0.153596030
320.0000	20.0000	20.0000	0.126800850
330.0000	20.0000	20.0000	0.172080770
340.0000	20.0000	20.0000	0.873369700
350.0000	20.0000	20.0000	0.915635900
360.0000	20.0000	20.0000	1.000000000
0.0000	30.0000	20.0000	0.943512300
10.0000	30.0000	20.0000	0.686431470
20.0000	30.0000	20.0000	0.298172300
30.0000	30.0000	20.0000	0.527798240
40.0000	30.0000	20.0000	0.813089700
50.0000	30.0000	20.0000	0.530568660
60.0000	30.0000	20.0000	0.357032750
70.0000	30.0000	20.0000	0.470207780
80.0000	30.0000	20.0000	0.628676900
90.0000	30.0000	20.0000	0.660596500
100.0000	30.0000	20.0000	1.025034900
110.0000	30.0000	20.0000	1.114899000
120.0000	30.0000	20.0000	0.775806400
130.0000	30.0000	20.0000	0.448261380
140.0000	30.0000	20.0000	0.463998650
150.0000	30.0000	20.0000	1.746196700
160.0000	30.0000	20.0000	3.243719300
170.0000	30.0000	20.0000	2.843821800
180.0000	30.0000	20.0000	1.195942000
190.0000	30.0000	20.0000	0.483993950
200.0000	30.0000	20.0000	0.402290050
210.0000	30.0000	20.0000	0.625920400
220.0000	30.0000	20.0000	1.522766700
230.0000	30.0000	20.0000	1.397238700
240.0000	30.0000	20.0000	0.979696100
250.0000	30.0000	20.0000	0.800212700
260.0000	30.0000	20.0000	0.775943640
270.0000	30.0000	20.0000	0.627676550
280.0000	30.0000	20.0000	0.775117100
290.0000	30.0000	20.0000	1.173144200
300.0000	30.0000	20.0000	0.589913800
310.0000	30.0000	20.0000	0.352523000
320.0000	30.0000	20.0000	0.246597200
330.0000	30.0000	20.0000	0.224479440
340.0000	30.0000	20.0000	0.259314630
350.0000	30.0000	20.0000	0.974769350
360.0000	30.0000	20.0000	1.000000000
0.0000	40.0000	20.0000	0.166325750
10.0000	40.0000	20.0000	0.171872740
20.0000	40.0000	20.0000	0.222380640
30.0000	40.0000	20.0000	0.597258750
40.0000	40.0000	20.0000	1.081409500
50.0000	40.0000	20.0000	0.468121470
60.0000	40.0000	20.0000	0.242628170
70.0000	40.0000	20.0000	0.404921650
80.0000	40.0000	20.0000	0.386696880
90.0000	40.0000	20.0000	0.477167220
100.0000	40.0000	20.0000	0.806737100
110.0000	40.0000	20.0000	0.667772350
120.0000	40.0000	20.0000	0.722482200
130.0000	40.0000	20.0000	0.773140850
140.0000	40.0000	20.0000	0.516248350
150.0000	40.0000	20.0000	1.165166700
160.0000	40.0000	20.0000	1.466848300
170.0000	40.0000	20.0000	0.820811570
180.0000	40.0000	20.0000	0.956166450
190.0000	40.0000	20.0000	0.529296200
200.0000	40.0000	20.0000	0.377156820
210.0000	40.0000	20.0000	1.336928800
220.0000	40.0000	20.0000	2.393620300
230.0000	40.0000	20.0000	1.174464000
240.0000	40.0000	20.0000	0.753527640
250.0000	40.0000	20.0000	0.675131440
260.0000	40.0000	20.0000	0.550795260
270.0000	40.0000	20.0000	0.528498770
280.0000	40.0000	20.0000	0.565599000
290.0000	40.0000	20.0000	1.197704900
300.0000	40.0000	20.0000	0.858107300
310.0000	40.0000	20.0000	0.916066170
320.0000	40.0000	20.0000	0.616334300
330.0000	40.0000	20.0000	0.630971250
340.0000	40.0000	20.0000	0.997825700
350.0000	40.0000	20.0000	1.085020000
360.0000	40.0000	20.0000	1.000000000
0.0000	50.0000	20.0000	1.094448100
10.0000	50.0000	20.0000	0.688960100
20.0000	50.0000	20.0000	0.532412230
30.0000	50.0000	20.0000	0.915965700
40.0000	50.0000	20.0000	1.789641300
50.0000	50.0000	20.0000	1.394286400
60.0000	50.0000	20.0000	0.761726140
70.0000	50.0000	20.0000	0.571687200
80.0000	50.0000	20.0000	0.687478400
90.0000	50.0000	20.0000	0.825755060
100.0000	50.0000	20.0000	0.863632100
110.0000	50.0000	20.0000	0.652335300
120.0000	50.0000	20.0000	0.411257100
130.0000	50.0000	20.0000	0.546454970
140.0000	50.0000	20.0000	0.532466050
150.0000	50.0000	20.0000	0.585002600
160.0000	50.0000	20.0000	0.403389800
170.0000	50.0000	20.0000	0.811732350
180.0000	50.0000	20.0000	0.911196900
190.0000	50.0000	20.0000	0.512650850
200.0000	50.0000	20.0000	0.636069660
210.0000	50.0000	20.0000	1.569293600
220.0000	50.0000	20.0000	1.669614900
230.0000	50.0000	20.0000	0.877052700
240.0000	50.0000	20.0000	0.823195800
250.0000	50.0000	20.0000	0.787557660
260.0000	50.0000	20.0000	0.565754900
270.0000	50.0000	20.0000	0.503122500
280.0000	50.0000	20.0000	0.705115800
290.0000	50.0000	20.0000	0.795046030
300.0000	50.0000	20.0000	0.961104100
310.0000	50.0000	20.0000	0.546697000
320.0000	50.0000	20.0000	0.457592400
330.0000	50.0000	20.0000	0.733144640
340.0000	50.0000	20.0000	0.763981000
350.0000	50.0000	20.0000	0.857442740
360.0000	50.0000	20.0000	1.000000000
0.0000	60.0000	20.0000	0.434369600
10.0000	60.0000	20.0000	0.337871520
20.0000	60.0000	20.0000	0.601649640
30.0000	60.0000	20.0000	0.608239230
40.0000	60.0000	20.0000	0.859339100
50.0000	60.0000	20.0000	1.394358200
60.0000	60.0000	20.0000	0.879099100
70.0000	60.0000	20.0000	1.682853300
80.0000	60.0000	20.0000	1.348771000
90.0000	60.0000	20.0000	0.271251800
100.0000	60.0000	20.0000	0.220380800
110.0000	60.0000	20.0000	0.290754170
120.0000	60.0000	20.0000	0.257315550
130.0000	60.0000	20.0000	0.419593130
140.0000	60.0000	20.0000	0.812015900
150.0000	60.0000	20.0000	1.059302600
160.0000	60.0000	20.0000	0.953384400
170.0000	60.0000	20.0000	2.239753200
180.0000	60.0000	20.0000	1.093290700
190.0000	60.0000	20.0000	0.610623540
200.0000	60.0000	20.0000	0.955464240
210.0000	60.0000	20.0000	1.047539500
220.0000	60.0000	20.0000	1.567084400
230.0000	60.0000	20.0000	1.596089500
240.0000	60.0000	20.0000	0.902592540
250.0000	60.0000	20.0000	1.237152100
260.0000	60.0000	20.0000	1.129199900
270.0000	60.0000	20.0000	0.466309130
280.0000	60.0000	20.0000	0.274050100
290.0000	60.0000	20.0000	0.346440760
300.0000	60.0000	20.0000	0.431370440
310.0000	60.0000	20.0000	0.293780300
320.0000	60.0000	20.0000	0.537363470
330.0000	60.0000	20.0000	0.929947600
340.0000	60.0000	20.0000	0.773294200
350.0000	60.0000	20.0000	1.348915500
360.0000	60.0000	20.0000	1.000000000
0.0000	70.0000	20.0000	0.791991230
10.0000	70.0000	20.0000	0.468497840
20.0000	70.0000	20.0000	0.505140540
30.0000	70.0000	20.0000	0.596644700
40.0000	70.0000	20.0000	0.730996200
50.0000	70.0000	20.0000	0.938943150
60.0000	70.0000	20.0000	0.663273450
70.0000	70.0000	20.0000	1.471266300
80.0000	70.0000	20.0000	0.515205400
90.0000	70.0000	20.0000	0.084418870
100.0000	70.0000	20.0000	0.074406460
110.0000	70.0000	20.0000	0.139434800
120.0000	70.0000	20.0000	0.212341000
130.0000	70.0000	20.0000	0.303151600
140.0000	70.0000	20.0000	0.631186370
150.0000	70.0000	20.0000	1.267668600
160.0000	70.0000	20.0000	2.741439000
170.0000	70.0000	20.0000	3.703196800
180.0000	70.0000	20.0000	1.012739100
190.0000	70.0000	20.0000	0.959873260
200.0000	70.0000	20.0000	1.298099800
210.0000	70.0000	20.0000	0.841919600
220.0000	70.0000	20.0000	1.184873200
230.0000	70.0000	20.0000	1.072212700
240.0000	70.0000	20.0000	0.366012280
250.0000	70.0000	20.0000	0.585734300
260.0000	70.0000	20.0000	0.459393470
270.0000	70.0000	20.0000	0.223196480
280.0000	70.0000	20.0000	0.152423720
290.0000	70.0000	20.0000	0.170962070
300.0000	70.0000	20.0000	0.466770260
310.0000	70.0000	20.0000	0.858255860
320.0000	70.0000	20.0000	1.221113700
330.0000	70.0000	20.0000	1.248835100
340.0000	70.0000	20.0000	1.411049600
350.0000	70.0000	20.0000	3.037498700
360.0000	70.0000	20.0000	1.000000000
0.0000	80.0000	20.0000	0.279891370
10.0000	80.0000	20.0000	0.426000480
20.0000	80.0000	20.0000	1.147297400
30.0000	80.0000	20.0000	0.802680100
40.0000	80.0000	20.0000	0.741924760
50.0000	80.0000	20.0000	0.395463080
60.0000	80.0000	20.0000	0.241589830
70.0000	80.0000	20.0000	0.394030930
80.0000	80.0000	20.0000	0.565919100
90.0000	80.0000	20.0000	0.303659380
100.0000	80.0000	20.0000	0.221198140
110.0000	80.0000	20.0000	0.435822100
120.0000	80.0000	20.0000	0.561333600
130.0000	80.0000	20.0000	0.482882650
140.0000	80.0000	20.0000	0.538089500
150.0000	80.0000	20.0000	0.810364900
160.0000	80.0000	20.0000	3.168803500
170.0000	80.0000	20.0000	8.945576000
180.0000	80.0000	20.0000	5.864315500
190.0000	80.0000	20.0000	5.624628500
200.0000	80.0000	20.0000	2.695805800
210.0000	80.0000	20.0000	0.981471060
220.0000	80.0000	20.0000	0.656403240
230.0000	80.0000	20.0000	0.436205060
240.0000	80.0000	20.0000	0.233044180
250.0000	80.0000	20.0000	0.443536940
260.0000	80.0000	20.0000	0.293985160
270.0000	80.0000	20.0000	0.318195500
280.0000	80.0000	20.0000	0.435799450
290.0000	80.0000	20.0000	0.627881050
300.0000	80.0000	20.0000	0.507725900
310.0000	80.0000	20.0000	0.601284740
320.0000	80.0000	20.0000	0.651819940
330.0000	80.0000	20.0000	0.823245350
340.0000	80.0000	20.0000	1.629011200
350.0000	80.0000	20.0000	4.528807600
360.0000	80.0000	20.0000	1.000000000
0.0000	90.0000	20.0000	4.614692000
10.0000	90.0000	20.0000	2.304217800
20.0000	90.0000	20.0000	3.598631000
30.0000	90.0000	20.0000	0.639770870
40.0000	90.0000	20.0000	0.607492700
50.0000	90.0000	20.0000	0.157747030
60.0000	90.0000	20.0000	0.112801530
70.0000	90.0000	20.0000	0.347415420
80.0000	90.0000	20.0000	0.854390300
90.0000	90.0000	20.0000	0.529354800
100.0000	90.0000	20.0000	0.438099030
110.0000	90.0000	20.0000	1.073790900
120.0000	90.0000	20.0000	0.967486740
130.0000	90.0000	20.0000	0.676549600
140.0000	90.0000	20.0000	0.692606900
150.0000	90.0000	20.0000	1.014850300
160.0000	90.0000	20.0000	4.858720000
170.0000	90.0000	20.0000	12.824746000
180.0000	90.0000	20.0000	13.122625000
190.0000	90.0000	20.0000	15.499841000
200.0000	90.0000	20.0000	3.183823000
210.0000	90.0000	20.0000	0.802345000
220.0000	90.0000	20.0000	0.542512500
230.0000	90.0000	20.0000	0.413596600
240.0000	90.0000	20.0000	0.397939500
250.0000	90.0000	20.0000	0.741774300
260.0000	90.0000	20.0000	0.451765600
270.0000	90.0000	20.0000	0.469497770
280.0000	90.0000	20.0000	0.870508900
290.0000	90.0000	20.0000	1.909010300
300.0000	90.0000	20.0000	0.474882480
310.0000	90.0000	20.0000	0.325138500
320.0000	90.0000	20.0000	0.398842250
330.0000	90.0000	20.0000	0.677470300
340.0000	90.0000	20.0000	1.728842100
350.0000	90.0000	20.0000	4.911813300
360.0000	90.0000	20.0000	1.000000000
0.0000	0.0000	30.0000	1.000000000
10.0000	0.0000	30.0000	1.000000000
20.0000	0.0000	30.0000	1.000000000
30.0000	0.0000	30.0000	1.000000000
40.0000	0.0000	30.0000	1.000000000
50.0000	0.0000	30.0000	1.000000000
60.0000	0.0000	30.0000	1.000000000
70.0000	0.0000	30.0000	1.000000000
80.0000	0.0000	30.0000	1.000000000
90.0000	0.0000	30.0000	1.000000000
100.0000	0.0000	30.0000	1.000000000
110.0000	0.0000	30.0000	1.000000000
120.0000	0.0000	30.0000	1.000000000
130.0000	0.0000	30.0000	1.000000000
140.0000	0.0000	30.0000	1.000000000
150.0000	0.0000	30.0000	1.000000000
160.0000	0.0000	30.0000	1.000000000
170.0000	0.0000	30.0000	1.000000000
180.0000	0.0000	30.0000	1.000000000
190.0000	0.0000	30.0000	1.000000000
200.0000	0.0000	30.0000	1.000000000
210.0000	0.0000	30.0000	1.000000000
220.0000	0.0000	30.0000	1.000000000
230.0000	0.0000	30.0000	1.000000000
240.0000	0.0000	30.0000	1.000000000
250.0000	0.0000	30.0000	1.000000000
260.0000	0.0000	30.0000	1.000000000
270.0000	0.0000	30.0000	1.000000000
280.0000	0.0000	30.0000	1.000000000
290.0000	0.0000	30.0000	1.000000000
300.0000	0.0000	30.0000	1.000000000
310.0000	0.0000	30.0000	1.000000000
320.0000	0.0000	30.0000	1.000000000
330.0000	0.0000	30.0000	1.000000000
340.0000	0.0000	30.0000	1.000000000
350.0000	0.0000	30.0000	1.000000000
360.0000	0.0000	30.0000	1.000000000
0.0000	10.0000	30.0000	0.500332500
10.0000	10.0000	30.0000	0.609734650
20.0000	10.0000	30.0000	5.535048000
30.0000	10.0000	30.0000	0.321657150
40.0000	10.0000	30.0000	0.565128740
50.0000	10.0000	30.0000	0.184746070
60.0000	10.0000	30.0000	0.080138780
70.0000	10.0000	30.0000	0.293288200
80.0000	10.0000	30.0000	0.815822960
90.0000	10.0000	30.0000	0.482213970
100.0000	10.0000	30.0000	1.044326300
110.0000	10.0000	30.0000	0.760823000
120.0000	10.0000	30.0000	0.098342210
130.0000	10.0000	30.0000	0.159606980
140.0000	10.0000	30.0000	0.463743900
150.0000	10.0000	30.0000	0.161848630
160.0000	10.0000	30.0000	1.839762100
170.0000	10.0000	30.0000	1.966982500
180.0000	10.0000	30.0000	0.733158800
190.0000	10.0000	30.0000	2.894256600
200.0000	10.0000	30.0000	5.533468200
210.0000	10.0000	30.0000	0.157991380
220.0000	10.0000	30.0000	0.539271500
230.0000	10.0000	30.0000	0.147291030
240.0000	10.0000	30.0000	0.153422740
250.0000	10.0000	30.0000	0.783666700
260.0000	10.0000	30.0000	0.448429600
270.0000	10.0000	30.0000	0.320351450
280.0000	10.0000	30.0000	0.738604500
290.0000	10.0000	30.0000	0.946990670
300.0000	10.0000	30.0000	0.098747370
310.0000	10.0000	30.0000	0.094533145
320.0000	10.0000	30.0000	0.521333800
330.0000	10.0000	30.0000	0.300453360
340.0000	10.0000	30.0000	3.361522700
350.0000	10.0000	30.0000	5.425735500
360.0000	10.0000	30.0000	1.000000000
0.0000	20.0000	30.0000	1.367407200
10.0000	20.0000	30.0000	1.897656300
20.0000	20.0000	30.0000	1.435700200
30.0000	20.0000	30.0000	1.038144600
40.0000	20.0000	30.0000	1.205098000
50.0000	20.0000	30.0000	0.643589600
60.0000	20.0000	30.0000	0.695014100
70.0000	20.0000	30.0000	1.166224100
80.0000	20.0000	30.0000	3.172268600
90.0000	20.0000	30.0000	3.908985900
100.0000	20.0000	30.0000	3.909508500
110.0000	20.0000	30.0000	2.019348400
120.0000	20.0000	30.0000	0.716747500
130.0000	20.0000	30.0000	0.583109900
140.0000	20.0000	30.0000	0.845024900
150.0000	20.0000	30.0000	0.500224950
160.0000	20.0000	30.0000	0.805290160
170.0000	20.0000	30.0000	1.161032800
180.0000	20.0000	30.0000	0.633646130
190.0000	20.0000	30.0000	2.428225800
200.0000	20.0000	30.0000	1.709351200
210.0000	20.0000	30.0000	0.491614160
220.0000	20.0000	30.0000	0.668980240
230.0000	20.0000	30.0000	0.369549750
240.0000	20.0000	30.0000	0.511163400
250.0000	20.0000	30.0000	1.263208600
260.0000	20.0000	30.0000	1.665867000
270.0000	20.0000	30.0000	1.450875300
280.0000	20.0000	30.0000	1.637365600
290.0000	20.0000	30.0000	1.718118400
300.0000	20.0000	30.0000	0.519488800
310.0000	20.0000	30.0000	0.274379460
320.0000	20.0000	30.0000	0.552987500
330.0000	20.0000	30.0000	0.476265040
340.0000	20.0000	30.0000	1.538605600
350.0000	20.0000	30.0000	1.001489300
360.0000	20.0000	30.0000	1.000000000
0.0000	30.0000	30.0000	1.150982400
10.0000	30.0000	30.0000	1.668445600
20.0000	30.0000	30.0000	1.132475300
30.0000	30.0000	30.0000	0.755532600
40.0000	30.0000	30.0000	0.527851800
50.0000	30.0000	30.0000	0.356829380
60.0000	30.0000	30.0000	0.591331960
70.0000	30.0000	30.0000	0.711580900
80.0000	30.0000	30.0000	1.623208600
90.0000	30.0000	30.0000	2.693847000
100.0000	30.0000	30.0000	2.108165000
110.0000	30.0000	30.0000	1.105829400
120.0000	30.0000	30.0000	0.641948340
130.0000	30.0000	30.0000	0.404496070
140.0000	30.0000	30.0000	1.362274500
150.0000	30.0000	30.0000	2.276425800
160.0000	30.0000	30.0000	1.973851300
170.0000	30.0000	30.0000	1.721923600
180.0000	30.0000	30.0000	0.899657250
190.0000	30.0000	30.0000	0.965219440
200.0000	30.0000	30.0000	1.155806800
210.0000	30.0000	30.0000	2.122396500
220.0000	30.0000	30.0000	1.755119900
230.0000	30.0000	30.0000	0.464988500
240.0000	30.0000	30.0000	0.687911400
250.0000	30.0000	30.0000	1.028539700
260.0000	30.0000	30.0000	1.520895400
270.0000	30.0000	30.0000	1.854680200
280.0000	30.0000	30.0000	2.110500000
290.0000	30.0000	30.0000	2.263647300
300.0000	30.0000	30.0000	0.544753800
310.0000	30.0000	30.0000	0.154635370
320.0000	30.0000	30.0000	0.378531870
330.0000	30.0000	30.0000	0.559182200
340.0000	30.0000	30.0000	0.995785300
350.0000	30.0000	30.0000	1.571845800
360.0000	30.0000	30.0000	1.000000000
0.0000	40.0000	30.0000	0.235214520
10.0000	40.0000	30.0000	0.450520630
20.0000	40.0000	30.0000	1.236209400
30.0000	40.0000	30.0000	0.819104400
40.0000	40.0000	30.0000	0.507112700
50.0000	40.0000	30.0000	0.444150150
60.0000	40.0000	30.0000	0.505954440
70.0000	40.0000	30.0000	0.380431950
80.0000	40.0000	30.0000	0.211448540
90.0000	40.0000	30.0000	0.186054480
100.0000	40.0000	30.0000	0.363038630
110.0000	40.0000	30.0000	0.503807840
120.0000	40.0000	30.0000	0.507618250
130.0000	40.0000	30.0000	0.403449060
140.0000	40.0000	30.0000	0.725849570
150.0000	40.0000	30.0000	1.292405600
160.0000	40.0000	30.0000	2.492540600
170.0000	40.0000	30.0000	0.794485100
180.0000	40.0000	30.0000	0.692564960
190.0000	40.0000	30.0000	1.563691100
200.0000	40.0000	30.0000	2.115433000
210.0000	40.0000	30.0000	2.057764000
220.0000	40.0000	30.0000	1.121256800
230.0000	40.0000	30.0000	0.553406830
240.0000	40.0000	30.0000	0.701597870
250.0000	40.0000	30.0000	1.036956500
260.0000	40.0000	30.0000	0.520855250
270.0000	40.0000	30.0000	0.499644550
280.0000	40.0000	30.0000	1.208565200
290.0000	40.0000	30.0000	1.183822600
300.0000	40.0000	30.0000	0.434512050
310.0000	40.0000	30.0000	0.346642000
320.0000	40.0000	30.0000	0.780238750
330.0000	40.0000	30.0000	0.813915430
340.0000	40.0000	30.0000	1.185789200
350.0000	40.0000	30.0000	1.005090000
360.0000	40.0000	30.0000	1.000000000
0.0000	50.0000	30.0000	1.165768400
10.0000	50.0000	30.0000	1.500860100
20.0000	50.0000	30.0000	1.799623600
30.0000	50.0000	30.0000	1.357654600
40.0000	50.0000	30.0000	1.221924200
50.0000	50.0000	30.0000	1.466799000
60.0000	50.0000	30.0000	1.538027000
70.0000	50.0000	30.0000	1.086302900
80.0000	50.0000	30.0000	0.423537600
90.0000	50.0000	30.0000	0.235327780
100.0000	50.0000	30.0000	0.693982960
110.0000	50.0000	30.0000	1.061719300
120.0000	50.0000	30.0000	1.218805900
130.0000	50.0000	30.0000	0.956601300
140.0000	50.0000	30.0000	0.947069800
150.0000	50.0000	30.0000	1.454905900
160.0000	50.0000	30.0000	2.455485000
170.0000	50.0000	30.0000	1.193090700
180.0000	50.0000	30.0000	0.954680600
190.0000	50.0000	30.0000	2.139341800
200.0000	50.0000	30.0000	2.422679200
210.0000	50.0000	30.0000	1.233406100
220.0000	50.0000	30.0000	0.988085800
230.0000	50.0000	30.0000	0.629706140
240.0000	50.0000	30.0000	0.573692600
250.0000	50.0000	30.0000	0.393027220
260.0000	50.0000	30.0000	0.304484370
270.0000	50.0000	30.0000	0.351930350
280.0000	50.0000	30.0000	0.745925300
290.0000	50.0000	30.0000	0.521889500
300.0000	50.0000	30.0000	0.411363240
310.0000	50.0000	30.0000	0.675369800
320.0000	50.0000	30.0000	1.853459600
330.0000	50.0000	30.0000	1.391898500
340.0000	50.0000	30.0000	1.483570100
350.0000	50.0000	30.0000	1.232700000
360.0000	50.0000	30.0000	1.000000000
0.0000	60.0000	30.0000	0.761470600
10.0000	60.0000	30.0000	1.045101600
20.0000	60.0000	30.0000	3.002884000
30.0000	60.0000	30.0000	1.571008800
40.0000	60.0000	30.0000	1.451041900
50.0000	60.0000	30.0000	1.750220100
60.0000	60.0000	30.0000	0.872420800
70.0000	60.0000	30.0000	0.762849200
80.0000	60.0000	30.0000	0.506122770
90.0000	60.0000	30.0000	0.118841030
100.0000	60.0000	30.0000	0.273415420
110.0000	60.0000	30.0000	0.423160080
120.0000	60.0000	30.0000	0.602220650
130.0000	60.0000	30.0000	1.269676900
140.0000	60.0000	30.0000	2.461268200
150.0000	60.0000	30.0000	2.759732500
160.0000	60.0000	30.0000	3.404632800
170.0000	60.0000	30.0000	2.392006200
180.0000	60.0000	30.0000	1.227603400
190.0000	60.0000	30.0000	1.895616900
200.0000	60.0000	30.0000	2.100045700
210.0000	60.0000	30.0000	1.125524800
220.0000	60.0000	30.0000	1.692810500
230.0000	60.0000	30.0000	1.029754400
240.0000	60.0000	30.0000	0.492144850
250.0000	60.0000	30.0000	0.262181300
260.0000	60.0000	30.0000	0.240112230
270.0000	60.0000	30.0000	0.204848660
280.0000	60.0000	30.0000	0.264833030
290.0000	60.0000	30.0000	0.459475340
300.0000	60.0000	30.0000	0.590106300
310.0000	60.0000	30.0000	0.791020100
320.0000	60.0000	30.0000	1.639322900
330.0000	60.0000	30.0000	1.559866300
340.0000	60.0000	30.0000	1.717892000
350.0000	60.0000	30.0000	2.139488500
360.0000	60.0000	30.0000	1.000000000
0.0000	70.0000	30.0000	1.481538700
10.0000	70.0000	30.0000	1.818149900
20.0000	70.0000	30.0000	3.631622300
30.0000	70.0000	30.0000	1.738301600
40.0000	70.0000	30.0000	1.237924700
50.0000	70.0000	30.0000	1.090854000
60.0000	70.0000	30.0000	0.667439760
70.0000	70.0000	30.0000	0.657912300
80.0000	70.0000	30.0000	0.193650590
90.0000	70.0000	30.0000	0.044574022
100.0000	70.0000	30.0000	0.080835790
110.0000	70.0000	30.0000	0.145613060
120.0000	70.0000	30.0000	0.262785050
130.0000	70.0000	30.0000	0.610064300
140.0000	70.0000	30.0000	1.171645400
150.0000	70.0000	30.0000	1.609861700
160.0000	70.0000	30.0000	4.153220700
170.0000	70.0000	30.0000	3.394884300
180.0000	70.0000	30.0000	1.301812300
190.0000	70.0000	30.0000	2.146522500
200.0000	70.0000	30.0000	2.588118800
210.0000	70.0000	30.0000	1.023084800
220.0000	70.0000	30.0000	1.058240900
230.0000	70.0000	30.0000	0.492952640
240.0000	70.0000	30.0000	0.278801620
250.0000	70.0000	30.0000	0.551941450
260.0000	70.0000	30.0000	0.209595720
270.0000	70.0000	30.0000	0.097660266
280.0000	70.0000	30.0000	0.131985500
290.0000	70.0000	30.0000	0.319138300
300.0000	70.0000	30.0000	0.753332100
310.0000	70.0000	30.0000	2.195536000
320.0000	70.0000	30.0000	2.152906200
330.0000	70.0000	30.0000	1.287638700
340.0000	70.0000	30.0000	2.988911200
350.0000	70.0000	30.0000	4.360250000
360.0000	70.0000	30.0000	1.000000000
0.0000	80.0000	30.0000	0.848832550
10.0000	80.0000	30.0000	1.582886300
20.0000	80.0000	30.0000	4.873041000
30.0000	80.0000	30.0000	1.420237800
40.0000	80.0000	30.0000	0.899333400
50.0000	80.0000	30.0000	0.614187300
60.0000	80.0000	30.0000	0.562861100
70.0000	80.0000	30.0000	0.713898700
80.0000	80.0000	30.0000	0.519293800
90.0000	80.0000	30.0000	0.312555730
100.0000	80.0000	30.0000	0.285425630
110.0000	80.0000	30.0000	0.485213970
120.0000	80.0000	30.0000	0.486683200
130.0000	80.0000	30.0000	0.609454330
140.0000	80.0000	30.0000	0.898507540
150.0000	80.0000	30.0000	1.321346800
160.0000	80.0000	30.0000	4.460318600
170.0000	80.0000	30.0000	8.202248000
180.0000	80.0000	30.0000	6.212430500
190.0000	80.0000	30.0000	7.745474000
200.0000	80.0000	30.0000	4.009427500
210.0000	80.0000	30.0000	1.129749100
220.0000	80.0000	30.0000	0.846312940
230.0000	80.0000	30.0000	0.403762880
240.0000	80.0000	30.0000	0.278834970
250.0000	80.0000	30.0000	0.669550800
260.0000	80.0000	30.0000	0.312089800
270.0000	80.0000	30.0000	0.205341430
280.0000	80.0000	30.0000	0.349982080
290.0000	80.0000	30.0000	0.663373100
300.0000	80.0000	30.0000	0.535525600
310.0000	80.0000	30.0000	0.986355700
320.0000	80.0000	30.0000	0.999206840
330.0000	80.0000	30.0000	0.921324850
340.0000	80.0000	30.0000	3.031410700
350.0000	80.0000	30.0000	8.994823000
360.0000	80.0000	30.0000	1.000000000
0.0000	90.0000	30.0000	9.946743000
10.0000	90.0000	30.0000	6.013726700
20.0000	90.0000	30.0000	8.278762000
30.0000	90.0000	30.0000	1.619436600
40.0000	90.0000	30.0000	1.280605300
50.0000	90.0000	30.0000	0.876567400
60.0000	90.0000	30.0000	0.680322650
70.0000	90.0000	30.0000	0.783074140
80.0000	90.0000	30.0000	0.809294340
90.0000	90.0000	30.0000	0.688173000
100.0000	90.0000	30.0000	0.975888400
110.0000	90.0000	30.0000	1.722854700
120.0000	90.0000	30.0000	1.074966000
130.0000	90.0000	30.0000	1.327819700
140.0000	90.0000	30.0000	1.810610700
150.0000	90.0000	30.0000	1.949051900
160.0000	90.0000	30.0000	5.535958300
170.0000	90.0000	30.0000	11.507188000
180.0000	90.0000	30.0000	11.798180000
190.0000	90.0000	30.0000	16.180544000
200.0000	90.0000	30.0000	4.941899300
210.0000	90.0000	30.0000	1.524595900
220.0000	90.0000	30.0000	1.252919700
230.0000	90.0000	30.0000	0.937225760
240.0000	90.0000	30.0000	0.691956100
250.0000	90.0000	30.0000	0.665842000
260.0000	90.0000	30.0000	0.360562980
270.0000	90.0000	30.0000	0.369487080
280.0000	90.0000	30.0000	1.022303300
290.0000	90.0000	30.0000	1.235389100
300.0000	90.0000	30.0000	0.518447160
310.0000	90.0000	30.0000	0.676504000
320.0000	90.0000	30.0000	0.727077600
330.0000	90.0000	30.0000	0.889105740
340.0000	90.0000	30.0000	2.565275700
350.0000	90.0000	30.0000	10.651046000
360.0000	90.0000	30.0000	1.000000000
0.0000	0.0000	40.0000	1.000000000
10.0000	0.0000	40.0000	1.000000000
20.0000	0.0000	40.0000	1.000000000
30.0000	0.0000	40.0000	1.000000000
40.0000	0.0000	40.0000	1.000000000
50.0000	0.0000	40.0000	1.000000000
60.0000	0.0000	40.0000	1.000000000
70.0000	0.0000	40.0000	1.000000000
80.0000	0.0000	40.0000	1.000000000
90.0000	0.0000	40.0000	1.000000000
100.0000	0.0000	40.0000	1.000000000
110.0000	0.0000	40.0000	1.000000000
120.0000	0.0000	40.0000	1.000000000
130.0000	0.0000	40.0000	1.000000000
140.0000	0.0000	40.0000	1.000000000
150.0000	0.0000	40.0000	1.000000000
160.0000	0.0000	40.0000	1.000000000
170.0000	0.0000	40.0000	1.000000000
180.0000	0.0000	40.0000	1.000000000
190.0000	0.0000	40.0000	1.000000000
200.0000	0.0000	40.0000	1.000000000
210.0000	0.0000	40.0000	1.000000000
220.0000	0.0000	40.0000	1.000000000
230.0000	0.0000	40.0000	1.000000000
240.0000	0.0000	40.0000	1.000000000
250.0000	0.0000	40.0000	1.000000000
260.0000	0.0000	40.0000	1.000000000
270.0000	0.0000	40.0000	1.000000000
280.0000	0.0000	40.0000	1.000000000
290.0000	0.0000	40.0000	1.000000000
300.0000	0.0000	40.0000	1.000000000
310.0000	0.0000	40.0000	1.000000000
320.0000	0.0000	40.0000	1.000000000
330.0000	0.0000	40.0000	1.000000000
340.0000	0.0000	40.0000	1.000000000
350.0000	0.0000	40.0000	1.000000000
360.0000	0.0000	40.0000	1.000000000
0.0000	10.0000	40.0000	0.534591560
10.0000	10.0000	40.0000	0.711240950
20.0000	10.0000	40.0000	5.494586500
30.0000	10.0000	40.0000	0.286441150
40.0000	10.0000	40.0000	0.241391120
50.0000	10.0000	40.0000	0.090646910
60.0000	10.0000	40.0000	0.256598560
70.0000	10.0000	40.0000	1.077802900
80.0000	10.0000	40.0000	0.790716200
90.0000	10.0000	40.0000	0.356612680
100.0000	10.0000	40.0000	0.338593720
110.0000	10.0000	40.0000	0.228689800
120.0000	10.0000	40.0000	0.817756060
130.0000	10.0000	40.0000	1.013253200
140.0000	10.0000	40.0000	0.261546500
150.0000	10.0000	40.0000	0.158572500
160.0000	10.0000	40.0000	1.172691000
170.0000	10.0000	40.0000	1.117886900
180.0000	10.0000	40.0000	1.270820500
190.0000	10.0000	40.0000	4.347318600
200.0000	10.0000	40.0000	3.425935300
210.0000	10.0000	40.0000	0.414362940
220.0000	10.0000	40.0000	0.301335070
230.0000	10.0000	40.0000	0.079837490
240.0000	10.0000	40.0000	0.258656950
250.0000	10.0000	40.0000	0.525231800
260.0000	10.0000	40.0000	0.853862350
270.0000	10.0000	40.0000	0.983001900
280.0000	10.0000	40.0000	0.395379160
290.0000	10.0000	40.0000	0.206715760
300.0000	10.0000	40.0000	0.338003100
310.0000	10.0000	40.0000	0.676726940
320.0000	10.0000	40.0000	0.891401700
330.0000	10.0000	40.0000	0.333509920
340.0000	10.0000	40.0000	2.779111100
350.0000	10.0000	40.0000	2.757742000
360.0000	10.0000	40.0000	1.000000000
0.0000	20.0000	40.0000	1.371056100
10.0000	20.0000	40.0000	2.412858500
20.0000	20.0000	40.0000	1.368557700
30.0000	20.0000	40.0000	0.448778200
40.0000	20.0000	40.0000	0.203735470
50.0000	20.0000	40.0000	0.111140400
60.0000	20.0000	40.0000	0.330999460
70.0000	20.0000	40.0000	1.856582600
80.0000	20.0000	40.0000	1.325081700
90.0000	20.0000	40.0000	0.657238900
100.0000	20.0000	40.0000	0.647893900
110.0000	20.0000	40.0000	0.433692570
120.0000	20.0000	40.0000	0.956285700
130.0000	20.0000	40.0000	1.597348500
140.0000	20.0000	40.0000	0.481209550
150.0000	20.0000	40.0000	0.509708460
160.0000	20.0000	40.0000	0.745913860
170.0000	20.0000	40.0000	0.698382440
180.0000	20.0000	40.0000	0.755278800
190.0000	20.0000	40.0000	2.879729500
200.0000	20.0000	40.0000	0.958983600
210.0000	20.0000	40.0000	0.388680640
220.0000	20.0000	40.0000	0.129822730
230.0000	20.0000	40.0000	0.061222940
240.0000	20.0000	40.0000	0.191358180
250.0000	20.0000	40.0000	0.900788500
260.0000	20.0000	40.0000	1.215425700
270.0000	20.0000	40.0000	0.811076160
280.0000	20.0000	40.0000	0.383769960
290.0000	20.0000	40.0000	0.439589320
300.0000	20.0000	40.0000	0.389159920
310.0000	20.0000	40.0000	1.104630100
320.0000	20.0000	40.0000	0.780590300
330.0000	20.0000	40.0000	0.442955760
340.0000	20.0000	40.0000	0.957543500
350.0000	20.0000	40.0000	0.421910970
360.0000	20.0000	40.0000	1.000000000
0.0000	30.0000	40.0000	1.385004500
10.0000	30.0000	40.0000	1.758240900
20.0000	30.0000	40.0000	0.444503900
30.0000	30.0000	40.0000	0.356311320
40.0000	30.0000	40.0000	0.254624520
50.0000	30.0000	40.0000	0.705721440
60.0000	30.0000	40.0000	0.850845160
70.0000	30.0000	40.0000	0.750473740
80.0000	30.0000	40.0000	0.860362770
90.0000	30.0000	40.0000	0.671421000
100.0000	30.0000	40.0000	0.786728400
110.0000	30.0000	40.0000	0.626541000
120.0000	30.0000	40.0000	0.704459100
130.0000	30.0000	40.0000	0.498812700
140.0000	30.0000	40.0000	0.879323000
150.0000	30.0000	40.0000	1.100436000
160.0000	30.0000	40.0000	0.385992200
170.0000	30.0000	40.0000	0.422542840
180.0000	30.0000	40.0000	0.790597140
190.0000	30.0000	40.0000	0.929013900
200.0000	30.0000	40.0000	0.997376600
210.0000	30.0000	40.0000	0.962616700
220.0000	30.0000	40.0000	0.413573530
230.0000	30.0000	40.0000	0.375792740
240.0000	30.0000	40.0000	0.711857800
250.0000	30.0000	40.0000	0.851537350
260.0000	30.0000	40.0000	0.579723830
270.0000	30.0000	40.0000	0.442208560
280.0000	30.0000	40.0000	0.654766400
290.0000	30.0000	40.0000	0.984873200
300.0000	30.0000	40.0000	0.793771700
310.0000	30.0000	40.0000	0.677485700
320.0000	30.0000	40.0000	0.589712700
330.0000	30.0000	40.0000	0.777145100
340.0000	30.0000	40.0000	0.609552860
350.0000	30.0000	40.0000	0.527222750
360.0000	30.0000	40.0000	1.000000000
0.0000	40.0000	40.0000	0.182444070
10.0000	40.0000	40.0000	0.274875760
20.0000	40.0000	40.0000	0.590819500
30.0000	40.0000	40.0000	0.828295100
40.0000	40.0000	40.0000	0.519769130
50.0000	40.0000	40.0000	1.928604500
60.0000	40.0000	40.0000	1.333919800
70.0000	40.0000	40.0000	0.391291830
80.0000	40.0000	40.0000	0.339214560
90.0000	40.0000	40.0000	0.390401200
100.0000	40.0000	40.0000	0.462214530
110.0000	40.0000	40.0000	0.697888430
120.0000	40.0000	40.0000	0.568088230
130.0000	40.0000	40.0000	0.816668700
140.0000	40.0000	40.0000	2.062480400
150.0000	40.0000	40.0000	2.052170500
160.0000	40.0000	40.0000	0.577352000
170.0000	40.0000	40.0000	0.164710800
180.0000	40.0000	40.0000	0.601896400
190.0000	40.0000	40.0000	2.203191000
200.0000	40.0000	40.0000	1.198276300
210.0000	40.0000	40.0000	0.625271400
220.0000	40.0000	40.0000	0.548642340
230.0000	40.0000	40.0000	1.031658500
240.0000	40.0000	40.0000	1.122980000
250.0000	40.0000	40.0000	1.450192600
260.0000	40.0000	40.0000	0.690039750
270.0000	40.0000	40.0000	0.540705500
280.0000	40.0000	40.0000	0.559454400
290.0000	40.0000	40.0000	0.619700800
300.0000	40.0000	40.0000	0.319366400
310.0000	40.0000	40.0000	0.305778980
320.0000	40.0000	40.0000	0.898182200
330.0000	40.0000	40.0000	1.168282500
340.0000	40.0000	40.0000	0.476446840
350.0000	40.0000	40.0000	0.175991580
360.0000	40.0000	40.0000	1.000000000
0.0000	50.0000	40.0000	0.714036170
10.0000	50.0000	40.0000	0.804261100
20.0000	50.0000	40.0000	0.731571300
30.0000	50.0000	40.0000	0.794155540
40.0000	50.0000	40.0000	0.642066800
50.0000	50.0000	40.0000	0.935883100
60.0000	50.0000	40.0000	1.038558700
70.0000	50.0000	40.0000	0.594617200
80.0000	50.0000	40.0000	0.557566170
90.0000	50.0000	40.0000	0.625170800
100.0000	50.0000	40.0000	0.568155650
110.0000	50.0000	40.0000	0.980545700
120.0000	50.0000	40.0000	1.174428900
130.0000	50.0000	40.0000	1.794299500
140.0000	50.0000	40.0000	3.093143500
150.0000	50.0000	40.0000	2.154732700
160.0000	50.0000	40.0000	0.669101500
170.0000	50.0000	40.0000	0.214734690
180.0000	50.0000	40.0000	0.733116700
190.0000	50.0000	40.0000	1.791664600
200.0000	50.0000	40.0000	0.568918500
210.0000	50.0000	40.0000	0.449095100
220.0000	50.0000	40.0000	0.741027500
230.0000	50.0000	40.0000	0.905807800
240.0000	50.0000	40.0000	0.692460200
250.0000	50.0000	40.0000	0.565922300
260.0000	50.0000	40.0000	0.519514400
270.0000	50.0000	40.0000	0.660675700
280.0000	50.0000	40.0000	0.692079200
290.0000	50.0000	40.0000	0.342044400
300.0000	50.0000	40.0000	0.207202610
310.0000	50.0000	40.0000	0.569691000
320.0000	50.0000	40.0000	1.936202300
330.0000	50.0000	40.0000	2.069573000
340.0000	50.0000	40.0000	0.862257600
350.0000	50.0000	40.0000	0.168444600
360.0000	50.0000	40.0000	1.000000000
0.0000	60.0000	40.0000	0.530637150
10.0000	60.0000	40.0000	0.723648600
20.0000	60.0000	40.0000	0.977284550
30.0000	60.0000	40.0000	0.813967350
40.0000	60.0000	40.0000	1.409729800
50.0000	60.0000	40.0000	1.778658500
60.0000	60.0000	40.0000	0.607853600
70.0000	60.0000	40.0000	0.367664000
80.0000	60.0000	40.0000	0.557216640
90.0000	60.0000	40.0000	0.426042380
100.0000	60.0000	40.0000	0.506778840
110.0000	60.0000	40.0000	0.846390400
120.0000	60.0000	40.0000	0.763421650
130.0000	60.0000	40.0000	1.456630100
140.0000	60.0000	40.0000	1.456510800
150.0000	60.0000	40.0000	0.877347050
160.0000	60.0000	40.0000	0.592763840
170.0000	60.0000	40.0000	0.438626400
180.0000	60.0000	40.0000	0.798319100
190.0000	60.0000	40.0000	1.145896900
200.0000	60.0000	40.0000	0.480988200
210.0000	60.0000	40.0000	0.516913900
220.0000	60.0000	40.0000	0.746377900
230.0000	60.0000	40.0000	0.459664800
240.0000	60.0000	40.0000	0.299793630
250.0000	60.0000	40.0000	0.172509310
260.0000	60.0000	40.0000	0.085170210
270.0000	60.0000	40.0000	0.314396560
280.0000	60.0000	40.0000	1.171353200
290.0000	60.0000	40.0000	0.726993000
300.0000	60.0000	40.0000	0.666585500
310.0000	60.0000	40.0000	1.316022500
320.0000	60.0000	40.0000	1.809231200
330.0000	60.0000	40.0000	1.495554800
340.0000	60.0000	40.0000	1.060413000
350.0000	60.0000	40.0000	0.463214220
360.0000	60.0000	40.0000	1.000000000
0.0000	70.0000	40.0000	1.451057200
10.0000	70.0000	40.0000	2.002328200
20.0000	70.0000	40.0000	2.005361300
30.0000	70.0000	40.0000	1.343882700
40.0000	70.0000	40.0000	1.520483000
50.0000	70.0000	40.0000	1.245961800
60.0000	70.0000	40.0000	0.574613200
70.0000	70.0000	40.0000	0.297601200
80.0000	70.0000	40.0000	0.110318690
90.0000	70.0000	40.0000	0.103174040
100.0000	70.0000	40.0000	0.183459730
110.0000	70.0000	40.0000	0.331082880
120.0000	70.0000	40.0000	0.385095830
130.0000	70.0000	40.0000	0.600158400
140.0000	70.0000	40.0000	0.719255500
150.0000	70.0000	40.0000	0.854511560
160.0000	70.0000	40.0000	1.296761800
170.0000	70.0000	40.0000	0.782128500
180.0000	70.0000	40.0000	0.590782760
190.0000	70.0000	40.0000	1.213777400
200.0000	70.0000	40.0000	1.075535300
210.0000	70.0000	40.0000	0.666380760
220.0000	70.0000	40.0000	0.462619100
230.0000	70.0000	40.0000	0.224142550
240.0000	70.0000	40.0000	0.269367200
250.0000	70.0000	40.0000	0.386797670
260.0000	70.0000	40.0000	0.077861750
270.0000	70.0000	40.0000	0.124328560
280.0000	70.0000	40.0000	0.495853280
290.0000	70.0000	40.0000	0.684545640
300.0000	70.0000	40.0000	0.517281400
310.0000	70.0000	40.0000	1.180233800
320.0000	70.0000	40.0000	1.428852100
330.0000	70.0000	40.0000	0.918852300
340.0000	70.0000	40.0000	1.270628300
350.0000	70.0000	40.0000	1.176882300
360.0000	70.0000	40.0000	1.000000000
0.0000	80.0000	40.0000	0.545048400
10.0000	80.0000	40.0000	1.270791500
20.0000	80.0000	40.0000	3.225431700
30.0000	80.0000	40.0000	1.130124800
40.0000	80.0000	40.0000	0.654138150
50.0000	80.0000	40.0000	0.486312750
60.0000	80.0000	40.0000	0.770105300
70.0000	80.0000	40.0000	0.689288140
80.0000	80.0000	40.0000	0.270304770
90.0000	80.0000	40.0000	0.278124450
100.0000	80.0000	40.0000	0.404303500
110.0000	80.0000	40.0000	0.381240070
120.0000	80.0000	40.0000	0.239306290
130.0000	80.0000	40.0000	0.304905030
140.0000	80.0000	40.0000	0.561361100
150.0000	80.0000	40.0000	1.142808300
160.0000	80.0000	40.0000	3.629121000
170.0000	80.0000	40.0000	2.631823500
180.0000	80.0000	40.0000	2.080113000
190.0000	80.0000	40.0000	3.402583600
200.0000	80.0000	40.0000	2.458758800
210.0000	80.0000	40.0000	1.053389100
220.0000	80.0000	40.0000	0.426271050
230.0000	80.0000	40.0000	0.219376440
240.0000	80.0000	40.0000	0.381243500
250.0000	80.0000	40.0000	0.739260730
260.0000	80.0000	40.0000	0.281120600
270.0000	80.0000	40.0000	0.231068700
280.0000	80.0000	40.0000	0.393277020
290.0000	80.0000	40.0000	0.527664840
300.0000	80.0000	40.0000	0.256558980
310.0000	80.0000	40.0000	0.454041180
320.0000	80.0000	40.0000	0.850334600
330.0000	80.0000	40.0000	1.192122800
340.0000	80.0000	40.0000	2.244745000
350.0000	80.0000	40.0000	3.894993300
360.0000	80.0000	40.0000	1.000000000
0.0000	90.0000	40.0000	8.929069000
10.0000	90.0000	40.0000	4.089758400
20.0000	90.0000	40.0000	4.375943700
30.0000	90.0000	40.0000	1.335160900
40.0000	90.0000	40.0000	0.679883540
50.0000	90.0000	40.0000	0.555060200
60.0000	90.0000	40.0000	1.097524500
70.0000	90.0000	40.0000	0.930368500
80.0000	90.0000	40.0000	0.583503300
90.0000	90.0000	40.0000	0.439051030
100.0000	90.0000	40.0000	0.889993000
110.0000	90.0000	40.0000	0.843174640
120.0000	90.0000	40.0000	0.251691580
130.0000	90.0000	40.0000	0.343214400
140.0000	90.0000	40.0000	0.545529840
150.0000	90.0000	40.0000	0.923056000
160.0000	90.0000	40.0000	3.522828600
170.0000	90.0000	40.0000	3.403963800
180.0000	90.0000	40.0000	3.895122800
190.0000	90.0000	40.0000	6.736172700
200.0000	90.0000	40.0000	3.347739500
210.0000	90.0000	40.0000	1.493806500
220.0000	90.0000	40.0000	0.496520000
230.0000	90.0000	40.0000	0.299838840
240.0000	90.0000	40.0000	0.525168540
250.0000	90.0000	40.0000	0.549445150
260.0000	90.0000	40.0000	0.389710600
270.0000	90.0000	40.0000	0.364751580
280.0000	90.0000	40.0000	0.578480960
290.0000	90.0000	40.0000	0.671960100
300.0000	90.0000	40.0000	0.242647900
310.0000	90.0000	40.0000	0.258055800
320.0000	90.0000	40.0000	0.417737330
330.0000	90.0000	40.0000	0.996291600
340.0000	90.0000	40.0000	2.794556100
350.0000	90.0000	40.0000	11.584353000
360.0000	90.0000	40.0000	1.000000000
0.0000	0.0000	50.0000	1.000000000
10.0000	0.0000	50.0000	1.000000000
20.0000	0.0000	50.0000	1.000000000
30.0000	0.0000	50.0000	1.000000000
40.0000	0.0000	50.0000	1.000000000
50.0000	0.0000	50.0000	1.000000000
60.0000	0.0000	50.0000	1.000000000
70.0000	0.0000	50.0000	1.000000000
80.0000	0.0000	50.0000	1.000000000
90.0000	0.0000	50.0000	1.000000000
100.0000	0.0000	50.0000	1.000000000
110.0000	0.0000	50.0000	1.000000000
120.0000	0.0000	50.0000	1.000000000
130.0000	0.0000	50.0000	1.000000000
140.0000	0.0000	50.0000	1.000000000
150.0000	0.0000	50.0000	1.000000000
160.0000	0.0000	50.0000	1.000000000
170.0000	0.0000	50.0000	1.000000000
180.0000	0.0000	50.0000	1.000000000
190.0000	0.0000	50.0000	1.000000000
200.0000	0.0000	50.0000	1.000000000
210.0000	0.0000	50.0000	1.000000000
220.0000	0.0000	50.0000	1.000000000
230.0000	0.0000	50.0000	1.000000000
240.0000	0.0000	50.0000	1.000000000
250.0000	0.0000	50.0000	1.000000000
260.0000	0.0000	50.0000	1.000000000
270.0000	0.0000	50.0000	1.000000000
280.0000	0.0000	50.0000	1.000000000
290.0000	0.0000	50.0000	1.000000000
300.0000	0.0000	50.0000	1.000000000
310.0000	0.0000	50.0000	1.000000000
320.0000	0.0000	50.0000	1.000000000
330.0000	0.0000	50.0000	1.000000000
340.0000	0.0000	50.0000	1.000000000
350.0000	0.0000	50.0000	1.000000000
360.0000	0.0000	50.0000	1.000000000
0.0000	10.0000	50.0000	0.697925270
10.0000	10.0000	50.0000	0.862684670
20.0000	10.0000	50.0000	6.261457000
30.0000	10.0000	50.0000	0.192253800
40.0000	10.0000	50.0000	0.112472700
50.0000	10.0000	50.0000	0.254692170
60.0000	10.0000	50.0000	0.976471300
70.0000	10.0000	50.0000	1.010234000
80.0000	10.0000	50.0000	0.272373080
90.0000	10.0000	50.0000	0.174022840
100.0000	10.0000	50.0000	0.175926400
110.0000	10.0000	50.0000	0.448297380
120.0000	10.0000	50.0000	1.211461400
130.0000	10.0000	50.0000	0.748963300
140.0000	10.0000	50.0000	0.410103350
150.0000	10.0000	50.0000	0.201354620
160.0000	10.0000	50.0000	0.763133500
170.0000	10.0000	50.0000	2.198064000
180.0000	10.0000	50.0000	2.140204400
190.0000	10.0000	50.0000	3.491472700
200.0000	10.0000	50.0000	5.863620000
210.0000	10.0000	50.0000	0.260317180
220.0000	10.0000	50.0000	0.083705360
230.0000	10.0000	50.0000	0.129494380
240.0000	10.0000	50.0000	0.775414800
250.0000	10.0000	50.0000	1.386396800
260.0000	10.0000	50.0000	0.334196750
270.0000	10.0000	50.0000	0.291197420
280.0000	10.0000	50.0000	0.323291270
290.0000	10.0000	50.0000	0.488275300
300.0000	10.0000	50.0000	0.882278900
310.0000	10.0000	50.0000	1.881387700
320.0000	10.0000	50.0000	1.146021800
330.0000	10.0000	50.0000	0.399874630
340.0000	10.0000	50.0000	1.562597300
350.0000	10.0000	50.0000	3.099099200
360.0000	10.0000	50.0000	1.000000000
0.0000	20.0000	50.0000	2.011464000
10.0000	20.0000	50.0000	2.706530300
20.0000	20.0000	50.0000	0.956870400
30.0000	20.0000	50.0000	0.115153230
40.0000	20.0000	50.0000	0.101581484
50.0000	20.0000	50.0000	0.159256350
60.0000	20.0000	50.0000	0.509802760
70.0000	20.0000	50.0000	2.381756800
80.0000	20.0000	50.0000	0.820943360
90.0000	20.0000	50.0000	0.304691970
100.0000	20.0000	50.0000	0.470747470
110.0000	20.0000	50.0000	0.558380960
120.0000	20.0000	50.0000	1.426798200
130.0000	20.0000	50.0000	1.623552600
140.0000	20.0000	50.0000	0.636296700
150.0000	20.0000	50.0000	0.238495930
160.0000	20.0000	50.0000	0.216978040
170.0000	20.0000	50.0000	0.760142900
180.0000	20.0000	50.0000	0.650974870
190.0000	20.0000	50.0000	2.337515400
200.0000	20.0000	50.0000	1.273900000
210.0000	20.0000	50.0000	0.121363330
220.0000	20.0000	50.0000	0.132880150
230.0000	20.0000	50.0000	0.224475190
240.0000	20.0000	50.0000	0.310169130
250.0000	20.0000	50.0000	0.753330900
260.0000	20.0000	50.0000	0.930650950
270.0000	20.0000	50.0000	0.737119600
280.0000	20.0000	50.0000	0.872955860
290.0000	20.0000	50.0000	0.519963700
300.0000	20.0000	50.0000	0.650298800
310.0000	20.0000	50.0000	1.710571600
320.0000	20.0000	50.0000	0.678802550
330.0000	20.0000	50.0000	0.247904670
340.0000	20.0000	50.0000	0.241351700
350.0000	20.0000	50.0000	0.321978120
360.0000	20.0000	50.0000	1.000000000
0.0000	30.0000	50.0000	1.456676600
10.0000	30.0000	50.0000	1.556739000
20.0000	30.0000	50.0000	0.401877020
30.0000	30.0000	50.0000	0.145468820
40.0000	30.0000	50.0000	0.235416550
50.0000	30.0000	50.0000	0.740351260
60.0000	30.0000	50.0000	0.776680000
70.0000	30.0000	50.0000	1.364098000
80.0000	30.0000	50.0000	1.346282200
90.0000	30.0000	50.0000	0.707591000
100.0000	30.0000	50.0000	0.872373700
110.0000	30.0000	50.0000	0.945409500
120.0000	30.0000	50.0000	1.722049200
130.0000	30.0000	50.0000	1.376707200
140.0000	30.0000	50.0000	1.118514700
150.0000	30.0000	50.0000	0.343777750
160.0000	30.0000	50.0000	0.049012262
170.0000	30.0000	50.0000	0.409367650
180.0000	30.0000	50.0000	1.156978800
190.0000	30.0000	50.0000	1.827064900
200.0000	30.0000	50.0000	2.035176500
210.0000	30.0000	50.0000	0.284913300
220.0000	30.0000	50.0000	0.225869690
230.0000	30.0000	50.0000	0.873462600
240.0000	30.0000	50.0000	2.053372100
250.0000	30.0000	50.0000	1.611245900
260.0000	30.0000	50.0000	0.619885270
270.0000	30.0000	50.0000	0.525293600
280.0000	30.0000	50.0000	0.784404040
290.0000	30.0000	50.0000	0.908246400
300.0000	30.0000	50.0000	1.707653900
310.0000	30.0000	50.0000	2.715955000
320.0000	30.0000	50.0000	0.984288400
330.0000	30.0000	50.0000	0.301961330
340.0000	30.0000	50.0000	0.069183760
350.0000	30.0000	50.0000	0.315798800
360.0000	30.0000	50.0000	1.000000000
0.0000	40.0000	50.0000	0.208451200
10.0000	40.0000	50.0000	0.510343400
20.0000	40.0000	50.0000	1.267126000
30.0000	40.0000	50.0000	0.330430120
40.0000	40.0000	50.0000	0.568845750
50.0000	40.0000	50.0000	1.690256500
60.0000	40.0000	50.0000	1.177369000
70.0000	40.0000	50.0000	0.512935100
80.0000	40.0000	50.0000	0.641932500
90.0000	40.0000	50.0000	0.742300570
100.0000	40.0000	50.0000	0.513846640
110.0000	40.0000	50.0000	0.552951600
120.0000	40.0000	50.0000	0.825774600
130.0000	40.0000	50.0000	1.258883200
140.0000	40.0000	50.0000	2.336798000
150.0000	40.0000	50.0000	0.910055760
160.0000	40.0000	50.0000	0.060718082
170.0000	40.0000	50.0000	0.106466300
180.0000	40.0000	50.0000	1.180896300
190.0000	40.0000	50.0000	3.692092700
200.0000	40.0000	50.0000	1.357807800
210.0000	40.0000	50.0000	0.387627700
220.0000	40.0000	50.0000	0.397016530
230.0000	40.0000	50.0000	0.563953940
240.0000	40.0000	50.0000	1.526265500
250.0000	40.0000	50.0000	1.422156500
260.0000	40.0000	50.0000	0.794573550
270.0000	40.0000	50.0000	0.536992250
280.0000	40.0000	50.0000	0.481933600
290.0000	40.0000	50.0000	0.364942550
300.0000	40.0000	50.0000	0.510235250
310.0000	40.0000	50.0000	1.124491800
320.0000	40.0000	50.0000	0.993931060
330.0000	40.0000	50.0000	0.490984440
340.0000	40.0000	50.0000	0.098328870
350.0000	40.0000	50.0000	0.160414300
360.0000	40.0000	50.0000	1.000000000
0.0000	50.0000	50.0000	1.210707700
10.0000	50.0000	50.0000	1.244088900
20.0000	50.0000	50.0000	0.699045300
30.0000	50.0000	50.0000	0.539322700
40.0000	50.0000	50.0000	0.936161160
50.0000	50.0000	50.0000	0.858676250
60.0000	50.0000	50.0000	0.673181200
70.0000	50.0000	50.0000	0.235557400
80.0000	50.0000	50.0000	0.352949900
90.0000	50.0000	50.0000	1.278182400
100.0000	50.0000	50.0000	0.800352330
110.0000	50.0000	50.0000	0.655858760
120.0000	50.0000	50.0000	0.809504570
130.0000	50.0000	50.0000	1.610295400
140.0000	50.0000	50.0000	1.725738300
150.0000	50.0000	50.0000	0.568835140
160.0000	50.0000	50.0000	0.069656506
170.0000	50.0000	50.0000	0.121537335
180.0000	50.0000	50.0000	1.096544900
190.0000	50.0000	50.0000	1.288791100
200.0000	50.0000	50.0000	0.368000500
210.0000	50.0000	50.0000	0.418264870
220.0000	50.0000	50.0000	0.771872800
230.0000	50.0000	50.0000	0.748912100
240.0000	50.0000	50.0000	0.514609600
250.0000	50.0000	50.0000	0.530280230
260.0000	50.0000	50.0000	0.654473000
270.0000	50.0000	50.0000	0.981356000
280.0000	50.0000	50.0000	0.517253800
290.0000	50.0000	50.0000	0.181126360
300.0000	50.0000	50.0000	0.144981410
310.0000	50.0000	50.0000	0.424405340
320.0000	50.0000	50.0000	0.850019450
330.0000	50.0000	50.0000	0.711549940
340.0000	50.0000	50.0000	0.189388230
350.0000	50.0000	50.0000	0.076725570
360.0000	50.0000	50.0000	1.000000000
0.0000	60.0000	50.0000	0.444918930
10.0000	60.0000	50.0000	0.502577100
20.0000	60.0000	50.0000	0.663878860
30.0000	60.0000	50.0000	0.573145000
40.0000	60.0000	50.0000	0.762204230
50.0000	60.0000	50.0000	0.677086700
60.0000	60.0000	50.0000	0.362155350
70.0000	60.0000	50.0000	0.177964420
80.0000	60.0000	50.0000	0.305326200
90.0000	60.0000	50.0000	0.820766200
100.0000	60.0000	50.0000	1.246099100
110.0000	60.0000	50.0000	0.900812860
120.0000	60.0000	50.0000	0.809538900
130.0000	60.0000	50.0000	1.411857600
140.0000	60.0000	50.0000	1.008745200
150.0000	60.0000	50.0000	0.454769400
160.0000	60.0000	50.0000	0.200372760
170.0000	60.0000	50.0000	0.371444970
180.0000	60.0000	50.0000	0.939853550
190.0000	60.0000	50.0000	0.808798130
200.0000	60.0000	50.0000	0.446996000
210.0000	60.0000	50.0000	0.434010600
220.0000	60.0000	50.0000	0.429881100
230.0000	60.0000	50.0000	0.326857500
240.0000	60.0000	50.0000	0.284645350
250.0000	60.0000	50.0000	0.291333380
260.0000	60.0000	50.0000	0.311304360
270.0000	60.0000	50.0000	0.695620800
280.0000	60.0000	50.0000	0.754172900
290.0000	60.0000	50.0000	0.284030820
300.0000	60.0000	50.0000	0.300158500
310.0000	60.0000	50.0000	0.548959600
320.0000	60.0000	50.0000	1.098480800
330.0000	60.0000	50.0000	1.007328500
340.0000	60.0000	50.0000	0.340422420
350.0000	60.0000	50.0000	0.188956360
360.0000	60.0000	50.0000	1.000000000
0.0000	70.0000	50.0000	1.113098600
10.0000	70.0000	50.0000	1.004932400
20.0000	70.0000	50.0000	0.814561550
30.0000	70.0000	50.0000	0.470743540
40.0000	70.0000	50.0000	0.405536530
50.0000	70.0000	50.0000	0.446233800
60.0000	70.0000	50.0000	0.408376900
70.0000	70.0000	50.0000	0.301208760
80.0000	70.0000	50.0000	0.169796630
90.0000	70.0000	50.0000	0.132288320
100.0000	70.0000	50.0000	0.261930260
110.0000	70.0000	50.0000	0.341288330
120.0000	70.0000	50.0000	0.333909360
130.0000	70.0000	50.0000	0.611979100
140.0000	70.0000	50.0000	0.677937700
150.0000	70.0000	50.0000	0.744494440
160.0000	70.0000	50.0000	1.043535700
170.0000	70.0000	50.0000	0.634133700
180.0000	70.0000	50.0000	0.464943860
190.0000	70.0000	50.0000	0.955670600
200.0000	70.0000	50.0000	0.963551460
210.0000	70.0000	50.0000	0.424318520
220.0000	70.0000	50.0000	0.210102040
230.0000	70.0000	50.0000	0.222845440
240.0000	70.0000	50.0000	0.397365240
250.0000	70.0000	50.0000	0.418898730
260.0000	70.0000	50.0000	0.204508360
270.0000	70.0000	50.0000	0.255924280
280.0000	70.0000	50.0000	0.458636670
290.0000	70.0000	50.0000	0.506994200
300.0000	70.0000	50.0000	0.337550000
310.0000	70.0000	50.0000	0.518454130
320.0000	70.0000	50.0000	0.830817700
330.0000	70.0000	50.0000	0.711844200
340.0000	70.0000	50.0000	0.566395040
350.0000	70.0000	50.0000	0.565134600
360.0000	70.0000	50.0000	1.000000000
0.0000	80.0000	50.0000	0.223863120
10.0000	80.0000	50.0000	0.457048860
20.0000	80.0000	50.0000	1.280264000
30.0000	80.0000	50.0000	0.557063340
40.0000	80.0000	50.0000	0.377283900
50.0000	80.0000	50.0000	0.322827100
60.0000	80.0000	50.0000	0.445684820
70.0000	80.0000	50.0000	0.558077500
80.0000	80.0000	50.0000	0.331172400
90.0000	80.0000	50.0000	0.223872210
100.0000	80.0000	50.0000	0.340498480
110.0000	80.0000	50.0000	0.346196860
120.0000	80.0000	50.0000	0.216627510
130.0000	80.0000	50.0000	0.259118700
140.0000	80.0000	50.0000	0.524417500
150.0000	80.0000	50.0000	1.339912900
160.0000	80.0000	50.0000	2.733726000
170.0000	80.0000	50.0000	1.628366000
180.0000	80.0000	50.0000	1.420200100
190.0000	80.0000	50.0000	1.975864600
200.0000	80.0000	50.0000	1.572831900
210.0000	80.0000	50.0000	0.584197640
220.0000	80.0000	50.0000	0.336194960
230.0000	80.0000	50.0000	0.375980000
240.0000	80.0000	50.0000	0.537124450
250.0000	80.0000	50.0000	0.746589300
260.0000	80.0000	50.0000	0.384713980
270.0000	80.0000	50.0000	0.382350000
280.0000	80.0000	50.0000	0.602423850
290.0000	80.0000	50.0000	0.639023240
300.0000	80.0000	50.0000	0.624078300
310.0000	80.0000	50.0000	0.561881700
320.0000	80.0000	50.0000	0.516153100
330.0000	80.0000	50.0000	0.867412800
340.0000	80.0000	50.0000	1.187671800
350.0000	80.0000	50.0000	1.994549500
360.0000	80.0000	50.0000	1.000000000
0.0000	90.0000	50.0000	5.655217000
10.0000	90.0000	50.0000	2.083062200
20.0000	90.0000	50.0000	2.573294000
30.0000	90.0000	50.0000	0.809751700
40.0000	90.0000	50.0000	0.561336500
50.0000	90.0000	50.0000	0.491636630
60.0000	90.0000	50.0000	0.668279600
70.0000	90.0000	50.0000	0.879214400
80.0000	90.0000	50.0000	0.560927100
90.0000	90.0000	50.0000	0.391597930
100.0000	90.0000	50.0000	0.627136950
110.0000	90.0000	50.0000	0.541192400
120.0000	90.0000	50.0000	0.185424100
130.0000	90.0000	50.0000	0.273899880
140.0000	90.0000	50.0000	0.638125400
150.0000	90.0000	50.0000	1.524591600
160.0000	90.0000	50.0000	3.039998500
170.0000	90.0000	50.0000	2.026085600
180.0000	90.0000	50.0000	2.810706600
190.0000	90.0000	50.0000	4.428626500
200.0000	90.0000	50.0000	1.989281400
210.0000	90.0000	50.0000	0.962328430
220.0000	90.0000	50.0000	0.690806500
230.0000	90.0000	50.0000	0.421471980
240.0000	90.0000	50.0000	0.421579870
250.0000	90.0000	50.0000	1.072356200
260.0000	90.0000	50.0000	0.575468060
270.0000	90.0000	50.0000	0.541165350
280.0000	90.0000	50.0000	1.233423600
290.0000	90.0000	50.0000	0.899955800
300.0000	90.0000	50.0000	0.620349760
310.0000	90.0000	50.0000	0.522042200
320.0000	90.0000	50.0000	0.349402500
330.0000	90.0000	50.0000	0.896874250
340.0000	90.0000	50.0000	2.011867500
350.0000	90.0000	50.0000	3.940364000
360.0000	90.0000	50.0000	1.000000000
0.0000	0.0000	60.0000	1.000000000
10.0000	0.0000	60.0000	1.000000000
20.0000	0.0000	60.0000	1.000000000
30.0000	0.0000	60.0000	1.000000000
40.0000	0.0000	60.0000	1.000000000
50.0000	0.0000	60.0000	1.000000000
60.0000	0.0000	60.0000	1.000000000
70.0000	0.0000	60.0000	1.000000000
80.0000	0.0000	60.0000	1.000000000
90.0000	0.0000	60.0000	1.000000000
100.0000	0.0000	60.0000	1.000000000
110.0000	0.0000	60.0000	1.000000000
120.0000	0.0000	60.0000	1.000000000
130.0000	0.0000	60.0000	1.000000000
140.0000	0.0000	60.0000	1.000000000
150.0000	0.0000	60.0000	1.000000000
160.0000	0.0000	60.0000	1.000000000
170.0000	0.0000	60.0000	1.000000000
180.0000	0.0000	60.0000	1.000000000
190.0000	0.0000	60.0000	1.000000000
200.0000	0.0000	60.0000	1.000000000
210.0000	0.0000	60.0000	1.000000000
220.0000	0.0000	60.0000	1.000000000
230.0000	0.0000	60.0000	1.000000000
240.0000	0.0000	60.0000	1.000000000
250.0000	0.0000	60.0000	1.000000000
260.0000	0.0000	60.0000	1.000000000
270.0000	0.0000	60.0000	1.000000000
280.0000	0.0000	60.0000	1.000000000
290.0000	0.0000	60.0000	1.000000000
300.0000	0.0000	60.0000	1.000000000
310.0000	0.0000	60.0000	1.000000000
320.0000	0.0000	60.0000	1.000000000
330.0000	0.0000	60.0000	1.000000000
340.0000	0.0000	60.0000	1.000000000
350.0000	0.0000	60.0000	1.000000000
360.0000	0.0000	60.0000	1.000000000
0.0000	10.0000	60.0000	0.903634200
10.0000	10.0000	60.0000	0.959149200
20.0000	10.0000	60.0000	4.617387000
30.0000	10.0000	60.0000	0.087104954
40.0000	10.0000	60.0000	0.084911140
50.0000	10.0000	60.0000	0.703392400
60.0000	10.0000	60.0000	1.295250700
70.0000	10.0000	60.0000	0.448333500
80.0000	10.0000	60.0000	0.088910390
90.0000	10.0000	60.0000	0.514662500
100.0000	10.0000	60.0000	1.277480500
110.0000	10.0000	60.0000	2.135934400
120.0000	10.0000	60.0000	0.215595470
130.0000	10.0000	60.0000	0.308587520
140.0000	10.0000	60.0000	1.529183100
150.0000	10.0000	60.0000	0.180005130
160.0000	10.0000	60.0000	0.781705260
170.0000	10.0000	60.0000	4.192861600
180.0000	10.0000	60.0000	2.496050100
190.0000	10.0000	60.0000	4.185360000
200.0000	10.0000	60.0000	6.394057800
210.0000	10.0000	60.0000	0.072876670
220.0000	10.0000	60.0000	0.039052486
230.0000	10.0000	60.0000	0.147618410
240.0000	10.0000	60.0000	1.224989700
250.0000	10.0000	60.0000	14.137666000
260.0000	10.0000	60.0000	0.182897540
270.0000	10.0000	60.0000	0.081408860
280.0000	10.0000	60.0000	0.851024570
290.0000	10.0000	60.0000	0.794155360
300.0000	10.0000	60.0000	0.664529100
310.0000	10.0000	60.0000	2.150133400
320.0000	10.0000	60.0000	1.554445400
330.0000	10.0000	60.0000	0.396323000
340.0000	10.0000	60.0000	1.323994300
350.0000	10.0000	60.0000	4.720603000
360.0000	10.0000	60.0000	1.000000000
0.0000	20.0000	60.0000	2.583410700
10.0000	20.0000	60.0000	2.702090700
20.0000	20.0000	60.0000	0.816018760
30.0000	20.0000	60.0000	0.090640730
40.0000	20.0000	60.0000	0.232536930
50.0000	20.0000	60.0000	0.831845600
60.0000	20.0000	60.0000	1.458435200
70.0000	20.0000	60.0000	10.541298000
80.0000	20.0000	60.0000	4.338675500
90.0000	20.0000	60.0000	1.489309100
100.0000	20.0000	60.0000	1.475814200
110.0000	20.0000	60.0000	0.921621140
120.0000	20.0000	60.0000	1.181004300
130.0000	20.0000	60.0000	1.227518300
140.0000	20.0000	60.0000	1.139876700
150.0000	20.0000	60.0000	0.081682680
160.0000	20.0000	60.0000	0.142650570
170.0000	20.0000	60.0000	1.252963100
180.0000	20.0000	60.0000	0.762146530
190.0000	20.0000	60.0000	3.350045700
200.0000	20.0000	60.0000	1.303480000
210.0000	20.0000	60.0000	0.069459006
220.0000	20.0000	60.0000	0.448903530
230.0000	20.0000	60.0000	2.131864800
240.0000	20.0000	60.0000	1.187968500
250.0000	20.0000	60.0000	3.021165000
260.0000	20.0000	60.0000	2.698225300
270.0000	20.0000	60.0000	1.336047900
280.0000	20.0000	60.0000	2.350133000
290.0000	20.0000	60.0000	0.633811800
300.0000	20.0000	60.0000	1.113657000
310.0000	20.0000	60.0000	1.537673400
320.0000	20.0000	60.0000	0.920019800
330.0000	20.0000	60.0000	0.138130780
340.0000	20.0000	60.0000	0.122050546
350.0000	20.0000	60.0000	0.567360640
360.0000	20.0000	60.0000	1.000000000
0.0000	30.0000	60.0000	2.034548500
10.0000	30.0000	60.0000	2.020872000
20.0000	30.0000	60.0000	0.221404580
30.0000	30.0000	60.0000	0.112756380
40.0000	30.0000	60.0000	0.348726030
50.0000	30.0000	60.0000	0.450585070
60.0000	30.0000	60.0000	0.378811540
70.0000	30.0000	60.0000	1.101260400
80.0000	30.0000	60.0000	2.181083200
90.0000	30.0000	60.0000	1.011095400
100.0000	30.0000	60.0000	0.908384500
110.0000	30.0000	60.0000	0.738097850
120.0000	30.0000	60.0000	2.176733700
130.0000	30.0000	60.0000	2.170400000
140.0000	30.0000	60.0000	1.170634500
150.0000	30.0000	60.0000	0.125353160
160.0000	30.0000	60.0000	0.049683280
170.0000	30.0000	60.0000	1.234389100
180.0000	30.0000	60.0000	1.761553500
190.0000	30.0000	60.0000	2.725938000
200.0000	30.0000	60.0000	1.029089900
210.0000	30.0000	60.0000	0.145844180
220.0000	30.0000	60.0000	0.298372000
230.0000	30.0000	60.0000	1.053857100
240.0000	30.0000	60.0000	0.816297700
250.0000	30.0000	60.0000	0.676263800
260.0000	30.0000	60.0000	1.123888000
270.0000	30.0000	60.0000	2.714992800
280.0000	30.0000	60.0000	1.825660300
290.0000	30.0000	60.0000	0.542483800
300.0000	30.0000	60.0000	1.479216800
310.0000	30.0000	60.0000	4.197343000
320.0000	30.0000	60.0000	2.104960400
330.0000	30.0000	60.0000	0.176713560
340.0000	30.0000	60.0000	0.067821175
350.0000	30.0000	60.0000	1.334945700
360.0000	30.0000	60.0000	1.000000000
0.0000	40.0000	60.0000	0.470231320
10.0000	40.0000	60.0000	1.330832000
20.0000	40.0000	60.0000	1.608791700
30.0000	40.0000	60.0000	0.194839310
40.0000	40.0000	60.0000	0.632344500
50.0000	40.0000	60.0000	1.349944200
60.0000	40.0000	60.0000	0.511126600
70.0000	40.0000	60.0000	0.491768700
80.0000	40.0000	60.0000	1.081835700
90.0000	40.0000	60.0000	0.660517400
100.0000	40.0000	60.0000	0.298683350
110.0000	40.0000	60.0000	0.403262560
120.0000	40.0000	60.0000	1.000813000
130.0000	40.0000	60.0000	1.010652100
140.0000	40.0000	60.0000	1.346258800
150.0000	40.0000	60.0000	0.279676470
160.0000	40.0000	60.0000	0.030671274
170.0000	40.0000	60.0000	0.404213070
180.0000	40.0000	60.0000	2.066618700
190.0000	40.0000	60.0000	4.831377000
200.0000	40.0000	60.0000	2.263255000
210.0000	40.0000	60.0000	0.413425830
220.0000	40.0000	60.0000	0.266996440
230.0000	40.0000	60.0000	0.611100100
240.0000	40.0000	60.0000	1.086750400
250.0000	40.0000	60.0000	0.477890700
260.0000	40.0000	60.0000	0.603160100
270.0000	40.0000	60.0000	0.686740640
280.0000	40.0000	60.0000	0.603969000
290.0000	40.0000	60.0000	0.303122200
300.0000	40.0000	60.0000	0.846547070
310.0000	40.0000	60.0000	4.994737600
320.0000	40.0000	60.0000	0.988826800
330.0000	40.0000	60.0000	0.135883420
340.0000	40.0000	60.0000	0.082328430
350.0000	40.0000	60.0000	0.800493500
360.0000	40.0000	60.0000	1.000000000
0.0000	50.0000	60.0000	2.714956000
10.0000	50.0000	60.0000	3.646316800
20.0000	50.0000	60.0000	1.639266500
30.0000	50.0000	60.0000	0.566389100
40.0000	50.0000	60.0000	0.760286100
50.0000	50.0000	60.0000	0.500798700
60.0000	50.0000	60.0000	0.438226370
70.0000	50.0000	60.0000	0.199115800
80.0000	50.0000	60.0000	0.299511280
90.0000	50.0000	60.0000	1.686387300
100.0000	50.0000	60.0000	1.304498400
110.0000	50.0000	60.0000	0.680381700
120.0000	50.0000	60.0000	0.794404860
130.0000	50.0000	60.0000	0.786930860
140.0000	50.0000	60.0000	0.863714500
150.0000	50.0000	60.0000	0.285800460
160.0000	50.0000	60.0000	0.060524274
170.0000	50.0000	60.0000	0.376891020
180.0000	50.0000	60.0000	1.691466900
190.0000	50.0000	60.0000	1.995514300
200.0000	50.0000	60.0000	0.858787600
210.0000	50.0000	60.0000	0.553344000
220.0000	50.0000	60.0000	0.680387140
230.0000	50.0000	60.0000	0.774760540
240.0000	50.0000	60.0000	0.443605630
250.0000	50.0000	60.0000	0.243966770
260.0000	50.0000	60.0000	0.410302070
270.0000	50.0000	60.0000	0.812518700
280.0000	50.0000	60.0000	0.455742200
290.0000	50.0000	60.0000	0.178915040
300.0000	50.0000	60.0000	0.212099310
310.0000	50.0000	60.0000	0.570811150
320.0000	50.0000	60.0000	0.543360700
330.0000	50.0000	60.0000	0.193139630
340.0000	50.0000	60.0000	0.175180090
350.0000	50.0000	60.0000	0.373017900
360.0000	50.0000	60.0000	1.000000000
0.0000	60.0000	60.0000	0.777239260
10.0000	60.0000	60.0000	1.314221400
20.0000	60.0000	60.0000	1.524547500
30.0000	60.0000	60.0000	0.546461900
40.0000	60.0000	60.0000	0.401675000
50.0000	60.0000	60.0000	0.425990250
60.0000	60.0000	60.0000	0.415213580
70.0000	60.0000	60.0000	0.198290330
80.0000	60.0000	60.0000	0.224323380
90.0000	60.0000	60.0000	0.978497300
100.0000	60.0000	60.0000	2.346215500
110.0000	60.0000	60.0000	1.421240400
120.0000	60.0000	60.0000	1.162996600
130.0000	60.0000	60.0000	1.457989300
140.0000	60.0000	60.0000	1.012884000
150.0000	60.0000	60.0000	0.567458150
160.0000	60.0000	60.0000	0.450220050
170.0000	60.0000	60.0000	1.011107200
180.0000	60.0000	60.0000	1.375761400
190.0000	60.0000	60.0000	1.731688500
200.0000	60.0000	60.0000	0.690034750
210.0000	60.0000	60.0000	0.231817040
220.0000	60.0000	60.0000	0.300163100
230.0000	60.0000	60.0000	0.392731370
240.0000	60.0000	60.0000	0.291650150
250.0000	60.0000	60.0000	0.283414480
260.0000	60.0000	60.0000	0.511863230
270.0000	60.0000	60.0000	1.342281500
280.0000	60.0000	60.0000	0.297881300
290.0000	60.0000	60.0000	0.093047350
300.0000	60.0000	60.0000	0.120569170
310.0000	60.0000	60.0000	0.509319700
320.0000	60.0000	60.0000	1.289428100
330.0000	60.0000	60.0000	0.958600760
340.0000	60.0000	60.0000	0.533381300
350.0000	60.0000	60.0000	0.639843340
360.0000	60.0000	60.0000	1.000000000
0.0000	70.0000	60.0000	1.719279600
10.0000	70.0000	60.0000	1.229847900
20.0000	70.0000	60.0000	0.848747250
30.0000	70.0000	60.0000	0.286340200
40.0000	70.0000	60.0000	0.157763650
50.0000	70.0000	60.0000	0.388633550
60.0000	70.0000	60.0000	0.549031200
70.0000	70.0000	60.0000	0.450289280
80.0000	70.0000	60.0000	0.288427170
90.0000	70.0000	60.0000	0.180699140
100.0000	70.0000	60.0000	0.378187920
110.0000	70.0000	60.0000	0.595768000
120.0000	70.0000	60.0000	0.544465600
130.0000	70.0000	60.0000	0.442672760
140.0000	70.0000	60.0000	0.676930300
150.0000	70.0000	60.0000	0.872492850
160.0000	70.0000	60.0000	1.847053500
170.0000	70.0000	60.0000	1.480541800
180.0000	70.0000	60.0000	0.730778200
190.0000	70.0000	60.0000	1.552636900
200.0000	70.0000	60.0000	1.184785800
210.0000	70.0000	60.0000	0.247066600
220.0000	70.0000	60.0000	0.147971590
230.0000	70.0000	60.0000	0.382411360
240.0000	70.0000	60.0000	0.518973800
250.0000	70.0000	60.0000	0.433324200
260.0000	70.0000	60.0000	0.435330180
270.0000	70.0000	60.0000	0.411075320
280.0000	70.0000	60.0000	0.109116900
290.0000	70.0000	60.0000	0.113800496
300.0000	70.0000	60.0000	0.159351110
310.0000	70.0000	60.0000	0.254335080
320.0000	70.0000	60.0000	0.484194460
330.0000	70.0000	60.0000	0.635155600
340.0000	70.0000	60.0000	0.554913340
350.0000	70.0000	60.0000	1.117770800
360.0000	70.0000	60.0000	1.000000000
0.0000	80.0000	60.0000	0.365867200
10.0000	80.0000	60.0000	0.520062100
20.0000	80.0000	60.0000	0.988027300
30.0000	80.0000	60.0000	0.459655800
40.0000	80.0000	60.0000	0.486827550
50.0000	80.0000	60.0000	0.513572400
60.0000	80.0000	60.0000	0.474666500
70.0000	80.0000	60.0000	0.868020530
80.0000	80.0000	60.0000	0.619256100
90.0000	80.0000	60.0000	0.374239980
100.0000	80.0000	60.0000	0.542759360
110.0000	80.0000	60.0000	0.394471050
120.0000	80.0000	60.0000	0.321329830
130.0000	80.0000	60.0000	0.254018930
140.0000	80.0000	60.0000	0.552278460
150.0000	80.0000	60.0000	1.043772100
160.0000	80.0000	60.0000	2.126948000
170.0000	80.0000	60.0000	1.930570400
180.0000	80.0000	60.0000	1.631815400
190.0000	80.0000	60.0000	2.047679700
200.0000	80.0000	60.0000	1.770171500
210.0000	80.0000	60.0000	0.623929440
220.0000	80.0000	60.0000	0.614278140
230.0000	80.0000	60.0000	0.895113770
240.0000	80.0000	60.0000	0.837237400
250.0000	80.0000	60.0000	0.818889500
260.0000	80.0000	60.0000	0.502936700
270.0000	80.0000	60.0000	0.389019520
280.0000	80.0000	60.0000	0.297989130
290.0000	80.0000	60.0000	0.344868420
300.0000	80.0000	60.0000	0.712263940
310.0000	80.0000	60.0000	0.548174440
320.0000	80.0000	60.0000	0.267474230
330.0000	80.0000	60.0000	0.317362550
340.0000	80.0000	60.0000	0.465229100
350.0000	80.0000	60.0000	1.710544200
360.0000	80.0000	60.0000	1.000000000
0.0000	90.0000	60.0000	5.925669700
10.0000	90.0000	60.0000	1.966970100
20.0000	90.0000	60.0000	1.860775700
30.0000	90.0000	60.0000	0.899939500
40.0000	90.0000	60.0000	1.950526100
50.0000	90.0000	60.0000	0.931444170
60.0000	90.0000	60.0000	0.667005840
70.0000	90.0000	60.0000	1.625062700
80.0000	90.0000	60.0000	0.946944500
90.0000	90.0000	60.0000	0.503797350
100.0000	90.0000	60.0000	0.561747130
110.0000	90.0000	60.0000	0.487747130
120.0000	90.0000	60.0000	0.580232000
130.0000	90.0000	60.0000	0.576319340
140.0000	90.0000	60.0000	1.029629000
150.0000	90.0000	60.0000	1.976338900
160.0000	90.0000	60.0000	2.272957300
170.0000	90.0000	60.0000	1.833149100
180.0000	90.0000	60.0000	2.937713600
190.0000	90.0000	60.0000	4.719566300
200.0000	90.0000	60.0000	1.596839500
210.0000	90.0000	60.0000	0.885268330
220.0000	90.0000	60.0000	1.755227200
230.0000	90.0000	60.0000	1.162808800
240.0000	90.0000	60.0000	0.728971240
250.0000	90.0000	60.0000	2.442101700
260.0000	90.0000	60.0000	0.765285200
270.0000	90.0000	60.0000	0.772267760
280.0000	90.0000	60.0000	0.625990300
290.0000	90.0000	60.0000	0.371401850
300.0000	90.0000	60.0000	1.241040000
310.0000	90.0000	60.0000	1.602541800
320.0000	90.0000	60.0000	0.377515260
330.0000	90.0000	60.0000	0.438857850
340.0000	90.0000	60.0000	0.685676300
350.0000	90.0000	60.0000	1.695037200
360.0000	90.0000	60.0000	1.000000000
