0.0000	0.0000	0.0000	0.332281920
10.0000	0.0000	0.0000	0.279809100
20.0000	0.0000	0.0000	0.527258200
30.0000	0.0000	0.0000	0.510273100
40.0000	0.0000	0.0000	0.781075700
50.0000	0.0000	0.0000	0.894805550
60.0000	0.0000	0.0000	0.369653250
70.0000	0.0000	0.0000	0.622000000
80.0000	0.0000	0.0000	0.417987730
90.0000	0.0000	0.0000	1.073852100
100.0000	0.0000	0.0000	1.947882300
110.0000	0.0000	0.0000	2.314701000
120.0000	0.0000	0.0000	2.078143000
130.0000	0.0000	0.0000	2.317010200
140.0000	0.0000	0.0000	2.031678200
150.0000	0.0000	0.0000	1.271881700
160.0000	0.0000	0.0000	0.971189260
170.0000	0.0000	0.0000	0.449091670
180.0000	0.0000	0.0000	0.159497100
190.0000	0.0000	0.0000	0.767644940
200.0000	0.0000	0.0000	0.566206300
210.0000	0.0000	0.0000	0.258019180
220.0000	0.0000	0.0000	0.447830950
230.0000	0.0000	0.0000	0.733156600
240.0000	0.0000	0.0000	0.166421190
250.0000	0.0000	0.0000	0.519657430
260.0000	0.0000	0.0000	0.526233800
270.0000	0.0000	0.0000	1.158310500
280.0000	0.0000	0.0000	1.728996400
290.0000	0.0000	0.0000	1.758642600
300.0000	0.0000	0.0000	1.799460200
310.0000	0.0000	0.0000	2.515216800
320.0000	0.0000	0.0000	1.824475400
330.0000	0.0000	0.0000	0.989775600
340.0000	0.0000	0.0000	0.934234600
350.0000	0.0000	0.0000	1.708134700
360.0000	0.0000	0.0000	1.000000000
0.0000	10.0000	0.0000	0.769370300
10.0000	10.0000	0.0000	1.199890700
20.0000	10.0000	0.0000	2.307773400
30.0000	10.0000	0.0000	0.323855130
40.0000	10.0000	0.0000	2.431042700
50.0000	10.0000	0.0000	0.495989140
60.0000	10.0000	0.0000	0.822250960
70.0000	10.0000	0.0000	6.722843000
80.0000	10.0000	0.0000	0.185143700
90.0000	10.0000	0.0000	0.827317360
100.0000	10.0000	0.0000	1.793138600
110.0000	10.0000	0.0000	2.678562200
120.0000	10.0000	0.0000	3.368819500
130.0000	10.0000	0.0000	4.008723700
140.0000	10.0000	0.0000	1.202060800
150.0000	10.0000	0.0000	0.285514200
160.0000	10.0000	0.0000	1.280410900
170.0000	10.0000	0.0000	2.224856000
180.0000	10.0000	0.0000	1.655716000
190.0000	10.0000	0.0000	6.266762700
200.0000	10.0000	0.0000	1.111074700
210.0000	10.0000	0.0000	0.112588790
220.0000	10.0000	0.0000	2.404485500
230.0000	10.0000	0.0000	1.271039100
240.0000	10.0000	0.0000	0.259653450
250.0000	10.0000	0.0000	0.700901600
260.0000	10.0000	0.0000	0.229979340
270.0000	10.0000	0.0000	2.044721400
280.0000	10.0000	0.0000	2.389711100
290.0000	10.0000	0.0000	2.378090400
300.0000	10.0000	0.0000	2.253296600
310.0000	10.0000	0.0000	2.938520700
320.0000	10.0000	0.0000	1.151451000
330.0000	10.0000	0.0000	0.360295410
340.0000	10.0000	0.0000	2.112936000
350.0000	10.0000	0.0000	4.237694000
360.0000	10.0000	0.0000	1.000000000
0.0000	20.0000	0.0000	2.375933400
10.0000	20.0000	0.0000	3.091226300
20.0000	20.0000	0.0000	0.259305720
30.0000	20.0000	0.0000	0.065275150
40.0000	20.0000	0.0000	0.384685840
50.0000	20.0000	0.0000	0.971593560
60.0000	20.0000	0.0000	1.912872600
70.0000	20.0000	0.0000	0.793331860
80.0000	20.0000	0.0000	0.407519760
90.0000	20.0000	0.0000	0.409477000
100.0000	20.0000	0.0000	1.818962200
110.0000	20.0000	0.0000	1.788919200
120.0000	20.0000	0.0000	2.268399500
130.0000	20.0000	0.0000	4.336248000
140.0000	20.0000	0.0000	0.311597880
150.0000	20.0000	0.0000	0.045970830
160.0000	20.0000	0.0000	0.409522620
170.0000	20.0000	0.0000	1.355463600
180.0000	20.0000	0.0000	1.162157000
190.0000	20.0000	0.0000	4.598295700
200.0000	20.0000	0.0000	0.206510290
210.0000	20.0000	0.0000	0.114206580
220.0000	20.0000	0.0000	1.324352000
230.0000	20.0000	0.0000	1.037168900
240.0000	20.0000	0.0000	0.992215630
250.0000	20.0000	0.0000	1.080141800
260.0000	20.0000	0.0000	0.563807850
270.0000	20.0000	0.0000	0.701542200
280.0000	20.0000	0.0000	1.975489400
290.0000	20.0000	0.0000	4.009421300
300.0000	20.0000	0.0000	2.170901000
310.0000	20.0000	0.0000	1.751277000
320.0000	20.0000	0.0000	0.836493900
330.0000	20.0000	0.0000	0.073353850
340.0000	20.0000	0.0000	0.284982860
350.0000	20.0000	0.0000	0.568757500
360.0000	20.0000	0.0000	1.000000000
0.0000	30.0000	0.0000	1.751221900
10.0000	30.0000	0.0000	1.723597400
20.0000	30.0000	0.0000	0.074114785
30.0000	30.0000	0.0000	0.152837100
40.0000	30.0000	0.0000	0.679446040
50.0000	30.0000	0.0000	3.496419000
60.0000	30.0000	0.0000	2.725016800
70.0000	30.0000	0.0000	0.595316500
80.0000	30.0000	0.0000	0.704795360
90.0000	30.0000	0.0000	0.912420150
100.0000	30.0000	0.0000	1.434424600
110.0000	30.0000	0.0000	0.900048500
120.0000	30.0000	0.0000	1.215475800
130.0000	30.0000	0.0000	0.988442400
140.0000	30.0000	0.0000	0.150581520
150.0000	30.0000	0.0000	0.057817970
160.0000	30.0000	0.0000	0.393062140
170.0000	30.0000	0.0000	2.947236800
180.0000	30.0000	0.0000	2.939774800
190.0000	30.0000	0.0000	1.567319500
200.0000	30.0000	0.0000	0.096308164
210.0000	30.0000	0.0000	0.286623150
220.0000	30.0000	0.0000	1.263107300
230.0000	30.0000	0.0000	1.556083200
240.0000	30.0000	0.0000	0.870471000
250.0000	30.0000	0.0000	0.448666420
260.0000	30.0000	0.0000	0.714865900
270.0000	30.0000	0.0000	0.714886400
280.0000	30.0000	0.0000	0.736322500
290.0000	30.0000	0.0000	1.352088700
300.0000	30.0000	0.0000	1.085917600
310.0000	30.0000	0.0000	0.643702700
320.0000	30.0000	0.0000	0.344766860
330.0000	30.0000	0.0000	0.115696250
340.0000	30.0000	0.0000	0.243665950
350.0000	30.0000	0.0000	0.826358500
360.0000	30.0000	0.0000	1.000000000
0.0000	40.0000	0.0000	0.483688150
10.0000	40.0000	0.0000	0.529042100
20.0000	40.0000	0.0000	0.051438123
30.0000	40.0000	0.0000	0.233595400
40.0000	40.0000	0.0000	0.684944030
50.0000	40.0000	0.0000	1.150176300
60.0000	40.0000	0.0000	3.163931100
70.0000	40.0000	0.0000	0.555690800
80.0000	40.0000	0.0000	0.273187670
90.0000	40.0000	0.0000	0.928698360
100.0000	40.0000	0.0000	1.420124300
110.0000	40.0000	0.0000	0.825587750
120.0000	40.0000	0.0000	0.421586200
130.0000	40.0000	0.0000	0.478262100
140.0000	40.0000	0.0000	0.443634600
150.0000	40.0000	0.0000	0.189437080
160.0000	40.0000	0.0000	1.205425000
170.0000	40.0000	0.0000	1.407921200
180.0000	40.0000	0.0000	2.037611200
190.0000	40.0000	0.0000	2.192475300
200.0000	40.0000	0.0000	0.105004310
210.0000	40.0000	0.0000	0.305469800
220.0000	40.0000	0.0000	0.852876250
230.0000	40.0000	0.0000	1.797134000
240.0000	40.0000	0.0000	0.515704000
250.0000	40.0000	0.0000	0.239226310
260.0000	40.0000	0.0000	0.368178550
270.0000	40.0000	0.0000	0.329032540
280.0000	40.0000	0.0000	0.312298740
290.0000	40.0000	0.0000	0.603857000
300.0000	40.0000	0.0000	1.241882900
310.0000	40.0000	0.0000	0.615946650
320.0000	40.0000	0.0000	0.408821000
330.0000	40.0000	0.0000	0.714748740
340.0000	40.0000	0.0000	3.249870300
350.0000	40.0000	0.0000	1.309957400
360.0000	40.0000	0.0000	1.000000000
0.0000	50.0000	0.0000	2.349555300
10.0000	50.0000	0.0000	1.398332400
20.0000	50.0000	0.0000	0.135031670
30.0000	50.0000	0.0000	0.540569840
40.0000	50.0000	0.0000	0.439890860
50.0000	50.0000	0.0000	0.233337570
60.0000	50.0000	0.0000	0.158523650
70.0000	50.0000	0.0000	0.118395925
80.0000	50.0000	0.0000	0.346127540
90.0000	50.0000	0.0000	1.067527800
100.0000	50.0000	0.0000	0.449250640
110.0000	50.0000	0.0000	0.342617840
120.0000	50.0000	0.0000	0.708499850
130.0000	50.0000	0.0000	0.555738750
140.0000	50.0000	0.0000	0.529910900
150.0000	50.0000	0.0000	0.429386880
160.0000	50.0000	0.0000	0.954087800
170.0000	50.0000	0.0000	0.993642400
180.0000	50.0000	0.0000	1.436176500
190.0000	50.0000	0.0000	1.161353000
200.0000	50.0000	0.0000	0.173989730
210.0000	50.0000	0.0000	0.355186730
220.0000	50.0000	0.0000	0.655431400
230.0000	50.0000	0.0000	0.701283160
240.0000	50.0000	0.0000	0.698470700
250.0000	50.0000	0.0000	1.069446000
260.0000	50.0000	0.0000	0.780407900
270.0000	50.0000	0.0000	0.524224000
280.0000	50.0000	0.0000	0.598099770
290.0000	50.0000	0.0000	0.398559330
300.0000	50.0000	0.0000	0.382065000
310.0000	50.0000	0.0000	0.459870700
320.0000	50.0000	0.0000	0.430998200
330.0000	50.0000	0.0000	0.862185400
340.0000	50.0000	0.0000	1.717761800
350.0000	50.0000	0.0000	0.731599400
360.0000	50.0000	0.0000	1.000000000
0.0000	60.0000	0.0000	1.122203400
10.0000	60.0000	0.0000	0.800529840
20.0000	60.0000	0.0000	0.934264000
30.0000	60.0000	0.0000	1.347235600
40.0000	60.0000	0.0000	0.500587760
50.0000	60.0000	0.0000	0.347028020
60.0000	60.0000	0.0000	0.137098790
70.0000	60.0000	0.0000	0.062539550
80.0000	60.0000	0.0000	0.193191320
90.0000	60.0000	0.0000	0.480254230
100.0000	60.0000	0.0000	0.334465470
110.0000	60.0000	0.0000	0.512400300
120.0000	60.0000	0.0000	0.931916600
130.0000	60.0000	0.0000	0.444807230
140.0000	60.0000	0.0000	0.265800900
150.0000	60.0000	0.0000	0.295909900
160.0000	60.0000	0.0000	0.618651150
170.0000	60.0000	0.0000	1.621695000
180.0000	60.0000	0.0000	1.856282200
190.0000	60.0000	0.0000	1.461195300
200.0000	60.0000	0.0000	0.786784400
210.0000	60.0000	0.0000	0.694162670
220.0000	60.0000	0.0000	0.969071200
230.0000	60.0000	0.0000	0.852847800
240.0000	60.0000	0.0000	0.549678600
250.0000	60.0000	0.0000	1.479396300
260.0000	60.0000	0.0000	2.383742800
270.0000	60.0000	0.0000	0.938375400
280.0000	60.0000	0.0000	0.602927500
290.0000	60.0000	0.0000	0.380725440
300.0000	60.0000	0.0000	0.291157780
310.0000	60.0000	0.0000	0.227563700
320.0000	60.0000	0.0000	0.260278400
330.0000	60.0000	0.0000	0.185785560
340.0000	60.0000	0.0000	0.515901100
350.0000	60.0000	0.0000	2.615298300
360.0000	60.0000	0.0000	1.000000000
0.0000	70.0000	0.0000	1.665294000
10.0000	70.0000	0.0000	1.593814800
20.0000	70.0000	0.0000	1.166346000
30.0000	70.0000	0.0000	0.758457060
40.0000	70.0000	0.0000	0.428067650
50.0000	70.0000	0.0000	0.228216660
60.0000	70.0000	0.0000	0.318437160
70.0000	70.0000	0.0000	0.092149556
80.0000	70.0000	0.0000	0.033294626
90.0000	70.0000	0.0000	0.113053460
100.0000	70.0000	0.0000	0.408954470
110.0000	70.0000	0.0000	0.534368700
120.0000	70.0000	0.0000	0.476851500
130.0000	70.0000	0.0000	0.577842900
140.0000	70.0000	0.0000	0.214144560
150.0000	70.0000	0.0000	0.203501360
160.0000	70.0000	0.0000	0.611183400
170.0000	70.0000	0.0000	1.056927000
180.0000	70.0000	0.0000	1.161231400
190.0000	70.0000	0.0000	2.522989300
200.0000	70.0000	0.0000	1.362983300
210.0000	70.0000	0.0000	0.700482800
220.0000	70.0000	0.0000	0.512746750
230.0000	70.0000	0.0000	0.210802260
240.0000	70.0000	0.0000	0.244768520
250.0000	70.0000	0.0000	1.058486700
260.0000	70.0000	0.0000	1.306705500
270.0000	70.0000	0.0000	0.404144300
280.0000	70.0000	0.0000	0.409518720
290.0000	70.0000	0.0000	0.620411900
300.0000	70.0000	0.0000	0.305666000
310.0000	70.0000	0.0000	0.203871300
320.0000	70.0000	0.0000	0.231063660
330.0000	70.0000	0.0000	0.292022680
340.0000	70.0000	0.0000	0.613528550
350.0000	70.0000	0.0000	1.996686900
360.0000	70.0000	0.0000	1.000000000
0.0000	80.0000	0.0000	0.307313000
10.0000	80.0000	0.0000	0.808801650
20.0000	80.0000	0.0000	1.125258900
30.0000	80.0000	0.0000	0.324764500
40.0000	80.0000	0.0000	0.493291350
50.0000	80.0000	0.0000	0.386277470
60.0000	80.0000	0.0000	0.420777530
70.0000	80.0000	0.0000	0.254802300
80.0000	80.0000	0.0000	0.093203260
90.0000	80.0000	0.0000	0.230779410
100.0000	80.0000	0.0000	0.574992600
110.0000	80.0000	0.0000	0.362514140
120.0000	80.0000	0.0000	0.234531070
130.0000	80.0000	0.0000	0.558823500
140.0000	80.0000	0.0000	0.583505450
150.0000	80.0000	0.0000	0.781243000
160.0000	80.0000	0.0000	1.555654900
170.0000	80.0000	0.0000	1.786182200
180.0000	80.0000	0.0000	2.833928800
190.0000	80.0000	0.0000	4.160220600
200.0000	80.0000	0.0000	1.091523500
210.0000	80.0000	0.0000	0.946210740
220.0000	80.0000	0.0000	0.547409900
230.0000	80.0000	0.0000	0.112312040
240.0000	80.0000	0.0000	0.333107320
250.0000	80.0000	0.0000	0.711628140
260.0000	80.0000	0.0000	0.605914300
270.0000	80.0000	0.0000	0.685820500
280.0000	80.0000	0.0000	0.706423460
290.0000	80.0000	0.0000	0.756846700
300.0000	80.0000	0.0000	0.324238060
310.0000	80.0000	0.0000	0.599233000
320.0000	80.0000	0.0000	0.839415130
330.0000	80.0000	0.0000	0.966200200
340.0000	80.0000	0.0000	0.929552500
350.0000	80.0000	0.0000	1.107931300
360.0000	80.0000	0.0000	1.000000000
0.0000	90.0000	0.0000	5.202317000
10.0000	90.0000	0.0000	2.250311600
20.0000	90.0000	0.0000	1.845306500
30.0000	90.0000	0.0000	0.334526840
40.0000	90.0000	0.0000	0.646611900
50.0000	90.0000	0.0000	0.955816700
60.0000	90.0000	0.0000	0.587101340
70.0000	90.0000	0.0000	0.290252060
80.0000	90.0000	0.0000	0.135354980
90.0000	90.0000	0.0000	0.471923560
100.0000	90.0000	0.0000	0.937512600
110.0000	90.0000	0.0000	0.432379070
120.0000	90.0000	0.0000	0.219937550
130.0000	90.0000	0.0000	0.472060050
140.0000	90.0000	0.0000	1.617350900
150.0000	90.0000	0.0000	3.317170100
160.0000	90.0000	0.0000	4.101593500
170.0000	90.0000	0.0000	2.688786000
180.0000	90.0000	0.0000	3.688271500
190.0000	90.0000	0.0000	3.104315300
200.0000	90.0000	0.0000	1.163533800
210.0000	90.0000	0.0000	2.836383300
220.0000	90.0000	0.0000	1.340837600
230.0000	90.0000	0.0000	0.234259930
240.0000	90.0000	0.0000	0.412464830
250.0000	90.0000	0.0000	0.525207460
260.0000	90.0000	0.0000	0.463501840
270.0000	90.0000	0.0000	0.785498560
280.0000	90.0000	0.0000	0.962266200
290.0000	90.0000	0.0000	1.401749300
300.0000	90.0000	0.0000	0.538920040
310.0000	90.0000	0.0000	1.294248000
320.0000	90.0000	0.0000	1.745556500
330.0000	90.0000	0.0000	1.321806000
340.0000	90.0000	0.0000	1.372376800
350.0000	90.0000	0.0000	2.810606700
360.0000	90.0000	0.0000	1.000000000
0.0000	0.0000	10.0000	1.000000000
10.0000	0.0000	10.0000	1.000000000
20.0000	0.0000	10.0000	1.000000000
30.0000	0.0000	10.0000	1.000000000
40.0000	0.0000	10.0000	1.000000000
50.0000	0.0000	10.0000	1.000000000
60.0000	0.0000	10.0000	1.000000000
70.0000	0.0000	10.0000	1.000000000
80.0000	0.0000	10.0000	1.000000000
90.0000	0.0000	10.0000	1.000000000
100.0000	0.0000	10.0000	1.000000000
110.0000	0.0000	10.0000	1.000000000
120.0000	0.0000	10.0000	1.000000000
130.0000	0.0000	10.0000	1.000000000
140.0000	0.0000	10.0000	1.000000000
150.0000	0.0000	10.0000	1.000000000
160.0000	0.0000	10.0000	1.000000000
170.0000	0.0000	10.0000	1.000000000
180.0000	0.0000	10.0000	1.000000000
190.0000	0.0000	10.0000	1.000000000
200.0000	0.0000	10.0000	1.000000000
210.0000	0.0000	10.0000	1.000000000
220.0000	0.0000	10.0000	1.000000000
230.0000	0.0000	10.0000	1.000000000
240.0000	0.0000	10.0000	1.000000000
250.0000	0.0000	10.0000	1.000000000
260.0000	0.0000	10.0000	1.000000000
270.0000	0.0000	10.0000	1.000000000
280.0000	0.0000	10.0000	1.000000000
290.0000	0.0000	10.0000	1.000000000
300.0000	0.0000	10.0000	1.000000000
310.0000	0.0000	10.0000	1.000000000
320.0000	0.0000	10.0000	1.000000000
330.0000	0.0000	10.0000	1.000000000
340.0000	0.0000	10.0000	1.000000000
350.0000	0.0000	10.0000	1.000000000
360.0000	0.0000	10.0000	1.000000000
0.0000	10.0000	10.0000	0.748431500
10.0000	10.0000	10.0000	0.738808330
20.0000	10.0000	10.0000	1.735520500
30.0000	10.0000	10.0000	0.383855430
40.0000	10.0000	10.0000	0.740821960
50.0000	10.0000	10.0000	1.267347700
60.0000	10.0000	10.0000	2.375778200
70.0000	10.0000	10.0000	1.367795500
80.0000	10.0000	10.0000	0.259481400
90.0000	10.0000	10.0000	0.858724800
100.0000	10.0000	10.0000	1.584765700
110.0000	10.0000	10.0000	2.283037200
120.0000	10.0000	10.0000	2.824291000
130.0000	10.0000	10.0000	1.881128500
140.0000	10.0000	10.0000	0.714842260
150.0000	10.0000	10.0000	0.359705980
160.0000	10.0000	10.0000	1.704492300
170.0000	10.0000	10.0000	2.522440700
180.0000	10.0000	10.0000	1.795446900
190.0000	10.0000	10.0000	2.545796200
200.0000	10.0000	10.0000	1.047966800
210.0000	10.0000	10.0000	0.227731180
220.0000	10.0000	10.0000	1.399502800
230.0000	10.0000	10.0000	0.880826950
240.0000	10.0000	10.0000	0.638609200
250.0000	10.0000	10.0000	0.550508440
260.0000	10.0000	10.0000	0.096491140
270.0000	10.0000	10.0000	1.038506000
280.0000	10.0000	10.0000	2.019998800
290.0000	10.0000	10.0000	1.873234300
300.0000	10.0000	10.0000	1.888520400
310.0000	10.0000	10.0000	1.745969900
320.0000	10.0000	10.0000	0.799293400
330.0000	10.0000	10.0000	0.423491900
340.0000	10.0000	10.0000	2.880838200
350.0000	10.0000	10.0000	4.886414000
360.0000	10.0000	10.0000	1.000000000
0.0000	20.0000	10.0000	2.168126300
10.0000	20.0000	10.0000	1.782234900
20.0000	20.0000	10.0000	0.248824030
30.0000	20.0000	10.0000	0.112373814
40.0000	20.0000	10.0000	0.369202500
50.0000	20.0000	10.0000	1.376976300
60.0000	20.0000	10.0000	1.130369900
70.0000	20.0000	10.0000	0.350050900
80.0000	20.0000	10.0000	0.349279250
90.0000	20.0000	10.0000	0.463263400
100.0000	20.0000	10.0000	1.051858200
110.0000	20.0000	10.0000	1.049175400
120.0000	20.0000	10.0000	0.649062930
130.0000	20.0000	10.0000	0.318972350
140.0000	20.0000	10.0000	0.089318480
150.0000	20.0000	10.0000	0.068665940
160.0000	20.0000	10.0000	0.635182300
170.0000	20.0000	10.0000	1.261802100
180.0000	20.0000	10.0000	0.830389860
190.0000	20.0000	10.0000	1.548039300
200.0000	20.0000	10.0000	0.279022500
210.0000	20.0000	10.0000	0.204247740
220.0000	20.0000	10.0000	0.603974500
230.0000	20.0000	10.0000	1.231554400
240.0000	20.0000	10.0000	0.971269130
250.0000	20.0000	10.0000	1.086399100
260.0000	20.0000	10.0000	0.558009300
270.0000	20.0000	10.0000	0.310771550
280.0000	20.0000	10.0000	0.920159640
290.0000	20.0000	10.0000	1.066051600
300.0000	20.0000	10.0000	0.432275300
310.0000	20.0000	10.0000	0.547309900
320.0000	20.0000	10.0000	0.229961440
330.0000	20.0000	10.0000	0.052340910
340.0000	20.0000	10.0000	0.442758950
350.0000	20.0000	10.0000	0.647730000
360.0000	20.0000	10.0000	1.000000000
0.0000	30.0000	10.0000	1.356932000
10.0000	30.0000	10.0000	0.745113130
20.0000	30.0000	10.0000	0.064630084
30.0000	30.0000	10.0000	0.238649140
40.0000	30.0000	10.0000	0.961833830
50.0000	30.0000	10.0000	1.868342600
60.0000	30.0000	10.0000	1.007128200
70.0000	30.0000	10.0000	0.504151900
80.0000	30.0000	10.0000	0.740962450
90.0000	30.0000	10.0000	0.762436870
100.0000	30.0000	10.0000	1.226101800
110.0000	30.0000	10.0000	1.717622400
120.0000	30.0000	10.0000	2.005103300
130.0000	30.0000	10.0000	0.681484200
140.0000	30.0000	10.0000	0.138158100
150.0000	30.0000	10.0000	0.230313030
160.0000	30.0000	10.0000	1.901575200
170.0000	30.0000	10.0000	3.010834500
180.0000	30.0000	10.0000	1.734485100
190.0000	30.0000	10.0000	0.438524700
200.0000	30.0000	10.0000	0.067561425
210.0000	30.0000	10.0000	0.234953050
220.0000	30.0000	10.0000	0.851722200
230.0000	30.0000	10.0000	1.651929600
240.0000	30.0000	10.0000	0.962710500
250.0000	30.0000	10.0000	0.627972600
260.0000	30.0000	10.0000	0.797482130
270.0000	30.0000	10.0000	0.457493220
280.0000	30.0000	10.0000	0.640002670
290.0000	30.0000	10.0000	3.235326000
300.0000	30.0000	10.0000	1.705210800
310.0000	30.0000	10.0000	1.167610900
320.0000	30.0000	10.0000	0.330508080
330.0000	30.0000	10.0000	0.182233740
340.0000	30.0000	10.0000	0.352293580
350.0000	30.0000	10.0000	0.794879440
360.0000	30.0000	10.0000	1.000000000
0.0000	40.0000	10.0000	0.253265260
10.0000	40.0000	10.0000	0.181562380
20.0000	40.0000	10.0000	0.049854230
30.0000	40.0000	10.0000	0.348142950
40.0000	40.0000	10.0000	1.223665200
50.0000	40.0000	10.0000	0.879443760
60.0000	40.0000	10.0000	0.579151330
70.0000	40.0000	10.0000	0.440067950
80.0000	40.0000	10.0000	0.407856600
90.0000	40.0000	10.0000	0.803744800
100.0000	40.0000	10.0000	1.235745200
110.0000	40.0000	10.0000	1.196532000
120.0000	40.0000	10.0000	0.917932750
130.0000	40.0000	10.0000	0.566448800
140.0000	40.0000	10.0000	0.442214600
150.0000	40.0000	10.0000	0.507068800
160.0000	40.0000	10.0000	1.510071400
170.0000	40.0000	10.0000	0.836907150
180.0000	40.0000	10.0000	1.427053300
190.0000	40.0000	10.0000	0.652739940
200.0000	40.0000	10.0000	0.089089476
210.0000	40.0000	10.0000	0.489365000
220.0000	40.0000	10.0000	1.548948200
230.0000	40.0000	10.0000	1.749801400
240.0000	40.0000	10.0000	0.717315730
250.0000	40.0000	10.0000	0.363993470
260.0000	40.0000	10.0000	0.400826130
270.0000	40.0000	10.0000	0.338068250
280.0000	40.0000	10.0000	0.383255120
290.0000	40.0000	10.0000	1.055147800
300.0000	40.0000	10.0000	1.251963500
310.0000	40.0000	10.0000	0.905162000
320.0000	40.0000	10.0000	0.453370120
330.0000	40.0000	10.0000	0.713857000
340.0000	40.0000	10.0000	2.110396100
350.0000	40.0000	10.0000	1.067182800
360.0000	40.0000	10.0000	1.000000000
0.0000	50.0000	10.0000	1.289902600
10.0000	50.0000	10.0000	0.572826560
20.0000	50.0000	10.0000	0.132897100
30.0000	50.0000	10.0000	0.445756380
40.0000	50.0000	10.0000	0.729719940
50.0000	50.0000	10.0000	0.468065080
60.0000	50.0000	10.0000	0.167789060
70.0000	50.0000	10.0000	0.205186220
80.0000	50.0000	10.0000	0.674808100
90.0000	50.0000	10.0000	1.129287800
100.0000	50.0000	10.0000	0.626592040
110.0000	50.0000	10.0000	0.515533900
120.0000	50.0000	10.0000	0.518866100
130.0000	50.0000	10.0000	0.543208360
140.0000	50.0000	10.0000	0.725812400
150.0000	50.0000	10.0000	0.450413970
160.0000	50.0000	10.0000	0.342900780
170.0000	50.0000	10.0000	0.506792000
180.0000	50.0000	10.0000	1.036684900
190.0000	50.0000	10.0000	0.427954200
200.0000	50.0000	10.0000	0.142513070
210.0000	50.0000	10.0000	0.531212030
220.0000	50.0000	10.0000	1.081649300
230.0000	50.0000	10.0000	1.123142400
240.0000	50.0000	10.0000	0.931701100
250.0000	50.0000	10.0000	1.144109700
260.0000	50.0000	10.0000	0.569556100
270.0000	50.0000	10.0000	0.433669540
280.0000	50.0000	10.0000	0.598348300
290.0000	50.0000	10.0000	0.649253960
300.0000	50.0000	10.0000	0.562562640
310.0000	50.0000	10.0000	0.575042700
320.0000	50.0000	10.0000	0.399209000
330.0000	50.0000	10.0000	0.612549300
340.0000	50.0000	10.0000	0.994268950
350.0000	50.0000	10.0000	0.517606560
360.0000	50.0000	10.0000	1.000000000
0.0000	60.0000	10.0000	0.576467750
10.0000	60.0000	10.0000	0.367448060
20.0000	60.0000	10.0000	0.413679030
30.0000	60.0000	10.0000	0.610743640
40.0000	60.0000	10.0000	0.508859160
50.0000	60.0000	10.0000	0.581961800
60.0000	60.0000	10.0000	0.297763380
70.0000	60.0000	10.0000	0.364207680
80.0000	60.0000	10.0000	0.838320600
90.0000	60.0000	10.0000	0.410522550
100.0000	60.0000	10.0000	0.258541000
110.0000	60.0000	10.0000	0.538501900
120.0000	60.0000	10.0000	0.525619750
130.0000	60.0000	10.0000	0.282539730
140.0000	60.0000	10.0000	0.280494540
150.0000	60.0000	10.0000	0.355923920
160.0000	60.0000	10.0000	0.434737440
170.0000	60.0000	10.0000	1.088756000
180.0000	60.0000	10.0000	1.200930700
190.0000	60.0000	10.0000	0.505357740
200.0000	60.0000	10.0000	0.288781500
210.0000	60.0000	10.0000	0.597742800
220.0000	60.0000	10.0000	0.914664030
230.0000	60.0000	10.0000	1.111327400
240.0000	60.0000	10.0000	0.806796800
250.0000	60.0000	10.0000	1.468957900
260.0000	60.0000	10.0000	1.275179600
270.0000	60.0000	10.0000	0.682412400
280.0000	60.0000	10.0000	0.524931550
290.0000	60.0000	10.0000	0.319295670
300.0000	60.0000	10.0000	0.215962340
310.0000	60.0000	10.0000	0.216097640
320.0000	60.0000	10.0000	0.293161660
330.0000	60.0000	10.0000	0.429420600
340.0000	60.0000	10.0000	0.748235400
350.0000	60.0000	10.0000	1.548321800
360.0000	60.0000	10.0000	1.000000000
0.0000	70.0000	10.0000	1.262501000
10.0000	70.0000	10.0000	0.739167870
20.0000	70.0000	10.0000	0.401270270
30.0000	70.0000	10.0000	0.396756700
40.0000	70.0000	10.0000	0.463530060
50.0000	70.0000	10.0000	0.592551300
60.0000	70.0000	10.0000	0.571821750
70.0000	70.0000	10.0000	0.523234100
80.0000	70.0000	10.0000	0.199882300
90.0000	70.0000	10.0000	0.119079810
100.0000	70.0000	10.0000	0.223594890
110.0000	70.0000	10.0000	0.423091320
120.0000	70.0000	10.0000	0.364093270
130.0000	70.0000	10.0000	0.245729860
140.0000	70.0000	10.0000	0.196744200
150.0000	70.0000	10.0000	0.373796000
160.0000	70.0000	10.0000	1.007035700
170.0000	70.0000	10.0000	1.041594700
180.0000	70.0000	10.0000	0.814609940
190.0000	70.0000	10.0000	1.092079000
200.0000	70.0000	10.0000	0.844312600
210.0000	70.0000	10.0000	0.676787560
220.0000	70.0000	10.0000	0.658300160
230.0000	70.0000	10.0000	0.521159900
240.0000	70.0000	10.0000	0.326422200
250.0000	70.0000	10.0000	0.582279400
260.0000	70.0000	10.0000	0.498447700
270.0000	70.0000	10.0000	0.355724220
280.0000	70.0000	10.0000	0.341765340
290.0000	70.0000	10.0000	0.270994800
300.0000	70.0000	10.0000	0.255483270
310.0000	70.0000	10.0000	0.238815950
320.0000	70.0000	10.0000	0.334447000
330.0000	70.0000	10.0000	0.515760300
340.0000	70.0000	10.0000	0.758122100
350.0000	70.0000	10.0000	1.679056800
360.0000	70.0000	10.0000	1.000000000
0.0000	80.0000	10.0000	0.207551900
10.0000	80.0000	10.0000	0.394584900
20.0000	80.0000	10.0000	0.811541200
30.0000	80.0000	10.0000	0.453816680
40.0000	80.0000	10.0000	0.535702050
50.0000	80.0000	10.0000	0.398538770
60.0000	80.0000	10.0000	0.373433700
70.0000	80.0000	10.0000	0.429828970
80.0000	80.0000	10.0000	0.364197100
90.0000	80.0000	10.0000	0.346103200
100.0000	80.0000	10.0000	0.384877230
110.0000	80.0000	10.0000	0.426252220
120.0000	80.0000	10.0000	0.356541930
130.0000	80.0000	10.0000	0.323119670
140.0000	80.0000	10.0000	0.435150920
150.0000	80.0000	10.0000	0.765438850
160.0000	80.0000	10.0000	2.112703000
170.0000	80.0000	10.0000	2.794083800
180.0000	80.0000	10.0000	2.728683200
190.0000	80.0000	10.0000	3.284145600
200.0000	80.0000	10.0000	1.918185500
210.0000	80.0000	10.0000	1.274605900
220.0000	80.0000	10.0000	0.526987550
230.0000	80.0000	10.0000	0.217599380
240.0000	80.0000	10.0000	0.270676340
250.0000	80.0000	10.0000	0.424593420
260.0000	80.0000	10.0000	0.342516800
270.0000	80.0000	10.0000	0.423369740
280.0000	80.0000	10.0000	0.591240170
290.0000	80.0000	10.0000	0.590601560
300.0000	80.0000	10.0000	0.275861830
310.0000	80.0000	10.0000	0.357027920
320.0000	80.0000	10.0000	0.576265800
330.0000	80.0000	10.0000	0.678386870
340.0000	80.0000	10.0000	0.837630900
350.0000	80.0000	10.0000	1.518154500
360.0000	80.0000	10.0000	1.000000000
0.0000	90.0000	10.0000	4.527570200
10.0000	90.0000	10.0000	1.848060600
20.0000	90.0000	10.0000	2.151338800
30.0000	90.0000	10.0000	0.623795300
40.0000	90.0000	10.0000	0.656262000
50.0000	90.0000	10.0000	0.281977270
60.0000	90.0000	10.0000	0.158201600
70.0000	90.0000	10.0000	0.319609280
80.0000	90.0000	10.0000	0.519126700
90.0000	90.0000	10.0000	0.781228500
100.0000	90.0000	10.0000	0.462789570
110.0000	90.0000	10.0000	0.860738640
120.0000	90.0000	10.0000	0.534383300
130.0000	90.0000	10.0000	0.426979800
140.0000	90.0000	10.0000	0.871106000
150.0000	90.0000	10.0000	1.687383000
160.0000	90.0000	10.0000	4.415518300
170.0000	90.0000	10.0000	4.896952600
180.0000	90.0000	10.0000	4.860286700
190.0000	90.0000	10.0000	4.706193400
200.0000	90.0000	10.0000	1.913480800
210.0000	90.0000	10.0000	1.883390500
220.0000	90.0000	10.0000	0.568242600
230.0000	90.0000	10.0000	0.190532090
240.0000	90.0000	10.0000	0.363137750
250.0000	90.0000	10.0000	0.438020020
260.0000	90.0000	10.0000	0.487187400
270.0000	90.0000	10.0000	0.570218740
280.0000	90.0000	10.0000	0.707289000
290.0000	90.0000	10.0000	1.493885900
300.0000	90.0000	10.0000	0.315305200
310.0000	90.0000	10.0000	0.417804330
320.0000	90.0000	10.0000	0.858925500
330.0000	90.0000	10.0000	0.860303600
340.0000	90.0000	10.0000	1.377231200
350.0000	90.0000	10.0000	2.893654300
360.0000	90.0000	10.0000	1.000000000
0.0000	0.0000	20.0000	1.000000000
10.0000	0.0000	20.0000	1.000000000
20.0000	0.0000	20.0000	1.000000000
30.0000	0.0000	20.0000	1.000000000
40.0000	0.0000	20.0000	1.000000000
50.0000	0.0000	20.0000	1.000000000
60.0000	0.0000	20.0000	1.000000000
70.0000	0.0000	20.0000	1.000000000
80.0000	0.0000	20.0000	1.000000000
90.0000	0.0000	20.0000	1.000000000
100.0000	0.0000	20.0000	1.000000000
110.0000	0.0000	20.0000	1.000000000
120.0000	0.0000	20.0000	1.000000000
130.0000	0.0000	20.0000	1.000000000
140.0000	0.0000	20.0000	1.000000000
150.0000	0.0000	20.0000	1.000000000
160.0000	0.0000	20.0000	1.000000000
170.0000	0.0000	20.0000	1.000000000
180.0000	0.0000	20.0000	1.000000000
190.0000	0.0000	20.0000	1.000000000
200.0000	0.0000	20.0000	1.000000000
210.0000	0.0000	20.0000	1.000000000
220.0000	0.0000	20.0000	1.000000000
230.0000	0.0000	20.0000	1.000000000
240.0000	0.0000	20.0000	1.000000000
250.0000	0.0000	20.0000	1.000000000
260.0000	0.0000	20.0000	1.000000000
270.0000	0.0000	20.0000	1.000000000
280.0000	0.0000	20.0000	1.000000000
290.0000	0.0000	20.0000	1.000000000
300.0000	0.0000	20.0000	1.000000000
310.0000	0.0000	20.0000	1.000000000
320.0000	0.0000	20.0000	1.000000000
330.0000	0.0000	20.0000	1.000000000
340.0000	0.0000	20.0000	1.000000000
350.0000	0.0000	20.0000	1.000000000
360.0000	0.0000	20.0000	1.000000000
0.0000	10.0000	20.0000	0.650832360
10.0000	10.0000	20.0000	0.514308750
20.0000	10.0000	20.0000	3.019839000
30.0000	10.0000	20.0000	0.202486300
40.0000	10.0000	20.0000	0.380541030
50.0000	10.0000	20.0000	1.486940700
60.0000	10.0000	20.0000	0.748041100
70.0000	10.0000	20.0000	0.193009030
80.0000	10.0000	20.0000	0.695767100
90.0000	10.0000	20.0000	1.290106400
100.0000	10.0000	20.0000	0.869522800
110.0000	10.0000	20.0000	0.729145940
120.0000	10.0000	20.0000	0.177253190
130.0000	10.0000	20.0000	0.068029080
140.0000	10.0000	20.0000	0.228470940
150.0000	10.0000	20.0000	0.186388340
160.0000	10.0000	20.0000	1.682245100
170.0000	10.0000	20.0000	4.174976300
180.0000	10.0000	20.0000	1.214215600
190.0000	10.0000	20.0000	1.209338400
200.0000	10.0000	20.0000	3.117608500
210.0000	10.0000	20.0000	0.424290150
220.0000	10.0000	20.0000	0.360669940
230.0000	10.0000	20.0000	0.526626770
240.0000	10.0000	20.0000	0.749486860
250.0000	10.0000	20.0000	0.488722320
260.0000	10.0000	20.0000	0.180232610
270.0000	10.0000	20.0000	0.405086250
280.0000	10.0000	20.0000	1.072292600
290.0000	10.0000	20.0000	1.444385400
300.0000	10.0000	20.0000	0.290761770
310.0000	10.0000	20.0000	0.093100380
320.0000	10.0000	20.0000	0.237278180
330.0000	10.0000	20.0000	0.301909500
340.0000	10.0000	20.0000	3.150326300
350.0000	10.0000	20.0000	7.030314000
360.0000	10.0000	20.0000	1.000000000
0.0000	20.0000	20.0000	1.896829700
10.0000	20.0000	20.0000	1.385611300
20.0000	20.0000	20.0000	0.647758300
30.0000	20.0000	20.0000	0.396868740
40.0000	20.0000	20.0000	0.648873700
50.0000	20.0000	20.0000	1.426862400
60.0000	20.0000	20.0000	0.645823400
70.0000	20.0000	20.0000	0.250646800
80.0000	20.0000	20.0000	0.448763520
90.0000	20.0000	20.0000	1.318644800
100.0000	20.0000	20.0000	2.314699400
110.0000	20.0000	20.0000	1.724285500
120.0000	20.0000	20.0000	0.324677380
130.0000	20.0000	20.0000	0.087340675
140.0000	20.0000	20.0000	0.145781400
150.0000	20.0000	20.0000	0.323652600
160.0000	20.0000	20.0000	0.796757600
170.0000	20.0000	20.0000	1.510348600
180.0000	20.0000	20.0000	0.566037100
190.0000	20.0000	20.0000	1.051830900
200.0000	20.0000	20.0000	0.974898300
210.0000	20.0000	20.0000	0.373915500
220.0000	20.0000	20.0000	0.642318200
230.0000	20.0000	20.0000	1.584431000
240.0000	20.0000	20.0000	0.961566100
250.0000	20.0000	20.0000	0.786366340
260.0000	20.0000	20.0000	0.414510340
270.0000	20.0000	20.0000	0.522517740
280.0000	20.0000	20.0000	1.458349700
290.0000	20.0000	20.0000	1.092863200
300.0000	20.0000	20.0000	0.364538520
310.0000	20.0000	20.0000	0.146928340
320.0000	20.0000	20.0000	0.130021240
330.0000	20.0000	20.0000	0.170305340
340.0000	20.0000	20.0000	0.869611300
350.0000	20.0000	20.0000	0.949172140
360.0000	20.0000	20.0000	1.000000000
0.0000	30.0000	20.0000	0.877850060
10.0000	30.0000	20.0000	0.665727850
20.0000	30.0000	20.0000	0.342162430
30.0000	30.0000	20.0000	0.590860250
40.0000	30.0000	20.0000	0.792422060
50.0000	30.0000	20.0000	0.506748260
60.0000	30.0000	20.0000	0.351313650
70.0000	30.0000	20.0000	0.441125960
80.0000	30.0000	20.0000	0.572408500
90.0000	30.0000	20.0000	0.723864850
100.0000	30.0000	20.0000	1.093656700
110.0000	30.0000	20.0000	1.156504200
120.0000	30.0000	20.0000	0.829626440
130.0000	30.0000	20.0000	0.502530500
140.0000	30.0000	20.0000	0.542311200
150.0000	30.0000	20.0000	1.861795200
160.0000	30.0000	20.0000	2.919473600
170.0000	30.0000	20.0000	2.812251600
180.0000	30.0000	20.0000	1.149121000
190.0000	30.0000	20.0000	0.446489780
200.0000	30.0000	20.0000	0.370883300
210.0000	30.0000	20.0000	0.585806800
220.0000	30.0000	20.0000	1.595266900
230.0000	30.0000	20.0000	1.446811700
240.0000	30.0000	20.0000	0.951736300
250.0000	30.0000	20.0000	0.758140400
260.0000	30.0000	20.0000	0.742842440
270.0000	30.0000	20.0000	0.558246600
280.0000	30.0000	20.0000	0.758571740
290.0000	30.0000	20.0000	1.186261800
300.0000	30.0000	20.0000	0.690342000
310.0000	30.0000	20.0000	0.421899140
320.0000	30.0000	20.0000	0.264431800
330.0000	30.0000	20.0000	0.223835230
340.0000	30.0000	20.0000	0.254649640
350.0000	30.0000	20.0000	0.884923400
360.0000	30.0000	20.0000	1.000000000
0.0000	40.0000	20.0000	0.181670560
10.0000	40.0000	20.0000	0.189866690
20.0000	40.0000	20.0000	0.226452530
30.0000	40.0000	20.0000	0.635604700
40.0000	40.0000	20.0000	1.102045900
50.0000	40.0000	20.0000	0.476825420
60.0000	40.0000	20.0000	0.232041060
70.0000	40.0000	20.0000	0.377324820
80.0000	40.0000	20.0000	0.363240800
90.0000	40.0000	20.0000	0.460270580
100.0000	40.0000	20.0000	0.806378900
110.0000	40.0000	20.0000	0.701532500
120.0000	40.0000	20.0000	0.805908500
130.0000	40.0000	20.0000	0.861170530
140.0000	40.0000	20.0000	0.566404500
150.0000	40.0000	20.0000	1.240238500
160.0000	40.0000	20.0000	1.368927000
170.0000	40.0000	20.0000	0.770794000
180.0000	40.0000	20.0000	0.943085730
190.0000	40.0000	20.0000	0.530784400
200.0000	40.0000	20.0000	0.351771700
210.0000	40.0000	20.0000	1.198006500
220.0000	40.0000	20.0000	2.379351000
230.0000	40.0000	20.0000	1.246121900
240.0000	40.0000	20.0000	0.744666460
250.0000	40.0000	20.0000	0.668758630
260.0000	40.0000	20.0000	0.563541900
270.0000	40.0000	20.0000	0.505632800
280.0000	40.0000	20.0000	0.561022640
290.0000	40.0000	20.0000	1.171811500
300.0000	40.0000	20.0000	0.871720250
310.0000	40.0000	20.0000	0.976191340
320.0000	40.0000	20.0000	0.606978800
330.0000	40.0000	20.0000	0.632016900
340.0000	40.0000	20.0000	1.043126100
350.0000	40.0000	20.0000	1.136631000
360.0000	40.0000	20.0000	1.000000000
0.0000	50.0000	20.0000	1.054130400
10.0000	50.0000	20.0000	0.677294730
20.0000	50.0000	20.0000	0.492220700
30.0000	50.0000	20.0000	0.848274200
40.0000	50.0000	20.0000	1.736386500
50.0000	50.0000	20.0000	1.439112100
60.0000	50.0000	20.0000	0.756587740
70.0000	50.0000	20.0000	0.556772600
80.0000	50.0000	20.0000	0.672282100
90.0000	50.0000	20.0000	0.786343300
100.0000	50.0000	20.0000	0.798551600
110.0000	50.0000	20.0000	0.618632800
120.0000	50.0000	20.0000	0.435926350
130.0000	50.0000	20.0000	0.559626940
140.0000	50.0000	20.0000	0.545524950
150.0000	50.0000	20.0000	0.600540940
160.0000	50.0000	20.0000	0.400008830
170.0000	50.0000	20.0000	0.808887300
180.0000	50.0000	20.0000	0.902010300
190.0000	50.0000	20.0000	0.508130130
200.0000	50.0000	20.0000	0.630089400
210.0000	50.0000	20.0000	1.539838600
220.0000	50.0000	20.0000	1.717299800
230.0000	50.0000	20.0000	0.901894500
240.0000	50.0000	20.0000	0.848339260
250.0000	50.0000	20.0000	0.766323300
260.0000	50.0000	20.0000	0.548996150
270.0000	50.0000	20.0000	0.490553680
280.0000	50.0000	20.0000	0.700098900
290.0000	50.0000	20.0000	0.767081700
300.0000	50.0000	20.0000	0.895686100
310.0000	50.0000	20.0000	0.527502200
320.0000	50.0000	20.0000	0.463361650
330.0000	50.0000	20.0000	0.739027900
340.0000	50.0000	20.0000	0.749847350
350.0000	50.0000	20.0000	0.919615150
360.0000	50.0000	20.0000	1.000000000
0.0000	60.0000	20.0000	0.430005430
10.0000	60.0000	20.0000	0.342007500
20.0000	60.0000	20.0000	0.591144860
30.0000	60.0000	20.0000	0.579987000
40.0000	60.0000	20.0000	0.834871100
50.0000	60.0000	20.0000	1.329633000
60.0000	60.0000	20.0000	0.858211100
70.0000	60.0000	20.0000	1.626301300
80.0000	60.0000	20.0000	1.359301600
90.0000	60.0000	20.0000	0.268521800
100.0000	60.0000	20.0000	0.207282840
110.0000	60.0000	20.0000	0.287386570
120.0000	60.0000	20.0000	0.272186220
130.0000	60.0000	20.0000	0.458089700
140.0000	60.0000	20.0000	0.864065300
150.0000	60.0000	20.0000	1.108779100
160.0000	60.0000	20.0000	0.991542160
170.0000	60.0000	20.0000	2.379243100
180.0000	60.0000	20.0000	1.097236600
190.0000	60.0000	20.0000	0.594010200
200.0000	60.0000	20.0000	0.956322250
210.0000	60.0000	20.0000	1.089427200
220.0000	60.0000	20.0000	1.667895200
230.0000	60.0000	20.0000	1.629278100
240.0000	60.0000	20.0000	0.893572750
250.0000	60.0000	20.0000	1.215383300
260.0000	60.0000	20.0000	1.065333200
270.0000	60.0000	20.0000	0.456526800
280.0000	60.0000	20.0000	0.285078670
290.0000	60.0000	20.0000	0.322724400
300.0000	60.0000	20.0000	0.404936880
310.0000	60.0000	20.0000	0.287772740
320.0000	60.0000	20.0000	0.532476300
330.0000	60.0000	20.0000	0.893536000
340.0000	60.0000	20.0000	0.770462600
350.0000	60.0000	20.0000	1.410231500
360.0000	60.0000	20.0000	1.000000000
0.0000	70.0000	20.0000	0.777715700
10.0000	70.0000	20.0000	0.463581980
20.0000	70.0000	20.0000	0.505446900
30.0000	70.0000	20.0000	0.576570000
40.0000	70.0000	20.0000	0.680196800
50.0000	70.0000	20.0000	0.900407730
60.0000	70.0000	20.0000	0.640791800
70.0000	70.0000	20.0000	1.507840000
80.0000	70.0000	20.0000	0.552271840
90.0000	70.0000	20.0000	0.089096430
100.0000	70.0000	20.0000	0.080873100
110.0000	70.0000	20.0000	0.149359150
120.0000	70.0000	20.0000	0.210969210
130.0000	70.0000	20.0000	0.307456900
140.0000	70.0000	20.0000	0.652381700
150.0000	70.0000	20.0000	1.347544800
160.0000	70.0000	20.0000	2.784139400
170.0000	70.0000	20.0000	3.716921300
180.0000	70.0000	20.0000	1.003982300
190.0000	70.0000	20.0000	0.995688860
200.0000	70.0000	20.0000	1.273570300
210.0000	70.0000	20.0000	0.780149300
220.0000	70.0000	20.0000	1.140350500
230.0000	70.0000	20.0000	1.090153200
240.0000	70.0000	20.0000	0.362030570
250.0000	70.0000	20.0000	0.644958300
260.0000	70.0000	20.0000	0.467959170
270.0000	70.0000	20.0000	0.217908930
280.0000	70.0000	20.0000	0.158784690
290.0000	70.0000	20.0000	0.160109680
300.0000	70.0000	20.0000	0.437553440
310.0000	70.0000	20.0000	0.867929340
320.0000	70.0000	20.0000	1.245759700
330.0000	70.0000	20.0000	1.285022300
340.0000	70.0000	20.0000	1.394921800
350.0000	70.0000	20.0000	2.964765500
360.0000	70.0000	20.0000	1.000000000
0.0000	80.0000	20.0000	0.287768600
10.0000	80.0000	20.0000	0.428174000
20.0000	80.0000	20.0000	1.144485100
30.0000	80.0000	20.0000	0.753525260
40.0000	80.0000	20.0000	0.724440160
50.0000	80.0000	20.0000	0.413950200
60.0000	80.0000	20.0000	0.236634170
70.0000	80.0000	20.0000	0.381813020
80.0000	80.0000	20.0000	0.606532750
90.0000	80.0000	20.0000	0.341390670
100.0000	80.0000	20.0000	0.241544350
110.0000	80.0000	20.0000	0.435872020
120.0000	80.0000	20.0000	0.528255800
130.0000	80.0000	20.0000	0.451465220
140.0000	80.0000	20.0000	0.535334350
150.0000	80.0000	20.0000	0.781040430
160.0000	80.0000	20.0000	3.153948500
170.0000	80.0000	20.0000	9.174273000
180.0000	80.0000	20.0000	5.836041000
190.0000	80.0000	20.0000	5.825304000
200.0000	80.0000	20.0000	2.704522000
210.0000	80.0000	20.0000	0.996724400
220.0000	80.0000	20.0000	0.632344100
230.0000	80.0000	20.0000	0.411182050
240.0000	80.0000	20.0000	0.238765280
250.0000	80.0000	20.0000	0.504363600
260.0000	80.0000	20.0000	0.296848950
270.0000	80.0000	20.0000	0.297693070
280.0000	80.0000	20.0000	0.433909860
290.0000	80.0000	20.0000	0.612897700
300.0000	80.0000	20.0000	0.482430340
310.0000	80.0000	20.0000	0.609992740
320.0000	80.0000	20.0000	0.701114900
330.0000	80.0000	20.0000	0.907481430
340.0000	80.0000	20.0000	1.659017800
350.0000	80.0000	20.0000	4.440773500
360.0000	80.0000	20.0000	1.000000000
0.0000	90.0000	20.0000	4.517189000
10.0000	90.0000	20.0000	2.305112000
20.0000	90.0000	20.0000	3.599668300
30.0000	90.0000	20.0000	0.616569200
40.0000	90.0000	20.0000	0.610028900
50.0000	90.0000	20.0000	0.168329980
60.0000	90.0000	20.0000	0.109479280
70.0000	90.0000	20.0000	0.305331020
80.0000	90.0000	20.0000	0.836404800
90.0000	90.0000	20.0000	0.576771140
100.0000	90.0000	20.0000	0.456091520
110.0000	90.0000	20.0000	1.019033600
120.0000	90.0000	20.0000	0.939444360
130.0000	90.0000	20.0000	0.679959060
140.0000	90.0000	20.0000	0.711512860
150.0000	90.0000	20.0000	0.973591270
160.0000	90.0000	20.0000	4.837047600
170.0000	90.0000	20.0000	13.127510000
180.0000	90.0000	20.0000	12.932136000
190.0000	90.0000	20.0000	14.893146000
200.0000	90.0000	20.0000	3.181714500
210.0000	90.0000	20.0000	0.880229800
220.0000	90.0000	20.0000	0.547259330
230.0000	90.0000	20.0000	0.378109780
240.0000	90.0000	20.0000	0.434276880
250.0000	90.0000	20.0000	0.856816800
260.0000	90.0000	20.0000	0.445280580
270.0000	90.0000	20.0000	0.437229400
280.0000	90.0000	20.0000	0.857578200
290.0000	90.0000	20.0000	1.895262200
300.0000	90.0000	20.0000	0.438705650
310.0000	90.0000	20.0000	0.310373160
320.0000	90.0000	20.0000	0.412686380
330.0000	90.0000	20.0000	0.762674600
340.0000	90.0000	20.0000	1.857449200
350.0000	90.0000	20.0000	5.002650700
360.0000	90.0000	20.0000	1.000000000
0.0000	0.0000	30.0000	1.000000000
10.0000	0.0000	30.0000	1.000000000
20.0000	0.0000	30.0000	1.000000000
30.0000	0.0000	30.0000	1.000000000
40.0000	0.0000	30.0000	1.000000000
50.0000	0.0000	30.0000	1.000000000
60.0000	0.0000	30.0000	1.000000000
70.0000	0.0000	30.0000	1.000000000
80.0000	0.0000	30.0000	1.000000000
90.0000	0.0000	30.0000	1.000000000
100.0000	0.0000	30.0000	1.000000000
110.0000	0.0000	30.0000	1.000000000
120.0000	0.0000	30.0000	1.000000000
130.0000	0.0000	30.0000	1.000000000
140.0000	0.0000	30.0000	1.000000000
150.0000	0.0000	30.0000	1.000000000
160.0000	0.0000	30.0000	1.000000000
170.0000	0.0000	30.0000	1.000000000
180.0000	0.0000	30.0000	1.000000000
190.0000	0.0000	30.0000	1.000000000
200.0000	0.0000	30.0000	1.000000000
210.0000	0.0000	30.0000	1.000000000
220.0000	0.0000	30.0000	1.000000000
230.0000	0.0000	30.0000	1.000000000
240.0000	0.0000	30.0000	1.000000000
250.0000	0.0000	30.0000	1.000000000
260.0000	0.0000	30.0000	1.000000000
270.0000	0.0000	30.0000	1.000000000
280.0000	0.0000	30.0000	1.000000000
290.0000	0.0000	30.0000	1.000000000
300.0000	0.0000	30.0000	1.000000000
310.0000	0.0000	30.0000	1.000000000
320.0000	0.0000	30.0000	1.000000000
330.0000	0.0000	30.0000	1.000000000
340.0000	0.0000	30.0000	1.000000000
350.0000	0.0000	30.0000	1.000000000
360.0000	0.0000	30.0000	1.000000000
0.0000	10.0000	30.0000	0.489146980
10.0000	10.0000	30.0000	0.586396040
20.0000	10.0000	30.0000	4.566782000
30.0000	10.0000	30.0000	0.280566570
40.0000	10.0000	30.0000	0.635393100
50.0000	10.0000	30.0000	0.199630470
60.0000	10.0000	30.0000	0.100104816
70.0000	10.0000	30.0000	0.361041800
80.0000	10.0000	30.0000	0.855596800
90.0000	10.0000	30.0000	0.486812260
100.0000	10.0000	30.0000	0.889216800
110.0000	10.0000	30.0000	0.606298500
120.0000	10.0000	30.0000	0.089648830
130.0000	10.0000	30.0000	0.147790550
140.0000	10.0000	30.0000	0.483106400
150.0000	10.0000	30.0000	0.163664830
160.0000	10.0000	30.0000	1.720221500
170.0000	10.0000	30.0000	2.011918500
180.0000	10.0000	30.0000	0.773943100
190.0000	10.0000	30.0000	2.841033200
200.0000	10.0000	30.0000	5.233792000
210.0000	10.0000	30.0000	0.139679980
220.0000	10.0000	30.0000	0.442436250
230.0000	10.0000	30.0000	0.138392840
240.0000	10.0000	30.0000	0.166616250
250.0000	10.0000	30.0000	1.007830300
260.0000	10.0000	30.0000	0.476737500
270.0000	10.0000	30.0000	0.275926300
280.0000	10.0000	30.0000	0.598494100
290.0000	10.0000	30.0000	0.931122200
300.0000	10.0000	30.0000	0.114760860
310.0000	10.0000	30.0000	0.109278680
320.0000	10.0000	30.0000	0.577404000
330.0000	10.0000	30.0000	0.299018560
340.0000	10.0000	30.0000	3.638052700
350.0000	10.0000	30.0000	5.441126300
360.0000	10.0000	30.0000	1.000000000
0.0000	20.0000	30.0000	1.390201400
10.0000	20.0000	30.0000	1.881963000
20.0000	20.0000	30.0000	1.351886900
30.0000	20.0000	30.0000	0.897088900
40.0000	20.0000	30.0000	1.040206700
50.0000	20.0000	30.0000	0.597804370
60.0000	20.0000	30.0000	0.770264200
70.0000	20.0000	30.0000	1.234833200
80.0000	20.0000	30.0000	3.020545500
90.0000	20.0000	30.0000	3.801345600
100.0000	20.0000	30.0000	3.593190400
110.0000	20.0000	30.0000	1.737049700
120.0000	20.0000	30.0000	0.584124300
130.0000	20.0000	30.0000	0.500207600
140.0000	20.0000	30.0000	0.852866700
150.0000	20.0000	30.0000	0.533646700
160.0000	20.0000	30.0000	0.793549660
170.0000	20.0000	30.0000	1.206870800
180.0000	20.0000	30.0000	0.645978150
190.0000	20.0000	30.0000	2.461471600
200.0000	20.0000	30.0000	1.562945400
210.0000	20.0000	30.0000	0.486565080
220.0000	20.0000	30.0000	0.702236300
230.0000	20.0000	30.0000	0.361600500
240.0000	20.0000	30.0000	0.502266600
250.0000	20.0000	30.0000	1.315356900
260.0000	20.0000	30.0000	1.620102300
270.0000	20.0000	30.0000	1.240597200
280.0000	20.0000	30.0000	1.477390400
290.0000	20.0000	30.0000	1.724682600
300.0000	20.0000	30.0000	0.516817030
310.0000	20.0000	30.0000	0.290919200
320.0000	20.0000	30.0000	0.571216300
330.0000	20.0000	30.0000	0.437807530
340.0000	20.0000	30.0000	1.491424000
350.0000	20.0000	30.0000	0.997198000
360.0000	20.0000	30.0000	1.000000000
0.0000	30.0000	30.0000	1.143161400
10.0000	30.0000	30.0000	1.669670600
20.0000	30.0000	30.0000	1.136815000
30.0000	30.0000	30.0000	0.751858350
40.0000	30.0000	30.0000	0.547694440
50.0000	30.0000	30.0000	0.355853230
60.0000	30.0000	30.0000	0.615626800
70.0000	30.0000	30.0000	0.689148100
80.0000	30.0000	30.0000	1.434404300
90.0000	30.0000	30.0000	2.634663000
100.0000	30.0000	30.0000	2.193030800
110.0000	30.0000	30.0000	1.107717600
120.0000	30.0000	30.0000	0.610779600
130.0000	30.0000	30.0000	0.427185030
140.0000	30.0000	30.0000	1.593587400
150.0000	30.0000	30.0000	2.237627000
160.0000	30.0000	30.0000	1.754760000
170.0000	30.0000	30.0000	1.728091600
180.0000	30.0000	30.0000	0.879119750
190.0000	30.0000	30.0000	0.873655560
200.0000	30.0000	30.0000	1.010688800
210.0000	30.0000	30.0000	2.002576800
220.0000	30.0000	30.0000	1.913832200
230.0000	30.0000	30.0000	0.538230200
240.0000	30.0000	30.0000	0.671771400
250.0000	30.0000	30.0000	0.975941600
260.0000	30.0000	30.0000	1.522040600
270.0000	30.0000	30.0000	1.773487300
280.0000	30.0000	30.0000	2.185885700
290.0000	30.0000	30.0000	2.392787500
300.0000	30.0000	30.0000	0.613166400
310.0000	30.0000	30.0000	0.185400900
320.0000	30.0000	30.0000	0.372992250
330.0000	30.0000	30.0000	0.504348750
340.0000	30.0000	30.0000	0.950406430
350.0000	30.0000	30.0000	1.479404300
360.0000	30.0000	30.0000	1.000000000
0.0000	40.0000	30.0000	0.264122160
10.0000	40.0000	30.0000	0.494412100
20.0000	40.0000	30.0000	1.217529800
30.0000	40.0000	30.0000	0.872953950
40.0000	40.0000	30.0000	0.538654860
50.0000	40.0000	30.0000	0.465045200
60.0000	40.0000	30.0000	0.501918140
70.0000	40.0000	30.0000	0.393622280
80.0000	40.0000	30.0000	0.197206260
90.0000	40.0000	30.0000	0.173755230
100.0000	40.0000	30.0000	0.367788050
110.0000	40.0000	30.0000	0.567842540
120.0000	40.0000	30.0000	0.585771400
130.0000	40.0000	30.0000	0.459819820
140.0000	40.0000	30.0000	0.805503700
150.0000	40.0000	30.0000	1.272077700
160.0000	40.0000	30.0000	2.342038900
170.0000	40.0000	30.0000	0.821069840
180.0000	40.0000	30.0000	0.719453800
190.0000	40.0000	30.0000	1.523025300
200.0000	40.0000	30.0000	1.859748000
210.0000	40.0000	30.0000	1.953146000
220.0000	40.0000	30.0000	1.188760000
230.0000	40.0000	30.0000	0.616861300
240.0000	40.0000	30.0000	0.702394840
250.0000	40.0000	30.0000	1.009845900
260.0000	40.0000	30.0000	0.564035240
270.0000	40.0000	30.0000	0.533272500
280.0000	40.0000	30.0000	1.237496600
290.0000	40.0000	30.0000	1.179049000
300.0000	40.0000	30.0000	0.483292550
310.0000	40.0000	30.0000	0.346932620
320.0000	40.0000	30.0000	0.704657200
330.0000	40.0000	30.0000	0.769985300
340.0000	40.0000	30.0000	1.234729600
350.0000	40.0000	30.0000	1.112660900
360.0000	40.0000	30.0000	1.000000000
0.0000	50.0000	30.0000	1.141032100
10.0000	50.0000	30.0000	1.426118000
20.0000	50.0000	30.0000	1.592121000
30.0000	50.0000	30.0000	1.364558100
40.0000	50.0000	30.0000	1.233758900
50.0000	50.0000	30.0000	1.501218300
60.0000	50.0000	30.0000	1.558112300
70.0000	50.0000	30.0000	1.132937900
80.0000	50.0000	30.0000	0.451224700
90.0000	50.0000	30.0000	0.211922150
100.0000	50.0000	30.0000	0.656860400
110.0000	50.0000	30.0000	1.086811400
120.0000	50.0000	30.0000	1.273511300
130.0000	50.0000	30.0000	0.943671100
140.0000	50.0000	30.0000	0.972067700
150.0000	50.0000	30.0000	1.499380400
160.0000	50.0000	30.0000	2.482338700
170.0000	50.0000	30.0000	1.200692900
180.0000	50.0000	30.0000	0.935057000
190.0000	50.0000	30.0000	1.963968400
200.0000	50.0000	30.0000	2.139469600
210.0000	50.0000	30.0000	1.209451200
220.0000	50.0000	30.0000	0.982457040
230.0000	50.0000	30.0000	0.624034800
240.0000	50.0000	30.0000	0.589786400
250.0000	50.0000	30.0000	0.380292120
260.0000	50.0000	30.0000	0.288630220
270.0000	50.0000	30.0000	0.376817550
280.0000	50.0000	30.0000	0.742097700
290.0000	50.0000	30.0000	0.533436060
300.0000	50.0000	30.0000	0.394602240
310.0000	50.0000	30.0000	0.590378900
320.0000	50.0000	30.0000	1.772720600
330.0000	50.0000	30.0000	1.302970800
340.0000	50.0000	30.0000	1.446758500
350.0000	50.0000	30.0000	1.378217100
360.0000	50.0000	30.0000	1.000000000
0.0000	60.0000	30.0000	0.753161400
10.0000	60.0000	30.0000	1.006352400
20.0000	60.0000	30.0000	2.686698700
30.0000	60.0000	30.0000	1.555221700
40.0000	60.0000	30.0000	1.434700700
50.0000	60.0000	30.0000	1.750296100
60.0000	60.0000	30.0000	0.968339260
70.0000	60.0000	30.0000	0.834835650
80.0000	60.0000	30.0000	0.516945000
90.0000	60.0000	30.0000	0.111129970
100.0000	60.0000	30.0000	0.245799290
110.0000	60.0000	30.0000	0.411207440
120.0000	60.0000	30.0000	0.642519000
130.0000	60.0000	30.0000	1.308761700
140.0000	60.0000	30.0000	2.444919800
150.0000	60.0000	30.0000	2.701765800
160.0000	60.0000	30.0000	3.301702300
170.0000	60.0000	30.0000	2.354886800
180.0000	60.0000	30.0000	1.203014400
190.0000	60.0000	30.0000	1.861858100
200.0000	60.0000	30.0000	2.103560700
210.0000	60.0000	30.0000	1.106171600
220.0000	60.0000	30.0000	1.695487400
230.0000	60.0000	30.0000	1.089305300
240.0000	60.0000	30.0000	0.495975170
250.0000	60.0000	30.0000	0.249058230
260.0000	60.0000	30.0000	0.218711390
270.0000	60.0000	30.0000	0.199470950
280.0000	60.0000	30.0000	0.291807530
290.0000	60.0000	30.0000	0.501422760
300.0000	60.0000	30.0000	0.577982370
310.0000	60.0000	30.0000	0.767589150
320.0000	60.0000	30.0000	1.672092400
330.0000	60.0000	30.0000	1.461185300
340.0000	60.0000	30.0000	1.673553800
350.0000	60.0000	30.0000	2.219323000
360.0000	60.0000	30.0000	1.000000000
0.0000	70.0000	30.0000	1.462477900
10.0000	70.0000	30.0000	1.739057900
20.0000	70.0000	30.0000	3.426871800
30.0000	70.0000	30.0000	1.755976400
40.0000	70.0000	30.0000	1.233902700
50.0000	70.0000	30.0000	1.100944300
60.0000	70.0000	30.0000	0.678676660
70.0000	70.0000	30.0000	0.679167450
80.0000	70.0000	30.0000	0.210423350
90.0000	70.0000	30.0000	0.044323567
100.0000	70.0000	30.0000	0.075905720
110.0000	70.0000	30.0000	0.150904850
120.0000	70.0000	30.0000	0.290266280
130.0000	70.0000	30.0000	0.638314200
140.0000	70.0000	30.0000	1.185077300
150.0000	70.0000	30.0000	1.605481600
160.0000	70.0000	30.0000	4.007172600
170.0000	70.0000	30.0000	3.191104200
180.0000	70.0000	30.0000	1.265856900
190.0000	70.0000	30.0000	2.186423800
200.0000	70.0000	30.0000	2.728982700
210.0000	70.0000	30.0000	1.046270600
220.0000	70.0000	30.0000	1.132377600
230.0000	70.0000	30.0000	0.561394400
240.0000	70.0000	30.0000	0.284770760
250.0000	70.0000	30.0000	0.527518100
260.0000	70.0000	30.0000	0.196662370
270.0000	70.0000	30.0000	0.092365160
280.0000	70.0000	30.0000	0.143854500
290.0000	70.0000	30.0000	0.356858370
300.0000	70.0000	30.0000	0.811480340
310.0000	70.0000	30.0000	2.367651000
320.0000	70.0000	30.0000	2.248181300
330.0000	70.0000	30.0000	1.252905700
340.0000	70.0000	30.0000	2.953870300
350.0000	70.0000	30.0000	4.254099000
360.0000	70.0000	30.0000	1.000000000
0.0000	80.0000	30.0000	0.871838200
10.0000	80.0000	30.0000	1.553475700
20.0000	80.0000	30.0000	4.597747300
30.0000	80.0000	30.0000	1.394061000
40.0000	80.0000	30.0000	0.968406300
50.0000	80.0000	30.0000	0.667241800
60.0000	80.0000	30.0000	0.562401650
70.0000	80.0000	30.0000	0.694118000
80.0000	80.0000	30.0000	0.542123700
90.0000	80.0000	30.0000	0.324942100
100.0000	80.0000	30.0000	0.309712020
110.0000	80.0000	30.0000	0.513312460
120.0000	80.0000	30.0000	0.475605300
130.0000	80.0000	30.0000	0.624577760
140.0000	80.0000	30.0000	0.983312250
150.0000	80.0000	30.0000	1.302740100
160.0000	80.0000	30.0000	4.447921300
170.0000	80.0000	30.0000	8.065333000
180.0000	80.0000	30.0000	6.170059000
190.0000	80.0000	30.0000	7.914653300
200.0000	80.0000	30.0000	4.161439000
210.0000	80.0000	30.0000	1.189175500
220.0000	80.0000	30.0000	0.860608640
230.0000	80.0000	30.0000	0.403987080
240.0000	80.0000	30.0000	0.275945220
250.0000	80.0000	30.0000	0.698416650
260.0000	80.0000	30.0000	0.304764480
270.0000	80.0000	30.0000	0.199991150
280.0000	80.0000	30.0000	0.350887600
290.0000	80.0000	30.0000	0.676289860
300.0000	80.0000	30.0000	0.515024700
310.0000	80.0000	30.0000	1.025909800
320.0000	80.0000	30.0000	1.034531500
330.0000	80.0000	30.0000	0.905269860
340.0000	80.0000	30.0000	2.892507300
350.0000	80.0000	30.0000	8.890419000
360.0000	80.0000	30.0000	1.000000000
0.0000	90.0000	30.0000	9.888962000
10.0000	90.0000	30.0000	6.007067700
20.0000	90.0000	30.0000	8.004153000
30.0000	90.0000	30.0000	1.553409100
40.0000	90.0000	30.0000	1.345421700
50.0000	90.0000	30.0000	0.951432940
60.0000	90.0000	30.0000	0.721323970
70.0000	90.0000	30.0000	0.796607550
80.0000	90.0000	30.0000	0.799935100
90.0000	90.0000	30.0000	0.730335500
100.0000	90.0000	30.0000	1.054747000
110.0000	90.0000	30.0000	1.706410000
120.0000	90.0000	30.0000	1.016257900
130.0000	90.0000	30.0000	1.395505300
140.0000	90.0000	30.0000	1.928759000
150.0000	90.0000	30.0000	1.903925300
160.0000	90.0000	30.0000	5.541965000
170.0000	90.0000	30.0000	11.605141000
180.0000	90.0000	30.0000	11.847179000
190.0000	90.0000	30.0000	16.367102000
200.0000	90.0000	30.0000	5.007797200
210.0000	90.0000	30.0000	1.521477800
220.0000	90.0000	30.0000	1.182294000
230.0000	90.0000	30.0000	0.821661900
240.0000	90.0000	30.0000	0.625776700
250.0000	90.0000	30.0000	0.757918700
260.0000	90.0000	30.0000	0.380898540
270.0000	90.0000	30.0000	0.356522770
280.0000	90.0000	30.0000	1.000015500
290.0000	90.0000	30.0000	1.143787500
300.0000	90.0000	30.0000	0.435356680
310.0000	90.0000	30.0000	0.624935870
320.0000	90.0000	30.0000	0.720128500
330.0000	90.0000	30.0000	0.916737400
340.0000	90.0000	30.0000	2.490456800
350.0000	90.0000	30.0000	10.408469000
360.0000	90.0000	30.0000	1.000000000
0.0000	0.0000	40.0000	1.000000000
10.0000	0.0000	40.0000	1.000000000
20.0000	0.0000	40.0000	1.000000000
30.0000	0.0000	40.0000	1.000000000
40.0000	0.0000	40.0000	1.000000000
50.0000	0.0000	40.0000	1.000000000
60.0000	0.0000	40.0000	1.000000000
70.0000	0.0000	40.0000	1.000000000
80.0000	0.0000	40.0000	1.000000000
90.0000	0.0000	40.0000	1.000000000
100.0000	0.0000	40.0000	1.000000000
110.0000	0.0000	40.0000	1.000000000
120.0000	0.0000	40.0000	1.000000000
130.0000	0.0000	40.0000	1.000000000
140.0000	0.0000	40.0000	1.000000000
150.0000	0.0000	40.0000	1.000000000
160.0000	0.0000	40.0000	1.000000000
170.0000	0.0000	40.0000	1.000000000
180.0000	0.0000	40.0000	1.000000000
190.0000	0.0000	40.0000	1.000000000
200.0000	0.0000	40.0000	1.000000000
210.0000	0.0000	40.0000	1.000000000
220.0000	0.0000	40.0000	1.000000000
230.0000	0.0000	40.0000	1.000000000
240.0000	0.0000	40.0000	1.000000000
250.0000	0.0000	40.0000	1.000000000
260.0000	0.0000	40.0000	1.000000000
270.0000	0.0000	40.0000	1.000000000
280.0000	0.0000	40.0000	1.000000000
290.0000	0.0000	40.0000	1.000000000
300.0000	0.0000	40.0000	1.000000000
310.0000	0.0000	40.0000	1.000000000
320.0000	0.0000	40.0000	1.000000000
330.0000	0.0000	40.0000	1.000000000
340.0000	0.0000	40.0000	1.000000000
350.0000	0.0000	40.0000	1.000000000
360.0000	0.0000	40.0000	1.000000000
0.0000	10.0000	40.0000	0.507323600
10.0000	10.0000	40.0000	0.661759400
20.0000	10.0000	40.0000	4.783990400
30.0000	10.0000	40.0000	0.313247950
40.0000	10.0000	40.0000	0.263722060
50.0000	10.0000	40.0000	0.102419670
60.0000	10.0000	40.0000	0.299833000
70.0000	10.0000	40.0000	1.093144400
80.0000	10.0000	40.0000	0.773943900
90.0000	10.0000	40.0000	0.351559300
100.0000	10.0000	40.0000	0.316805720
110.0000	10.0000	40.0000	0.225274070
120.0000	10.0000	40.0000	0.819432740
130.0000	10.0000	40.0000	1.030528900
140.0000	10.0000	40.0000	0.265038500
150.0000	10.0000	40.0000	0.148810820
160.0000	10.0000	40.0000	1.127951000
170.0000	10.0000	40.0000	1.120989900
180.0000	10.0000	40.0000	1.286381600
190.0000	10.0000	40.0000	4.164439700
200.0000	10.0000	40.0000	3.254705700
210.0000	10.0000	40.0000	0.378866760
220.0000	10.0000	40.0000	0.287885900
230.0000	10.0000	40.0000	0.082243710
240.0000	10.0000	40.0000	0.286979700
250.0000	10.0000	40.0000	0.564544100
260.0000	10.0000	40.0000	0.760712300
270.0000	10.0000	40.0000	0.820889650
280.0000	10.0000	40.0000	0.362872100
290.0000	10.0000	40.0000	0.247625040
300.0000	10.0000	40.0000	0.434199960
310.0000	10.0000	40.0000	0.705996500
320.0000	10.0000	40.0000	0.931570950
330.0000	10.0000	40.0000	0.322971020
340.0000	10.0000	40.0000	2.809281800
350.0000	10.0000	40.0000	2.664325000
360.0000	10.0000	40.0000	1.000000000
0.0000	20.0000	40.0000	1.409607400
10.0000	20.0000	40.0000	2.344459300
20.0000	20.0000	40.0000	1.244478800
30.0000	20.0000	40.0000	0.392858000
40.0000	20.0000	40.0000	0.203325850
50.0000	20.0000	40.0000	0.123242190
60.0000	20.0000	40.0000	0.339431500
70.0000	20.0000	40.0000	1.904493500
80.0000	20.0000	40.0000	1.225399100
90.0000	20.0000	40.0000	0.650842130
100.0000	20.0000	40.0000	0.683017850
110.0000	20.0000	40.0000	0.394518170
120.0000	20.0000	40.0000	0.764493700
130.0000	20.0000	40.0000	1.459552900
140.0000	20.0000	40.0000	0.505962100
150.0000	20.0000	40.0000	0.538915460
160.0000	20.0000	40.0000	0.748008550
170.0000	20.0000	40.0000	0.719255600
180.0000	20.0000	40.0000	0.748303800
190.0000	20.0000	40.0000	2.849209800
200.0000	20.0000	40.0000	0.886506300
210.0000	20.0000	40.0000	0.395005200
220.0000	20.0000	40.0000	0.138283680
230.0000	20.0000	40.0000	0.057993390
240.0000	20.0000	40.0000	0.182354550
250.0000	20.0000	40.0000	0.960415900
260.0000	20.0000	40.0000	1.248175000
270.0000	20.0000	40.0000	0.740385200
280.0000	20.0000	40.0000	0.416217570
290.0000	20.0000	40.0000	0.519494950
300.0000	20.0000	40.0000	0.429522300
310.0000	20.0000	40.0000	1.183236800
320.0000	20.0000	40.0000	0.763332300
330.0000	20.0000	40.0000	0.413906570
340.0000	20.0000	40.0000	0.953905940
350.0000	20.0000	40.0000	0.427704600
360.0000	20.0000	40.0000	1.000000000
0.0000	30.0000	40.0000	1.423746100
10.0000	30.0000	40.0000	1.781783900
20.0000	30.0000	40.0000	0.471609700
30.0000	30.0000	40.0000	0.328979100
40.0000	30.0000	40.0000	0.249834240
50.0000	30.0000	40.0000	0.733101370
60.0000	30.0000	40.0000	0.880100550
70.0000	30.0000	40.0000	0.765026100
80.0000	30.0000	40.0000	0.739420900
90.0000	30.0000	40.0000	0.650166500
100.0000	30.0000	40.0000	0.841700100
110.0000	30.0000	40.0000	0.580270470
120.0000	30.0000	40.0000	0.599066560
130.0000	30.0000	40.0000	0.530936840
140.0000	30.0000	40.0000	0.942166860
150.0000	30.0000	40.0000	1.001515900
160.0000	30.0000	40.0000	0.353918300
170.0000	30.0000	40.0000	0.437687670
180.0000	30.0000	40.0000	0.782393200
190.0000	30.0000	40.0000	0.850067730
200.0000	30.0000	40.0000	0.994717840
210.0000	30.0000	40.0000	0.988444800
220.0000	30.0000	40.0000	0.447300850
230.0000	30.0000	40.0000	0.374964700
240.0000	30.0000	40.0000	0.656741000
250.0000	30.0000	40.0000	0.879099670
260.0000	30.0000	40.0000	0.622850700
270.0000	30.0000	40.0000	0.427701150
280.0000	30.0000	40.0000	0.771654200
290.0000	30.0000	40.0000	1.125595100
300.0000	30.0000	40.0000	0.857597800
310.0000	30.0000	40.0000	0.658443300
320.0000	30.0000	40.0000	0.514289260
330.0000	30.0000	40.0000	0.677902200
340.0000	30.0000	40.0000	0.637642300
350.0000	30.0000	40.0000	0.538497150
360.0000	30.0000	40.0000	1.000000000
0.0000	40.0000	40.0000	0.213002600
10.0000	40.0000	40.0000	0.321011600
20.0000	40.0000	40.0000	0.618435100
30.0000	40.0000	40.0000	0.789861000
40.0000	40.0000	40.0000	0.481407230
50.0000	40.0000	40.0000	1.874474500
60.0000	40.0000	40.0000	1.303474400
70.0000	40.0000	40.0000	0.362223770
80.0000	40.0000	40.0000	0.295668930
90.0000	40.0000	40.0000	0.401570700
100.0000	40.0000	40.0000	0.481446420
110.0000	40.0000	40.0000	0.715172500
120.0000	40.0000	40.0000	0.626342060
130.0000	40.0000	40.0000	0.916545000
140.0000	40.0000	40.0000	2.064087600
150.0000	40.0000	40.0000	1.854366500
160.0000	40.0000	40.0000	0.531999350
170.0000	40.0000	40.0000	0.171475740
180.0000	40.0000	40.0000	0.642475400
190.0000	40.0000	40.0000	2.276352600
200.0000	40.0000	40.0000	1.163615500
210.0000	40.0000	40.0000	0.607457760
220.0000	40.0000	40.0000	0.547457340
230.0000	40.0000	40.0000	1.014828700
240.0000	40.0000	40.0000	1.004458200
250.0000	40.0000	40.0000	1.416917400
260.0000	40.0000	40.0000	0.687530930
270.0000	40.0000	40.0000	0.544057700
280.0000	40.0000	40.0000	0.587686900
290.0000	40.0000	40.0000	0.616581140
300.0000	40.0000	40.0000	0.332411140
310.0000	40.0000	40.0000	0.312670860
320.0000	40.0000	40.0000	0.837326100
330.0000	40.0000	40.0000	1.091981900
340.0000	40.0000	40.0000	0.499075060
350.0000	40.0000	40.0000	0.194716110
360.0000	40.0000	40.0000	1.000000000
0.0000	50.0000	40.0000	0.707462550
10.0000	50.0000	40.0000	0.790905950
20.0000	50.0000	40.0000	0.681950100
30.0000	50.0000	40.0000	0.797446500
40.0000	50.0000	40.0000	0.656163000
50.0000	50.0000	40.0000	0.973445060
60.0000	50.0000	40.0000	1.090541600
70.0000	50.0000	40.0000	0.536775000
80.0000	50.0000	40.0000	0.481051360
90.0000	50.0000	40.0000	0.660798300
100.0000	50.0000	40.0000	0.596353950
110.0000	50.0000	40.0000	1.020637600
120.0000	50.0000	40.0000	1.193347300
130.0000	50.0000	40.0000	1.754744800
140.0000	50.0000	40.0000	3.107063800
150.0000	50.0000	40.0000	2.311741400
160.0000	50.0000	40.0000	0.691359340
170.0000	50.0000	40.0000	0.212858230
180.0000	50.0000	40.0000	0.732271700
190.0000	50.0000	40.0000	1.709320800
200.0000	50.0000	40.0000	0.527901530
210.0000	50.0000	40.0000	0.396967500
220.0000	50.0000	40.0000	0.710146800
230.0000	50.0000	40.0000	0.892466600
240.0000	50.0000	40.0000	0.636388100
250.0000	50.0000	40.0000	0.528615900
260.0000	50.0000	40.0000	0.523554500
270.0000	50.0000	40.0000	0.700203500
280.0000	50.0000	40.0000	0.702161430
290.0000	50.0000	40.0000	0.334896330
300.0000	50.0000	40.0000	0.198512080
310.0000	50.0000	40.0000	0.547653200
320.0000	50.0000	40.0000	1.934323400
330.0000	50.0000	40.0000	2.046047200
340.0000	50.0000	40.0000	0.837935600
350.0000	50.0000	40.0000	0.167194220
360.0000	50.0000	40.0000	1.000000000
0.0000	60.0000	40.0000	0.534266650
10.0000	60.0000	40.0000	0.708818400
20.0000	60.0000	40.0000	0.959675850
30.0000	60.0000	40.0000	0.885901030
40.0000	60.0000	40.0000	1.432922700
50.0000	60.0000	40.0000	1.734161300
60.0000	60.0000	40.0000	0.667871360
70.0000	60.0000	40.0000	0.383791000
80.0000	60.0000	40.0000	0.485231640
90.0000	60.0000	40.0000	0.407634230
100.0000	60.0000	40.0000	0.514691050
110.0000	60.0000	40.0000	0.824555600
120.0000	60.0000	40.0000	0.704179350
130.0000	60.0000	40.0000	1.424366800
140.0000	60.0000	40.0000	1.497343900
150.0000	60.0000	40.0000	0.902996540
160.0000	60.0000	40.0000	0.596651430
170.0000	60.0000	40.0000	0.440801980
180.0000	60.0000	40.0000	0.779760900
190.0000	60.0000	40.0000	1.108403900
200.0000	60.0000	40.0000	0.515899700
210.0000	60.0000	40.0000	0.505537450
220.0000	60.0000	40.0000	0.716808800
230.0000	60.0000	40.0000	0.448549400
240.0000	60.0000	40.0000	0.295685300
250.0000	60.0000	40.0000	0.164010140
260.0000	60.0000	40.0000	0.087856180
270.0000	60.0000	40.0000	0.338025180
280.0000	60.0000	40.0000	1.291302200
290.0000	60.0000	40.0000	0.767219900
300.0000	60.0000	40.0000	0.579602100
310.0000	60.0000	40.0000	1.274989000
320.0000	60.0000	40.0000	1.983722800
330.0000	60.0000	40.0000	1.528873100
340.0000	60.0000	40.0000	1.034536600
350.0000	60.0000	40.0000	0.437119870
360.0000	60.0000	40.0000	1.000000000
0.0000	70.0000	40.0000	1.480297600
10.0000	70.0000	40.0000	1.967078000
20.0000	70.0000	40.0000	2.096664200
30.0000	70.0000	40.0000	1.503334200
40.0000	70.0000	40.0000	1.521998800
50.0000	70.0000	40.0000	1.124218200
60.0000	70.0000	40.0000	0.536746400
70.0000	70.0000	40.0000	0.302555100
80.0000	70.0000	40.0000	0.109247540
90.0000	70.0000	40.0000	0.100703630
100.0000	70.0000	40.0000	0.184071350
110.0000	70.0000	40.0000	0.333546250
120.0000	70.0000	40.0000	0.410650970
130.0000	70.0000	40.0000	0.616602200
140.0000	70.0000	40.0000	0.673156600
150.0000	70.0000	40.0000	0.800117300
160.0000	70.0000	40.0000	1.173906200
170.0000	70.0000	40.0000	0.710391200
180.0000	70.0000	40.0000	0.584669900
190.0000	70.0000	40.0000	1.253562800
200.0000	70.0000	40.0000	1.204095200
210.0000	70.0000	40.0000	0.710431200
220.0000	70.0000	40.0000	0.450357380
230.0000	70.0000	40.0000	0.217357300
240.0000	70.0000	40.0000	0.275253500
250.0000	70.0000	40.0000	0.383804320
260.0000	70.0000	40.0000	0.080922835
270.0000	70.0000	40.0000	0.132049700
280.0000	70.0000	40.0000	0.528380600
290.0000	70.0000	40.0000	0.734979600
300.0000	70.0000	40.0000	0.533313700
310.0000	70.0000	40.0000	1.214399300
320.0000	70.0000	40.0000	1.440151200
330.0000	70.0000	40.0000	0.884274900
340.0000	70.0000	40.0000	1.252527400
350.0000	70.0000	40.0000	1.234673400
360.0000	70.0000	40.0000	1.000000000
0.0000	80.0000	40.0000	0.583548960
10.0000	80.0000	40.0000	1.279844300
20.0000	80.0000	40.0000	3.222858200
30.0000	80.0000	40.0000	1.203737000
40.0000	80.0000	40.0000	0.701309900
50.0000	80.0000	40.0000	0.493269950
60.0000	80.0000	40.0000	0.754019500
70.0000	80.0000	40.0000	0.673788550
80.0000	80.0000	40.0000	0.295736100
90.0000	80.0000	40.0000	0.290304200
100.0000	80.0000	40.0000	0.413145960
110.0000	80.0000	40.0000	0.388920040
120.0000	80.0000	40.0000	0.241110400
130.0000	80.0000	40.0000	0.312002450
140.0000	80.0000	40.0000	0.571284600
150.0000	80.0000	40.0000	1.096924100
160.0000	80.0000	40.0000	3.649719200
170.0000	80.0000	40.0000	2.478321000
180.0000	80.0000	40.0000	2.055047300
190.0000	80.0000	40.0000	3.307865100
200.0000	80.0000	40.0000	2.383520600
210.0000	80.0000	40.0000	1.028003700
220.0000	80.0000	40.0000	0.409616380
230.0000	80.0000	40.0000	0.215433880
240.0000	80.0000	40.0000	0.361822460
250.0000	80.0000	40.0000	0.730237100
260.0000	80.0000	40.0000	0.302518550
270.0000	80.0000	40.0000	0.238408640
280.0000	80.0000	40.0000	0.388456500
290.0000	80.0000	40.0000	0.557506000
300.0000	80.0000	40.0000	0.269198480
310.0000	80.0000	40.0000	0.456119800
320.0000	80.0000	40.0000	0.783834000
330.0000	80.0000	40.0000	1.048160800
340.0000	80.0000	40.0000	2.236692400
350.0000	80.0000	40.0000	4.385077000
360.0000	80.0000	40.0000	1.000000000
0.0000	90.0000	40.0000	8.888026000
10.0000	90.0000	40.0000	4.155658200
20.0000	90.0000	40.0000	4.386302000
30.0000	90.0000	40.0000	1.392863400
40.0000	90.0000	40.0000	0.753855000
50.0000	90.0000	40.0000	0.610007760
60.0000	90.0000	40.0000	1.185353200
70.0000	90.0000	40.0000	0.963697400
80.0000	90.0000	40.0000	0.631840900
90.0000	90.0000	40.0000	0.470200700
100.0000	90.0000	40.0000	0.904115400
110.0000	90.0000	40.0000	0.851934600
120.0000	90.0000	40.0000	0.228924040
130.0000	90.0000	40.0000	0.358038220
140.0000	90.0000	40.0000	0.623045800
150.0000	90.0000	40.0000	0.956857200
160.0000	90.0000	40.0000	3.727348600
170.0000	90.0000	40.0000	3.345075400
180.0000	90.0000	40.0000	3.884599700
190.0000	90.0000	40.0000	6.479024000
200.0000	90.0000	40.0000	3.128144700
210.0000	90.0000	40.0000	1.365868300
220.0000	90.0000	40.0000	0.474148420
230.0000	90.0000	40.0000	0.280106220
240.0000	90.0000	40.0000	0.442031440
250.0000	90.0000	40.0000	0.515561640
260.0000	90.0000	40.0000	0.398533400
270.0000	90.0000	40.0000	0.367732000
280.0000	90.0000	40.0000	0.591871560
290.0000	90.0000	40.0000	0.686060550
300.0000	90.0000	40.0000	0.230889860
310.0000	90.0000	40.0000	0.244593160
320.0000	90.0000	40.0000	0.390924930
330.0000	90.0000	40.0000	0.894793300
340.0000	90.0000	40.0000	2.729670800
350.0000	90.0000	40.0000	11.377288000
360.0000	90.0000	40.0000	1.000000000
0.0000	0.0000	50.0000	1.000000000
10.0000	0.0000	50.0000	1.000000000
20.0000	0.0000	50.0000	1.000000000
30.0000	0.0000	50.0000	1.000000000
40.0000	0.0000	50.0000	1.000000000
50.0000	0.0000	50.0000	1.000000000
60.0000	0.0000	50.0000	1.000000000
70.0000	0.0000	50.0000	1.000000000
80.0000	0.0000	50.0000	1.000000000
90.0000	0.0000	50.0000	1.000000000
100.0000	0.0000	50.0000	1.000000000
110.0000	0.0000	50.0000	1.000000000
120.0000	0.0000	50.0000	1.000000000
130.0000	0.0000	50.0000	1.000000000
140.0000	0.0000	50.0000	1.000000000
150.0000	0.0000	50.0000	1.000000000
160.0000	0.0000	50.0000	1.000000000
170.0000	0.0000	50.0000	1.000000000
180.0000	0.0000	50.0000	1.000000000
190.0000	0.0000	50.0000	1.000000000
200.0000	0.0000	50.0000	1.000000000
210.0000	0.0000	50.0000	1.000000000
220.0000	0.0000	50.0000	1.000000000
230.0000	0.0000	50.0000	1.000000000
240.0000	0.0000	50.0000	1.000000000
250.0000	0.0000	50.0000	1.000000000
260.0000	0.0000	50.0000	1.000000000
270.0000	0.0000	50.0000	1.000000000
280.0000	0.0000	50.0000	1.000000000
290.0000	0.0000	50.0000	1.000000000
300.0000	0.0000	50.0000	1.000000000
310.0000	0.0000	50.0000	1.000000000
320.0000	0.0000	50.0000	1.000000000
330.0000	0.0000	50.0000	1.000000000
340.0000	0.0000	50.0000	1.000000000
350.0000	0.0000	50.0000	1.000000000
360.0000	0.0000	50.0000	1.000000000
0.0000	10.0000	50.0000	0.668180050
10.0000	10.0000	50.0000	0.827804270
20.0000	10.0000	50.0000	5.755455500
30.0000	10.0000	50.0000	0.196982520
40.0000	10.0000	50.0000	0.120925754
50.0000	10.0000	50.0000	0.273317200
60.0000	10.0000	50.0000	0.887196400
70.0000	10.0000	50.0000	0.749096200
80.0000	10.0000	50.0000	0.275021730
90.0000	10.0000	50.0000	0.180806580
100.0000	10.0000	50.0000	0.188931020
110.0000	10.0000	50.0000	0.544025840
120.0000	10.0000	50.0000	1.250820900
130.0000	10.0000	50.0000	0.750894100
140.0000	10.0000	50.0000	0.386544530
150.0000	10.0000	50.0000	0.188901290
160.0000	10.0000	50.0000	0.738491100
170.0000	10.0000	50.0000	2.146799000
180.0000	10.0000	50.0000	2.075358400
190.0000	10.0000	50.0000	3.293824000
200.0000	10.0000	50.0000	5.580748600
210.0000	10.0000	50.0000	0.254684570
220.0000	10.0000	50.0000	0.083333000
230.0000	10.0000	50.0000	0.128612800
240.0000	10.0000	50.0000	0.763532760
250.0000	10.0000	50.0000	1.483045700
260.0000	10.0000	50.0000	0.341561020
270.0000	10.0000	50.0000	0.289644660
280.0000	10.0000	50.0000	0.331424740
290.0000	10.0000	50.0000	0.688423100
300.0000	10.0000	50.0000	1.120570900
310.0000	10.0000	50.0000	1.703055900
320.0000	10.0000	50.0000	0.996981300
330.0000	10.0000	50.0000	0.341900830
340.0000	10.0000	50.0000	1.548407000
350.0000	10.0000	50.0000	3.028411900
360.0000	10.0000	50.0000	1.000000000
0.0000	20.0000	50.0000	2.050506600
10.0000	20.0000	50.0000	2.655888300
20.0000	20.0000	50.0000	0.900269270
30.0000	20.0000	50.0000	0.107879950
40.0000	20.0000	50.0000	0.121625250
50.0000	20.0000	50.0000	0.203374460
60.0000	20.0000	50.0000	0.522498970
70.0000	20.0000	50.0000	2.293124000
80.0000	20.0000	50.0000	0.795677300
90.0000	20.0000	50.0000	0.298616740
100.0000	20.0000	50.0000	0.532370100
110.0000	20.0000	50.0000	0.557082530
120.0000	20.0000	50.0000	1.308964400
130.0000	20.0000	50.0000	1.536094900
140.0000	20.0000	50.0000	0.655478800
150.0000	20.0000	50.0000	0.257367880
160.0000	20.0000	50.0000	0.222699760
170.0000	20.0000	50.0000	0.780303960
180.0000	20.0000	50.0000	0.654674500
190.0000	20.0000	50.0000	2.383115300
200.0000	20.0000	50.0000	1.232901100
210.0000	20.0000	50.0000	0.131188940
220.0000	20.0000	50.0000	0.133963940
230.0000	20.0000	50.0000	0.213488180
240.0000	20.0000	50.0000	0.306652500
250.0000	20.0000	50.0000	0.877582900
260.0000	20.0000	50.0000	0.943721350
270.0000	20.0000	50.0000	0.686669230
280.0000	20.0000	50.0000	1.046396900
290.0000	20.0000	50.0000	0.637363600
300.0000	20.0000	50.0000	0.666137640
310.0000	20.0000	50.0000	1.707026100
320.0000	20.0000	50.0000	0.629907200
330.0000	20.0000	50.0000	0.237194790
340.0000	20.0000	50.0000	0.252883820
350.0000	20.0000	50.0000	0.327010900
360.0000	20.0000	50.0000	1.000000000
0.0000	30.0000	50.0000	1.396940600
10.0000	30.0000	50.0000	1.524469000
20.0000	30.0000	50.0000	0.417032180
30.0000	30.0000	50.0000	0.134806200
40.0000	30.0000	50.0000	0.239294540
50.0000	30.0000	50.0000	0.807828370
60.0000	30.0000	50.0000	0.797666700
70.0000	30.0000	50.0000	1.330295000
80.0000	30.0000	50.0000	1.256738700
90.0000	30.0000	50.0000	0.713617600
100.0000	30.0000	50.0000	0.957430300
110.0000	30.0000	50.0000	0.866034200
120.0000	30.0000	50.0000	1.657673600
130.0000	30.0000	50.0000	1.478806600
140.0000	30.0000	50.0000	1.091664100
150.0000	30.0000	50.0000	0.322305860
160.0000	30.0000	50.0000	0.049850180
170.0000	30.0000	50.0000	0.433444320
180.0000	30.0000	50.0000	1.127135800
190.0000	30.0000	50.0000	1.708954700
200.0000	30.0000	50.0000	2.108510300
210.0000	30.0000	50.0000	0.291391520
220.0000	30.0000	50.0000	0.233907240
230.0000	30.0000	50.0000	0.841172300
240.0000	30.0000	50.0000	2.017533300
250.0000	30.0000	50.0000	1.806132300
260.0000	30.0000	50.0000	0.635600150
270.0000	30.0000	50.0000	0.515212800
280.0000	30.0000	50.0000	0.899805700
290.0000	30.0000	50.0000	0.981807400
300.0000	30.0000	50.0000	1.730707200
310.0000	30.0000	50.0000	2.623430300
320.0000	30.0000	50.0000	0.866151900
330.0000	30.0000	50.0000	0.283878620
340.0000	30.0000	50.0000	0.077422686
350.0000	30.0000	50.0000	0.329593120
360.0000	30.0000	50.0000	1.000000000
0.0000	40.0000	50.0000	0.234980960
10.0000	40.0000	50.0000	0.580737500
20.0000	40.0000	50.0000	1.371310800
30.0000	40.0000	50.0000	0.316974250
40.0000	40.0000	50.0000	0.502904950
50.0000	40.0000	50.0000	1.547301700
60.0000	40.0000	50.0000	1.150316800
70.0000	40.0000	50.0000	0.476082740
80.0000	40.0000	50.0000	0.585933150
90.0000	40.0000	50.0000	0.773866950
100.0000	40.0000	50.0000	0.534707800
110.0000	40.0000	50.0000	0.528728000
120.0000	40.0000	50.0000	0.955607950
130.0000	40.0000	50.0000	1.395941600
140.0000	40.0000	50.0000	2.036655000
150.0000	40.0000	50.0000	0.785211740
160.0000	40.0000	50.0000	0.060856550
170.0000	40.0000	50.0000	0.112369510
180.0000	40.0000	50.0000	1.202629000
190.0000	40.0000	50.0000	3.871353100
200.0000	40.0000	50.0000	1.409330700
210.0000	40.0000	50.0000	0.361438400
220.0000	40.0000	50.0000	0.369136720
230.0000	40.0000	50.0000	0.515481500
240.0000	40.0000	50.0000	1.371423500
250.0000	40.0000	50.0000	1.512250700
260.0000	40.0000	50.0000	0.828350540
270.0000	40.0000	50.0000	0.559391600
280.0000	40.0000	50.0000	0.499897450
290.0000	40.0000	50.0000	0.367883030
300.0000	40.0000	50.0000	0.512271500
310.0000	40.0000	50.0000	1.103260400
320.0000	40.0000	50.0000	0.943064200
330.0000	40.0000	50.0000	0.482601760
340.0000	40.0000	50.0000	0.103723034
350.0000	40.0000	50.0000	0.180382880
360.0000	40.0000	50.0000	1.000000000
0.0000	50.0000	50.0000	1.192501700
10.0000	50.0000	50.0000	1.294479400
20.0000	50.0000	50.0000	0.751034200
30.0000	50.0000	50.0000	0.551178040
40.0000	50.0000	50.0000	0.924808000
50.0000	50.0000	50.0000	0.859262800
60.0000	50.0000	50.0000	0.696542400
70.0000	50.0000	50.0000	0.217605460
80.0000	50.0000	50.0000	0.316413000
90.0000	50.0000	50.0000	1.303103700
100.0000	50.0000	50.0000	0.788756850
110.0000	50.0000	50.0000	0.657461400
120.0000	50.0000	50.0000	0.890254260
130.0000	50.0000	50.0000	1.641908900
140.0000	50.0000	50.0000	1.572228000
150.0000	50.0000	50.0000	0.536322900
160.0000	50.0000	50.0000	0.073131554
170.0000	50.0000	50.0000	0.135396060
180.0000	50.0000	50.0000	1.125958400
190.0000	50.0000	50.0000	1.306904400
200.0000	50.0000	50.0000	0.377107500
210.0000	50.0000	50.0000	0.380100160
220.0000	50.0000	50.0000	0.730866970
230.0000	50.0000	50.0000	0.723091800
240.0000	50.0000	50.0000	0.459985520
250.0000	50.0000	50.0000	0.500095250
260.0000	50.0000	50.0000	0.680647500
270.0000	50.0000	50.0000	1.085429400
280.0000	50.0000	50.0000	0.550956400
290.0000	50.0000	50.0000	0.173345690
300.0000	50.0000	50.0000	0.150247540
310.0000	50.0000	50.0000	0.454937070
320.0000	50.0000	50.0000	0.865812100
330.0000	50.0000	50.0000	0.701601800
340.0000	50.0000	50.0000	0.163878430
350.0000	50.0000	50.0000	0.069922335
360.0000	50.0000	50.0000	1.000000000
0.0000	60.0000	50.0000	0.453840520
10.0000	60.0000	50.0000	0.507714450
20.0000	60.0000	50.0000	0.695729100
30.0000	60.0000	50.0000	0.615612030
40.0000	60.0000	50.0000	0.770110800
50.0000	60.0000	50.0000	0.658281740
60.0000	60.0000	50.0000	0.375225340
70.0000	60.0000	50.0000	0.177206860
80.0000	60.0000	50.0000	0.293444870
90.0000	60.0000	50.0000	0.775177360
100.0000	60.0000	50.0000	1.274037500
110.0000	60.0000	50.0000	0.876683830
120.0000	60.0000	50.0000	0.791890560
130.0000	60.0000	50.0000	1.503951400
140.0000	60.0000	50.0000	0.999540030
150.0000	60.0000	50.0000	0.436544100
160.0000	60.0000	50.0000	0.208265660
170.0000	60.0000	50.0000	0.413093030
180.0000	60.0000	50.0000	0.964751800
190.0000	60.0000	50.0000	0.826056900
200.0000	60.0000	50.0000	0.495383470
210.0000	60.0000	50.0000	0.425494800
220.0000	60.0000	50.0000	0.413642440
230.0000	60.0000	50.0000	0.340588480
240.0000	60.0000	50.0000	0.287271170
250.0000	60.0000	50.0000	0.266770660
260.0000	60.0000	50.0000	0.303162960
270.0000	60.0000	50.0000	0.783960100
280.0000	60.0000	50.0000	0.852710100
290.0000	60.0000	50.0000	0.275260800
300.0000	60.0000	50.0000	0.285598370
310.0000	60.0000	50.0000	0.594539460
320.0000	60.0000	50.0000	1.131426700
330.0000	60.0000	50.0000	0.993171000
340.0000	60.0000	50.0000	0.322361600
350.0000	60.0000	50.0000	0.178279300
360.0000	60.0000	50.0000	1.000000000
0.0000	70.0000	50.0000	1.129983700
10.0000	70.0000	50.0000	0.970901200
20.0000	70.0000	50.0000	0.851398350
30.0000	70.0000	50.0000	0.520666400
40.0000	70.0000	50.0000	0.402992100
50.0000	70.0000	50.0000	0.420763940
60.0000	70.0000	50.0000	0.415980800
70.0000	70.0000	50.0000	0.322762370
80.0000	70.0000	50.0000	0.180843820
90.0000	70.0000	50.0000	0.134840610
100.0000	70.0000	50.0000	0.269793240
110.0000	70.0000	50.0000	0.334512920
120.0000	70.0000	50.0000	0.358000810
130.0000	70.0000	50.0000	0.629798100
140.0000	70.0000	50.0000	0.638544800
150.0000	70.0000	50.0000	0.710359100
160.0000	70.0000	50.0000	0.981126370
170.0000	70.0000	50.0000	0.612676800
180.0000	70.0000	50.0000	0.480038800
190.0000	70.0000	50.0000	0.946925100
200.0000	70.0000	50.0000	0.959929500
210.0000	70.0000	50.0000	0.438005300
220.0000	70.0000	50.0000	0.200948300
230.0000	70.0000	50.0000	0.236045270
240.0000	70.0000	50.0000	0.437917470
250.0000	70.0000	50.0000	0.426690580
260.0000	70.0000	50.0000	0.205799280
270.0000	70.0000	50.0000	0.276207570
280.0000	70.0000	50.0000	0.451447900
290.0000	70.0000	50.0000	0.466247560
300.0000	70.0000	50.0000	0.322315370
310.0000	70.0000	50.0000	0.547701660
320.0000	70.0000	50.0000	0.863306800
330.0000	70.0000	50.0000	0.704981740
340.0000	70.0000	50.0000	0.605825600
350.0000	70.0000	50.0000	0.660769050
360.0000	70.0000	50.0000	1.000000000
0.0000	80.0000	50.0000	0.237187250
10.0000	80.0000	50.0000	0.467535600
20.0000	80.0000	50.0000	1.262659200
30.0000	80.0000	50.0000	0.546549260
40.0000	80.0000	50.0000	0.390404220
50.0000	80.0000	50.0000	0.339322240
60.0000	80.0000	50.0000	0.473086900
70.0000	80.0000	50.0000	0.605010200
80.0000	80.0000	50.0000	0.362150040
90.0000	80.0000	50.0000	0.236053570
100.0000	80.0000	50.0000	0.342864870
110.0000	80.0000	50.0000	0.330602600
120.0000	80.0000	50.0000	0.203014090
130.0000	80.0000	50.0000	0.243145880
140.0000	80.0000	50.0000	0.482886500
150.0000	80.0000	50.0000	1.298690700
160.0000	80.0000	50.0000	2.717595300
170.0000	80.0000	50.0000	1.572204100
180.0000	80.0000	50.0000	1.435519700
190.0000	80.0000	50.0000	1.861443500
200.0000	80.0000	50.0000	1.425328600
210.0000	80.0000	50.0000	0.566596800
220.0000	80.0000	50.0000	0.353450780
230.0000	80.0000	50.0000	0.418202670
240.0000	80.0000	50.0000	0.592505400
250.0000	80.0000	50.0000	0.814232700
260.0000	80.0000	50.0000	0.413841630
270.0000	80.0000	50.0000	0.372518700
280.0000	80.0000	50.0000	0.531307000
290.0000	80.0000	50.0000	0.594673160
300.0000	80.0000	50.0000	0.600490600
310.0000	80.0000	50.0000	0.573886800
320.0000	80.0000	50.0000	0.499849500
330.0000	80.0000	50.0000	0.817119800
340.0000	80.0000	50.0000	1.288192700
350.0000	80.0000	50.0000	2.319798000
360.0000	80.0000	50.0000	1.000000000
0.0000	90.0000	50.0000	5.597286000
10.0000	90.0000	50.0000	2.100047300
20.0000	90.0000	50.0000	2.430859600
30.0000	90.0000	50.0000	0.744506540
40.0000	90.0000	50.0000	0.576257700
50.0000	90.0000	50.0000	0.535860240
60.0000	90.0000	50.0000	0.717965400
70.0000	90.0000	50.0000	0.920594450
80.0000	90.0000	50.0000	0.613409300
90.0000	90.0000	50.0000	0.404667600
100.0000	90.0000	50.0000	0.610748050
110.0000	90.0000	50.0000	0.482167840
120.0000	90.0000	50.0000	0.147940200
130.0000	90.0000	50.0000	0.260870280
140.0000	90.0000	50.0000	0.686266360
150.0000	90.0000	50.0000	1.634579800
160.0000	90.0000	50.0000	3.252301000
170.0000	90.0000	50.0000	2.012329600
180.0000	90.0000	50.0000	2.791733500
190.0000	90.0000	50.0000	4.184043400
200.0000	90.0000	50.0000	1.760314300
210.0000	90.0000	50.0000	0.889581860
220.0000	90.0000	50.0000	0.746741350
230.0000	90.0000	50.0000	0.467368070
240.0000	90.0000	50.0000	0.424797200
250.0000	90.0000	50.0000	1.147138600
260.0000	90.0000	50.0000	0.625946640
270.0000	90.0000	50.0000	0.517991240
280.0000	90.0000	50.0000	1.121261500
290.0000	90.0000	50.0000	0.824757040
300.0000	90.0000	50.0000	0.573855160
310.0000	90.0000	50.0000	0.524907400
320.0000	90.0000	50.0000	0.340383200
330.0000	90.0000	50.0000	0.871540400
340.0000	90.0000	50.0000	2.179867500
350.0000	90.0000	50.0000	4.249898400
360.0000	90.0000	50.0000	1.000000000
0.0000	0.0000	60.0000	1.000000000
10.0000	0.0000	60.0000	1.000000000
20.0000	0.0000	60.0000	1.000000000
30.0000	0.0000	60.0000	1.000000000
40.0000	0.0000	60.0000	1.000000000
50.0000	0.0000	60.0000	1.000000000
60.0000	0.0000	60.0000	1.000000000
70.0000	0.0000	60.0000	1.000000000
80.0000	0.0000	60.0000	1.000000000
90.0000	0.0000	60.0000	1.000000000
100.0000	0.0000	60.0000	1.000000000
110.0000	0.0000	60.0000	1.000000000
120.0000	0.0000	60.0000	1.000000000
130.0000	0.0000	60.0000	1.000000000
140.0000	0.0000	60.0000	1.000000000
150.0000	0.0000	60.0000	1.000000000
160.0000	0.0000	60.0000	1.000000000
170.0000	0.0000	60.0000	1.000000000
180.0000	0.0000	60.0000	1.000000000
190.0000	0.0000	60.0000	1.000000000
200.0000	0.0000	60.0000	1.000000000
210.0000	0.0000	60.0000	1.000000000
220.0000	0.0000	60.0000	1.000000000
230.0000	0.0000	60.0000	1.000000000
240.0000	0.0000	60.0000	1.000000000
250.0000	0.0000	60.0000	1.000000000
260.0000	0.0000	60.0000	1.000000000
270.0000	0.0000	60.0000	1.000000000
280.0000	0.0000	60.0000	1.000000000
290.0000	0.0000	60.0000	1.000000000
300.0000	0.0000	60.0000	1.000000000
310.0000	0.0000	60.0000	1.000000000
320.0000	0.0000	60.0000	1.000000000
330.0000	0.0000	60.0000	1.000000000
340.0000	0.0000	60.0000	1.000000000
350.0000	0.0000	60.0000	1.000000000
360.0000	0.0000	60.0000	1.000000000
0.0000	10.0000	60.0000	0.888826900
10.0000	10.0000	60.0000	0.953838800
20.0000	10.0000	60.0000	4.124859000
30.0000	10.0000	60.0000	0.086773954
40.0000	10.0000	60.0000	0.089922525
50.0000	10.0000	60.0000	0.758534800
60.0000	10.0000	60.0000	1.136613000
70.0000	10.0000	60.0000	0.311621500
80.0000	10.0000	60.0000	0.103166126
90.0000	10.0000	60.0000	0.616740900
100.0000	10.0000	60.0000	1.589865300
110.0000	10.0000	60.0000	2.585141400
120.0000	10.0000	60.0000	0.192163420
130.0000	10.0000	60.0000	0.287215980
140.0000	10.0000	60.0000	1.491677000
150.0000	10.0000	60.0000	0.174461420
160.0000	10.0000	60.0000	0.757532240
170.0000	10.0000	60.0000	4.008781000
180.0000	10.0000	60.0000	2.368129500
190.0000	10.0000	60.0000	3.864550000
200.0000	10.0000	60.0000	6.193644000
210.0000	10.0000	60.0000	0.072644040
220.0000	10.0000	60.0000	0.038644403
230.0000	10.0000	60.0000	0.131728250
240.0000	10.0000	60.0000	1.170695700
250.0000	10.0000	60.0000	15.298470500
260.0000	10.0000	60.0000	0.222913740
270.0000	10.0000	60.0000	0.099942744
280.0000	10.0000	60.0000	0.999592700
290.0000	10.0000	60.0000	1.187077200
300.0000	10.0000	60.0000	0.895649730
310.0000	10.0000	60.0000	1.873423100
320.0000	10.0000	60.0000	1.175628400
330.0000	10.0000	60.0000	0.334797900
340.0000	10.0000	60.0000	1.364979100
350.0000	10.0000	60.0000	4.820096000
360.0000	10.0000	60.0000	1.000000000
0.0000	20.0000	60.0000	2.699420700
10.0000	20.0000	60.0000	2.726639500
20.0000	20.0000	60.0000	0.723602350
30.0000	20.0000	60.0000	0.089879130
40.0000	20.0000	60.0000	0.289840130
50.0000	20.0000	60.0000	1.175713500
60.0000	20.0000	60.0000	1.550195300
70.0000	20.0000	60.0000	10.555814000
80.0000	20.0000	60.0000	4.882543000
90.0000	20.0000	60.0000	1.582048900
100.0000	20.0000	60.0000	1.529987100
110.0000	20.0000	60.0000	0.894779440
120.0000	20.0000	60.0000	1.100513500
130.0000	20.0000	60.0000	1.146150400
140.0000	20.0000	60.0000	1.125536700
150.0000	20.0000	60.0000	0.087010354
160.0000	20.0000	60.0000	0.147762420
170.0000	20.0000	60.0000	1.268361700
180.0000	20.0000	60.0000	0.775455950
190.0000	20.0000	60.0000	3.373173000
200.0000	20.0000	60.0000	1.324095200
210.0000	20.0000	60.0000	0.069932364
220.0000	20.0000	60.0000	0.456105000
230.0000	20.0000	60.0000	2.012801400
240.0000	20.0000	60.0000	1.209780800
250.0000	20.0000	60.0000	3.398735800
260.0000	20.0000	60.0000	2.628196500
270.0000	20.0000	60.0000	1.345223700
280.0000	20.0000	60.0000	2.834413000
290.0000	20.0000	60.0000	0.638113200
300.0000	20.0000	60.0000	0.984210850
310.0000	20.0000	60.0000	1.453196200
320.0000	20.0000	60.0000	0.827025300
330.0000	20.0000	60.0000	0.136523890
340.0000	20.0000	60.0000	0.135205640
350.0000	20.0000	60.0000	0.584881200
360.0000	20.0000	60.0000	1.000000000
0.0000	30.0000	60.0000	1.905974400
10.0000	30.0000	60.0000	1.921827400
20.0000	30.0000	60.0000	0.185378750
30.0000	30.0000	60.0000	0.107874540
40.0000	30.0000	60.0000	0.372808700
50.0000	30.0000	60.0000	0.507518000
60.0000	30.0000	60.0000	0.367849830
70.0000	30.0000	60.0000	1.100023600
80.0000	30.0000	60.0000	2.244041700
90.0000	30.0000	60.0000	1.058072600
100.0000	30.0000	60.0000	0.964619600
110.0000	30.0000	60.0000	0.698139600
120.0000	30.0000	60.0000	2.126839000
130.0000	30.0000	60.0000	2.245232800
140.0000	30.0000	60.0000	1.158031600
150.0000	30.0000	60.0000	0.120230360
160.0000	30.0000	60.0000	0.052429400
170.0000	30.0000	60.0000	1.276729700
180.0000	30.0000	60.0000	1.717955000
190.0000	30.0000	60.0000	2.609779400
200.0000	30.0000	60.0000	0.988761960
210.0000	30.0000	60.0000	0.140454930
220.0000	30.0000	60.0000	0.311232120
230.0000	30.0000	60.0000	0.995240500
240.0000	30.0000	60.0000	0.853469250
250.0000	30.0000	60.0000	0.706698060
260.0000	30.0000	60.0000	1.139796700
270.0000	30.0000	60.0000	2.700662900
280.0000	30.0000	60.0000	2.007581500
290.0000	30.0000	60.0000	0.544187840
300.0000	30.0000	60.0000	1.425255400
310.0000	30.0000	60.0000	4.309643300
320.0000	30.0000	60.0000	1.940713400
330.0000	30.0000	60.0000	0.159833450
340.0000	30.0000	60.0000	0.075133440
350.0000	30.0000	60.0000	1.368141900
360.0000	30.0000	60.0000	1.000000000
0.0000	40.0000	60.0000	0.508932400
10.0000	40.0000	60.0000	1.450546100
20.0000	40.0000	60.0000	1.744278000
30.0000	40.0000	60.0000	0.189961170
40.0000	40.0000	60.0000	0.546065900
50.0000	40.0000	60.0000	1.166120000
60.0000	40.0000	60.0000	0.498278770
70.0000	40.0000	60.0000	0.552287000
80.0000	40.0000	60.0000	1.138730600
90.0000	40.0000	60.0000	0.656748400
100.0000	40.0000	60.0000	0.327859200
110.0000	40.0000	60.0000	0.414672320
120.0000	40.0000	60.0000	1.170263300
130.0000	40.0000	60.0000	1.062798600
140.0000	40.0000	60.0000	1.168244600
150.0000	40.0000	60.0000	0.241257240
160.0000	40.0000	60.0000	0.032426544
170.0000	40.0000	60.0000	0.421138100
180.0000	40.0000	60.0000	2.067536000
190.0000	40.0000	60.0000	5.061804000
200.0000	40.0000	60.0000	2.302981000
210.0000	40.0000	60.0000	0.391545900
220.0000	40.0000	60.0000	0.255105970
230.0000	40.0000	60.0000	0.500275000
240.0000	40.0000	60.0000	0.948284860
250.0000	40.0000	60.0000	0.497431960
260.0000	40.0000	60.0000	0.680286300
270.0000	40.0000	60.0000	0.853050200
280.0000	40.0000	60.0000	0.659635840
290.0000	40.0000	60.0000	0.326493000
300.0000	40.0000	60.0000	0.879173760
310.0000	40.0000	60.0000	4.647791000
320.0000	40.0000	60.0000	0.905913400
330.0000	40.0000	60.0000	0.131140260
340.0000	40.0000	60.0000	0.088763740
350.0000	40.0000	60.0000	0.955338400
360.0000	40.0000	60.0000	1.000000000
0.0000	50.0000	60.0000	2.646325000
10.0000	50.0000	60.0000	3.697058000
20.0000	50.0000	60.0000	1.857138000
30.0000	50.0000	60.0000	0.576406800
40.0000	50.0000	60.0000	0.699818130
50.0000	50.0000	60.0000	0.485935150
60.0000	50.0000	60.0000	0.470763700
70.0000	50.0000	60.0000	0.214051950
80.0000	50.0000	60.0000	0.322640630
90.0000	50.0000	60.0000	1.517106200
100.0000	50.0000	60.0000	1.143624100
110.0000	50.0000	60.0000	0.708804100
120.0000	50.0000	60.0000	0.966387400
130.0000	50.0000	60.0000	0.831315500
140.0000	50.0000	60.0000	0.748790100
150.0000	50.0000	60.0000	0.245121200
160.0000	50.0000	60.0000	0.066409710
170.0000	50.0000	60.0000	0.431244200
180.0000	50.0000	60.0000	1.728351000
190.0000	50.0000	60.0000	2.002708000
200.0000	50.0000	60.0000	0.890279650
210.0000	50.0000	60.0000	0.555408700
220.0000	50.0000	60.0000	0.661328100
230.0000	50.0000	60.0000	0.736756150
240.0000	50.0000	60.0000	0.447049440
250.0000	50.0000	60.0000	0.254649880
260.0000	50.0000	60.0000	0.435854430
270.0000	50.0000	60.0000	0.955875800
280.0000	50.0000	60.0000	0.534755470
290.0000	50.0000	60.0000	0.180439870
300.0000	50.0000	60.0000	0.218662980
310.0000	50.0000	60.0000	0.542414700
320.0000	50.0000	60.0000	0.531155650
330.0000	50.0000	60.0000	0.190939140
340.0000	50.0000	60.0000	0.143763040
350.0000	50.0000	60.0000	0.365800800
360.0000	50.0000	60.0000	1.000000000
0.0000	60.0000	60.0000	0.790425360
10.0000	60.0000	60.0000	1.277225400
20.0000	60.0000	60.0000	1.550143500
30.0000	60.0000	60.0000	0.586831700
40.0000	60.0000	60.0000	0.411354960
50.0000	60.0000	60.0000	0.435338770
60.0000	60.0000	60.0000	0.434388820
70.0000	60.0000	60.0000	0.194474950
80.0000	60.0000	60.0000	0.220397060
90.0000	60.0000	60.0000	0.855467140
100.0000	60.0000	60.0000	2.192489000
110.0000	60.0000	60.0000	1.468006400
120.0000	60.0000	60.0000	1.270344100
130.0000	60.0000	60.0000	1.647149200
140.0000	60.0000	60.0000	0.928624450
150.0000	60.0000	60.0000	0.513406200
160.0000	60.0000	60.0000	0.489678440
170.0000	60.0000	60.0000	1.077348600
180.0000	60.0000	60.0000	1.388772700
190.0000	60.0000	60.0000	1.762356200
200.0000	60.0000	60.0000	0.746268630
210.0000	60.0000	60.0000	0.233025000
220.0000	60.0000	60.0000	0.305990430
230.0000	60.0000	60.0000	0.459196420
240.0000	60.0000	60.0000	0.306556800
250.0000	60.0000	60.0000	0.267628820
260.0000	60.0000	60.0000	0.499814960
270.0000	60.0000	60.0000	1.526389700
280.0000	60.0000	60.0000	0.366077840
290.0000	60.0000	60.0000	0.094681054
300.0000	60.0000	60.0000	0.127944340
310.0000	60.0000	60.0000	0.538034700
320.0000	60.0000	60.0000	1.208102800
330.0000	60.0000	60.0000	0.864992260
340.0000	60.0000	60.0000	0.497369470
350.0000	60.0000	60.0000	0.642935100
360.0000	60.0000	60.0000	1.000000000
0.0000	70.0000	60.0000	1.698161600
10.0000	70.0000	60.0000	1.170566100
20.0000	70.0000	60.0000	0.834238650
30.0000	70.0000	60.0000	0.308132770
40.0000	70.0000	60.0000	0.174518330
50.0000	70.0000	60.0000	0.420132200
60.0000	70.0000	60.0000	0.594395000
70.0000	70.0000	60.0000	0.466983650
80.0000	70.0000	60.0000	0.303163680
90.0000	70.0000	60.0000	0.165710700
100.0000	70.0000	60.0000	0.358933500
110.0000	70.0000	60.0000	0.600448600
120.0000	70.0000	60.0000	0.605202100
130.0000	70.0000	60.0000	0.484363320
140.0000	70.0000	60.0000	0.663753870
150.0000	70.0000	60.0000	0.877557500
160.0000	70.0000	60.0000	1.802094300
170.0000	70.0000	60.0000	1.354539900
180.0000	70.0000	60.0000	0.701262950
190.0000	70.0000	60.0000	1.466841200
200.0000	70.0000	60.0000	1.188748500
210.0000	70.0000	60.0000	0.279422400
220.0000	70.0000	60.0000	0.166607140
230.0000	70.0000	60.0000	0.462997620
240.0000	70.0000	60.0000	0.553056200
250.0000	70.0000	60.0000	0.410946400
260.0000	70.0000	60.0000	0.418006270
270.0000	70.0000	60.0000	0.449396760
280.0000	70.0000	60.0000	0.124194816
290.0000	70.0000	60.0000	0.117974050
300.0000	70.0000	60.0000	0.162969070
310.0000	70.0000	60.0000	0.286366130
320.0000	70.0000	60.0000	0.520646200
330.0000	70.0000	60.0000	0.636343700
340.0000	70.0000	60.0000	0.641030500
350.0000	70.0000	60.0000	1.292697200
360.0000	70.0000	60.0000	1.000000000
0.0000	80.0000	60.0000	0.381571440
10.0000	80.0000	60.0000	0.524502700
20.0000	80.0000	60.0000	0.904334500
30.0000	80.0000	60.0000	0.414655100
40.0000	80.0000	60.0000	0.519068600
50.0000	80.0000	60.0000	0.596635300
60.0000	80.0000	60.0000	0.561431300
70.0000	80.0000	60.0000	0.949985400
80.0000	80.0000	60.0000	0.630888000
90.0000	80.0000	60.0000	0.365627530
100.0000	80.0000	60.0000	0.528929200
110.0000	80.0000	60.0000	0.359149960
120.0000	80.0000	60.0000	0.298336860
130.0000	80.0000	60.0000	0.234442530
140.0000	80.0000	60.0000	0.521749560
150.0000	80.0000	60.0000	1.067497800
160.0000	80.0000	60.0000	2.126048800
170.0000	80.0000	60.0000	1.910984600
180.0000	80.0000	60.0000	1.627848300
190.0000	80.0000	60.0000	1.934771300
200.0000	80.0000	60.0000	1.713291900
210.0000	80.0000	60.0000	0.668640400
220.0000	80.0000	60.0000	0.689714850
230.0000	80.0000	60.0000	1.004731400
240.0000	80.0000	60.0000	0.909688200
250.0000	80.0000	60.0000	0.855109300
260.0000	80.0000	60.0000	0.489889700
270.0000	80.0000	60.0000	0.395772340
280.0000	80.0000	60.0000	0.296485400
290.0000	80.0000	60.0000	0.309324950
300.0000	80.0000	60.0000	0.642097300
310.0000	80.0000	60.0000	0.594330400
320.0000	80.0000	60.0000	0.288383750
330.0000	80.0000	60.0000	0.327948600
340.0000	80.0000	60.0000	0.543582000
350.0000	80.0000	60.0000	2.008394500
360.0000	80.0000	60.0000	1.000000000
0.0000	90.0000	60.0000	6.060239000
10.0000	90.0000	60.0000	2.003005700
20.0000	90.0000	60.0000	1.653236900
30.0000	90.0000	60.0000	0.751546000
40.0000	90.0000	60.0000	1.948523300
50.0000	90.0000	60.0000	1.021435000
60.0000	90.0000	60.0000	0.747686100
70.0000	90.0000	60.0000	1.594078300
80.0000	90.0000	60.0000	0.901684940
90.0000	90.0000	60.0000	0.488778830
100.0000	90.0000	60.0000	0.569547060
110.0000	90.0000	60.0000	0.407532160
120.0000	90.0000	60.0000	0.432996330
130.0000	90.0000	60.0000	0.509360900
140.0000	90.0000	60.0000	1.044160000
150.0000	90.0000	60.0000	2.038102100
160.0000	90.0000	60.0000	2.298878700
170.0000	90.0000	60.0000	1.806335100
180.0000	90.0000	60.0000	2.887522500
190.0000	90.0000	60.0000	4.691594600
200.0000	90.0000	60.0000	1.502343900
210.0000	90.0000	60.0000	0.790419500
220.0000	90.0000	60.0000	1.792287600
230.0000	90.0000	60.0000	1.228753100
240.0000	90.0000	60.0000	0.720805050
250.0000	90.0000	60.0000	2.637027500
260.0000	90.0000	60.0000	0.804882400
270.0000	90.0000	60.0000	0.769015100
280.0000	90.0000	60.0000	0.603162800
290.0000	90.0000	60.0000	0.297813600
300.0000	90.0000	60.0000	1.120352300
310.0000	90.0000	60.0000	1.617715500
320.0000	90.0000	60.0000	0.393443820
330.0000	90.0000	60.0000	0.476596600
340.0000	90.0000	60.0000	0.794745860
350.0000	90.0000	60.0000	2.138579800
360.0000	90.0000	60.0000	1.000000000
