0.0000	0.0000	0.0000	0.201136660
10.0000	0.0000	0.0000	0.476440100
20.0000	0.0000	0.0000	1.701609700
30.0000	0.0000	0.0000	1.301907700
40.0000	0.0000	0.0000	0.797776160
50.0000	0.0000	0.0000	1.014141300
60.0000	0.0000	0.0000	1.485708700
70.0000	0.0000	0.0000	1.500938300
80.0000	0.0000	0.0000	0.260980780
90.0000	0.0000	0.0000	0.207098930
100.0000	0.0000	0.0000	0.505245800
110.0000	0.0000	0.0000	1.619089400
120.0000	0.0000	0.0000	2.779020800
130.0000	0.0000	0.0000	3.203294000
140.0000	0.0000	0.0000	3.416235400
150.0000	0.0000	0.0000	2.733487400
160.0000	0.0000	0.0000	1.067294600
170.0000	0.0000	0.0000	0.275771260
180.0000	0.0000	0.0000	0.160271630
190.0000	0.0000	0.0000	0.314042780
200.0000	0.0000	0.0000	1.455048700
210.0000	0.0000	0.0000	0.815481400
220.0000	0.0000	0.0000	0.474475200
230.0000	0.0000	0.0000	0.500748930
240.0000	0.0000	0.0000	0.795187600
250.0000	0.0000	0.0000	0.886105400
260.0000	0.0000	0.0000	0.174273480
270.0000	0.0000	0.0000	0.132421630
280.0000	0.0000	0.0000	0.337055620
290.0000	0.0000	0.0000	1.365945300
300.0000	0.0000	0.0000	2.377026800
310.0000	0.0000	0.0000	2.265690600
320.0000	0.0000	0.0000	2.653308000
330.0000	0.0000	0.0000	2.959878700
340.0000	0.0000	0.0000	1.232616500
350.0000	0.0000	0.0000	0.309482780
360.0000	0.0000	0.0000	1.000000000
0.0000	10.0000	0.0000	0.257246230
10.0000	10.0000	0.0000	1.266633000
20.0000	10.0000	0.0000	3.917919400
30.0000	10.0000	0.0000	0.725645300
40.0000	10.0000	0.0000	1.811161500
50.0000	10.0000	0.0000	3.436149000
60.0000	10.0000	0.0000	1.130118100
70.0000	10.0000	0.0000	1.647655100
80.0000	10.0000	0.0000	0.283939660
90.0000	10.0000	0.0000	0.264901130
100.0000	10.0000	0.0000	1.043954500
110.0000	10.0000	0.0000	2.493524600
120.0000	10.0000	0.0000	2.166553700
130.0000	10.0000	0.0000	2.471262000
140.0000	10.0000	0.0000	3.552380300
150.0000	10.0000	0.0000	3.657240200
160.0000	10.0000	0.0000	2.000824000
170.0000	10.0000	0.0000	0.577229860
180.0000	10.0000	0.0000	0.187650140
190.0000	10.0000	0.0000	1.224708200
200.0000	10.0000	0.0000	1.238112100
210.0000	10.0000	0.0000	0.487141800
220.0000	10.0000	0.0000	0.572924730
230.0000	10.0000	0.0000	1.315669200
240.0000	10.0000	0.0000	0.892976340
250.0000	10.0000	0.0000	0.904012900
260.0000	10.0000	0.0000	0.559207860
270.0000	10.0000	0.0000	0.403083740
280.0000	10.0000	0.0000	1.146750000
290.0000	10.0000	0.0000	3.239461700
300.0000	10.0000	0.0000	3.791642000
310.0000	10.0000	0.0000	4.416802400
320.0000	10.0000	0.0000	4.159332300
330.0000	10.0000	0.0000	3.127067000
340.0000	10.0000	0.0000	1.725541800
350.0000	10.0000	0.0000	0.652832750
360.0000	10.0000	0.0000	1.000000000
0.0000	20.0000	0.0000	0.375790030
10.0000	20.0000	0.0000	0.908344700
20.0000	20.0000	0.0000	2.201417400
30.0000	20.0000	0.0000	1.673851500
40.0000	20.0000	0.0000	1.574169400
50.0000	20.0000	0.0000	1.132906200
60.0000	20.0000	0.0000	0.149411290
70.0000	20.0000	0.0000	0.187589880
80.0000	20.0000	0.0000	0.144539550
90.0000	20.0000	0.0000	0.180002840
100.0000	20.0000	0.0000	0.835807560
110.0000	20.0000	0.0000	0.747774540
120.0000	20.0000	0.0000	0.568585600
130.0000	20.0000	0.0000	1.184066900
140.0000	20.0000	0.0000	0.745866400
150.0000	20.0000	0.0000	0.931975200
160.0000	20.0000	0.0000	1.367470100
170.0000	20.0000	0.0000	0.596462850
180.0000	20.0000	0.0000	0.358447730
190.0000	20.0000	0.0000	0.537398160
200.0000	20.0000	0.0000	1.024738800
210.0000	20.0000	0.0000	0.995829000
220.0000	20.0000	0.0000	0.409284800
230.0000	20.0000	0.0000	0.556208250
240.0000	20.0000	0.0000	0.221213800
250.0000	20.0000	0.0000	0.127390220
260.0000	20.0000	0.0000	0.179642200
270.0000	20.0000	0.0000	0.276258350
280.0000	20.0000	0.0000	0.639884900
290.0000	20.0000	0.0000	0.632155100
300.0000	20.0000	0.0000	1.871554400
310.0000	20.0000	0.0000	5.175820400
320.0000	20.0000	0.0000	1.285104000
330.0000	20.0000	0.0000	0.976161800
340.0000	20.0000	0.0000	0.951063630
350.0000	20.0000	0.0000	0.447040100
360.0000	20.0000	0.0000	1.000000000
0.0000	30.0000	0.0000	0.923113700
10.0000	30.0000	0.0000	1.594192900
20.0000	30.0000	0.0000	1.875097000
30.0000	30.0000	0.0000	1.392766600
40.0000	30.0000	0.0000	0.618021130
50.0000	30.0000	0.0000	0.224687590
60.0000	30.0000	0.0000	0.107753630
70.0000	30.0000	0.0000	0.166563760
80.0000	30.0000	0.0000	0.156709700
90.0000	30.0000	0.0000	0.218042510
100.0000	30.0000	0.0000	0.712372900
110.0000	30.0000	0.0000	0.235001270
120.0000	30.0000	0.0000	0.202156710
130.0000	30.0000	0.0000	0.895410600
140.0000	30.0000	0.0000	1.746532600
150.0000	30.0000	0.0000	2.962957100
160.0000	30.0000	0.0000	5.573216400
170.0000	30.0000	0.0000	2.344361500
180.0000	30.0000	0.0000	1.808254500
190.0000	30.0000	0.0000	1.990712500
200.0000	30.0000	0.0000	1.337066900
210.0000	30.0000	0.0000	0.768371700
220.0000	30.0000	0.0000	0.292468900
230.0000	30.0000	0.0000	0.156422170
240.0000	30.0000	0.0000	0.181289690
250.0000	30.0000	0.0000	0.167759910
260.0000	30.0000	0.0000	0.104487890
270.0000	30.0000	0.0000	0.158994690
280.0000	30.0000	0.0000	0.371137440
290.0000	30.0000	0.0000	0.260313870
300.0000	30.0000	0.0000	0.499731900
310.0000	30.0000	0.0000	0.921973300
320.0000	30.0000	0.0000	0.715679470
330.0000	30.0000	0.0000	1.181360700
340.0000	30.0000	0.0000	2.158736500
350.0000	30.0000	0.0000	0.897784000
360.0000	30.0000	0.0000	1.000000000
0.0000	40.0000	0.0000	3.287586000
10.0000	40.0000	0.0000	5.034321300
20.0000	40.0000	0.0000	4.383552600
30.0000	40.0000	0.0000	3.021901400
40.0000	40.0000	0.0000	3.046799000
50.0000	40.0000	0.0000	0.621087130
60.0000	40.0000	0.0000	1.079930000
70.0000	40.0000	0.0000	4.597615700
80.0000	40.0000	0.0000	1.173985000
90.0000	40.0000	0.0000	0.665113450
100.0000	40.0000	0.0000	1.041543400
110.0000	40.0000	0.0000	0.572954200
120.0000	40.0000	0.0000	0.383748700
130.0000	40.0000	0.0000	0.946532300
140.0000	40.0000	0.0000	2.372413600
150.0000	40.0000	0.0000	3.387465000
160.0000	40.0000	0.0000	6.449302700
170.0000	40.0000	0.0000	4.312135000
180.0000	40.0000	0.0000	4.213810400
190.0000	40.0000	0.0000	4.780120400
200.0000	40.0000	0.0000	1.796771500
210.0000	40.0000	0.0000	0.974324300
220.0000	40.0000	0.0000	1.013303800
230.0000	40.0000	0.0000	0.462635730
240.0000	40.0000	0.0000	0.735457000
250.0000	40.0000	0.0000	1.691831400
260.0000	40.0000	0.0000	0.458460630
270.0000	40.0000	0.0000	0.411939200
280.0000	40.0000	0.0000	0.985029640
290.0000	40.0000	0.0000	1.695820600
300.0000	40.0000	0.0000	0.920364100
310.0000	40.0000	0.0000	1.156280200
320.0000	40.0000	0.0000	2.150176500
330.0000	40.0000	0.0000	3.109439400
340.0000	40.0000	0.0000	5.831344600
350.0000	40.0000	0.0000	3.449023700
360.0000	40.0000	0.0000	1.000000000
0.0000	50.0000	0.0000	8.132977500
10.0000	50.0000	0.0000	9.247552000
20.0000	50.0000	0.0000	4.716487400
30.0000	50.0000	0.0000	3.159903000
40.0000	50.0000	0.0000	1.732110900
50.0000	50.0000	0.0000	0.455821960
60.0000	50.0000	0.0000	0.612708500
70.0000	50.0000	0.0000	2.040515400
80.0000	50.0000	0.0000	0.741682000
90.0000	50.0000	0.0000	0.599960700
100.0000	50.0000	0.0000	1.160028200
110.0000	50.0000	0.0000	1.029004000
120.0000	50.0000	0.0000	0.467665820
130.0000	50.0000	0.0000	0.491004140
140.0000	50.0000	0.0000	1.316673500
150.0000	50.0000	0.0000	2.067094600
160.0000	50.0000	0.0000	2.837986500
170.0000	50.0000	0.0000	1.644087300
180.0000	50.0000	0.0000	1.761821400
190.0000	50.0000	0.0000	2.693558200
200.0000	50.0000	0.0000	2.330481000
210.0000	50.0000	0.0000	2.323317500
220.0000	50.0000	0.0000	2.562812000
230.0000	50.0000	0.0000	0.763894000
240.0000	50.0000	0.0000	0.545170370
250.0000	50.0000	0.0000	0.632272000
260.0000	50.0000	0.0000	0.372743160
270.0000	50.0000	0.0000	0.601334450
280.0000	50.0000	0.0000	1.990861200
290.0000	50.0000	0.0000	2.077656300
300.0000	50.0000	0.0000	0.567596700
310.0000	50.0000	0.0000	0.750323100
320.0000	50.0000	0.0000	2.959353700
330.0000	50.0000	0.0000	3.554603600
340.0000	50.0000	0.0000	7.079766300
350.0000	50.0000	0.0000	6.889218300
360.0000	50.0000	0.0000	1.000000000
0.0000	60.0000	0.0000	3.457993700
10.0000	60.0000	0.0000	3.168291600
20.0000	60.0000	0.0000	2.023667600
30.0000	60.0000	0.0000	1.272583200
40.0000	60.0000	0.0000	0.586905240
50.0000	60.0000	0.0000	0.254327800
60.0000	60.0000	0.0000	0.217442970
70.0000	60.0000	0.0000	0.433047530
80.0000	60.0000	0.0000	0.277853970
90.0000	60.0000	0.0000	0.205761480
100.0000	60.0000	0.0000	0.346414630
110.0000	60.0000	0.0000	0.266944530
120.0000	60.0000	0.0000	0.420881480
130.0000	60.0000	0.0000	0.448811900
140.0000	60.0000	0.0000	0.824272330
150.0000	60.0000	0.0000	1.917350600
160.0000	60.0000	0.0000	1.222258800
170.0000	60.0000	0.0000	0.528891900
180.0000	60.0000	0.0000	0.488558200
190.0000	60.0000	0.0000	1.238141700
200.0000	60.0000	0.0000	2.260300200
210.0000	60.0000	0.0000	1.884836200
220.0000	60.0000	0.0000	2.644182400
230.0000	60.0000	0.0000	1.014442700
240.0000	60.0000	0.0000	0.197336990
250.0000	60.0000	0.0000	0.285962460
260.0000	60.0000	0.0000	0.284792270
270.0000	60.0000	0.0000	0.259924170
280.0000	60.0000	0.0000	0.537003500
290.0000	60.0000	0.0000	0.314694340
300.0000	60.0000	0.0000	0.182412070
310.0000	60.0000	0.0000	0.126087080
320.0000	60.0000	0.0000	0.391949600
330.0000	60.0000	0.0000	1.678315500
340.0000	60.0000	0.0000	3.355109500
350.0000	60.0000	0.0000	4.276349000
360.0000	60.0000	0.0000	1.000000000
0.0000	70.0000	0.0000	0.425059380
10.0000	70.0000	0.0000	0.497895900
20.0000	70.0000	0.0000	1.039950300
30.0000	70.0000	0.0000	1.143606100
40.0000	70.0000	0.0000	0.593763530
50.0000	70.0000	0.0000	0.547610300
60.0000	70.0000	0.0000	0.345055670
70.0000	70.0000	0.0000	0.351307840
80.0000	70.0000	0.0000	0.216745110
90.0000	70.0000	0.0000	0.165399630
100.0000	70.0000	0.0000	0.235062150
110.0000	70.0000	0.0000	0.248690590
120.0000	70.0000	0.0000	0.831232670
130.0000	70.0000	0.0000	1.082108900
140.0000	70.0000	0.0000	1.172007900
150.0000	70.0000	0.0000	1.874367600
160.0000	70.0000	0.0000	1.722383500
170.0000	70.0000	0.0000	0.427538450
180.0000	70.0000	0.0000	0.297326150
190.0000	70.0000	0.0000	0.834651050
200.0000	70.0000	0.0000	1.789804200
210.0000	70.0000	0.0000	1.498911400
220.0000	70.0000	0.0000	3.990469200
230.0000	70.0000	0.0000	3.028717300
240.0000	70.0000	0.0000	0.237435800
250.0000	70.0000	0.0000	0.244086940
260.0000	70.0000	0.0000	0.249285860
270.0000	70.0000	0.0000	0.197230000
280.0000	70.0000	0.0000	0.248957530
290.0000	70.0000	0.0000	0.288906870
300.0000	70.0000	0.0000	0.733022450
310.0000	70.0000	0.0000	0.439852860
320.0000	70.0000	0.0000	0.522757600
330.0000	70.0000	0.0000	1.903859900
340.0000	70.0000	0.0000	2.419064500
350.0000	70.0000	0.0000	1.213893700
360.0000	70.0000	0.0000	1.000000000
0.0000	80.0000	0.0000	0.129498510
10.0000	80.0000	0.0000	0.198419420
20.0000	80.0000	0.0000	1.268175800
30.0000	80.0000	0.0000	2.402037900
40.0000	80.0000	0.0000	1.419424200
50.0000	80.0000	0.0000	1.277521100
60.0000	80.0000	0.0000	0.955503050
70.0000	80.0000	0.0000	0.525301040
80.0000	80.0000	0.0000	0.183353160
90.0000	80.0000	0.0000	0.160893470
100.0000	80.0000	0.0000	0.349371820
110.0000	80.0000	0.0000	0.887104330
120.0000	80.0000	0.0000	1.532515000
130.0000	80.0000	0.0000	2.156960500
140.0000	80.0000	0.0000	2.458526100
150.0000	80.0000	0.0000	2.388244600
160.0000	80.0000	0.0000	2.594050000
170.0000	80.0000	0.0000	0.376191170
180.0000	80.0000	0.0000	0.203672930
190.0000	80.0000	0.0000	0.667132260
200.0000	80.0000	0.0000	1.761254400
210.0000	80.0000	0.0000	2.660896800
220.0000	80.0000	0.0000	4.068035000
230.0000	80.0000	0.0000	3.184728400
240.0000	80.0000	0.0000	0.755114560
250.0000	80.0000	0.0000	0.337686360
260.0000	80.0000	0.0000	0.157136250
270.0000	80.0000	0.0000	0.157772870
280.0000	80.0000	0.0000	0.252406150
290.0000	80.0000	0.0000	0.741481300
300.0000	80.0000	0.0000	1.513770200
310.0000	80.0000	0.0000	0.818829600
320.0000	80.0000	0.0000	0.772549300
330.0000	80.0000	0.0000	1.535021300
340.0000	80.0000	0.0000	1.777100700
350.0000	80.0000	0.0000	0.609373800
360.0000	80.0000	0.0000	1.000000000
0.0000	90.0000	0.0000	0.116264574
10.0000	90.0000	0.0000	0.154702650
20.0000	90.0000	0.0000	1.418018700
30.0000	90.0000	0.0000	3.038568300
40.0000	90.0000	0.0000	2.558089300
50.0000	90.0000	0.0000	3.062331200
60.0000	90.0000	0.0000	3.237570800
70.0000	90.0000	0.0000	1.415228800
80.0000	90.0000	0.0000	0.305143270
90.0000	90.0000	0.0000	0.209389300
100.0000	90.0000	0.0000	0.551983300
110.0000	90.0000	0.0000	2.568738700
120.0000	90.0000	0.0000	2.015687000
130.0000	90.0000	0.0000	2.386371900
140.0000	90.0000	0.0000	3.147447600
150.0000	90.0000	0.0000	2.798694100
160.0000	90.0000	0.0000	2.391774200
170.0000	90.0000	0.0000	0.196666090
180.0000	90.0000	0.0000	0.166313110
190.0000	90.0000	0.0000	0.571815400
200.0000	90.0000	0.0000	1.972148400
210.0000	90.0000	0.0000	3.442580700
220.0000	90.0000	0.0000	3.662226400
230.0000	90.0000	0.0000	3.881945800
240.0000	90.0000	0.0000	2.412484200
250.0000	90.0000	0.0000	0.978256500
260.0000	90.0000	0.0000	0.265173970
270.0000	90.0000	0.0000	0.178332450
280.0000	90.0000	0.0000	0.363409670
290.0000	90.0000	0.0000	1.927863000
300.0000	90.0000	0.0000	1.283199700
310.0000	90.0000	0.0000	0.768039940
320.0000	90.0000	0.0000	0.829509260
330.0000	90.0000	0.0000	1.270950000
340.0000	90.0000	0.0000	1.253514300
350.0000	90.0000	0.0000	0.491935580
360.0000	90.0000	0.0000	1.000000000
0.0000	0.0000	10.0000	1.000000000
10.0000	0.0000	10.0000	1.000000000
20.0000	0.0000	10.0000	1.000000000
30.0000	0.0000	10.0000	1.000000000
40.0000	0.0000	10.0000	1.000000000
50.0000	0.0000	10.0000	1.000000000
60.0000	0.0000	10.0000	1.000000000
70.0000	0.0000	10.0000	1.000000000
80.0000	0.0000	10.0000	1.000000000
90.0000	0.0000	10.0000	1.000000000
100.0000	0.0000	10.0000	1.000000000
110.0000	0.0000	10.0000	1.000000000
120.0000	0.0000	10.0000	1.000000000
130.0000	0.0000	10.0000	1.000000000
140.0000	0.0000	10.0000	1.000000000
150.0000	0.0000	10.0000	1.000000000
160.0000	0.0000	10.0000	1.000000000
170.0000	0.0000	10.0000	1.000000000
180.0000	0.0000	10.0000	1.000000000
190.0000	0.0000	10.0000	1.000000000
200.0000	0.0000	10.0000	1.000000000
210.0000	0.0000	10.0000	1.000000000
220.0000	0.0000	10.0000	1.000000000
230.0000	0.0000	10.0000	1.000000000
240.0000	0.0000	10.0000	1.000000000
250.0000	0.0000	10.0000	1.000000000
260.0000	0.0000	10.0000	1.000000000
270.0000	0.0000	10.0000	1.000000000
280.0000	0.0000	10.0000	1.000000000
290.0000	0.0000	10.0000	1.000000000
300.0000	0.0000	10.0000	1.000000000
310.0000	0.0000	10.0000	1.000000000
320.0000	0.0000	10.0000	1.000000000
330.0000	0.0000	10.0000	1.000000000
340.0000	0.0000	10.0000	1.000000000
350.0000	0.0000	10.0000	1.000000000
360.0000	0.0000	10.0000	1.000000000
0.0000	10.0000	10.0000	0.651862400
10.0000	10.0000	10.0000	2.858678000
20.0000	10.0000	10.0000	4.382459600
30.0000	10.0000	10.0000	1.506723000
40.0000	10.0000	10.0000	1.895224100
50.0000	10.0000	10.0000	1.692514300
60.0000	10.0000	10.0000	0.352874250
70.0000	10.0000	10.0000	0.497923800
80.0000	10.0000	10.0000	0.254259320
90.0000	10.0000	10.0000	0.284231130
100.0000	10.0000	10.0000	1.309722500
110.0000	10.0000	10.0000	1.485956200
120.0000	10.0000	10.0000	1.553120900
130.0000	10.0000	10.0000	2.206718700
140.0000	10.0000	10.0000	2.744255000
150.0000	10.0000	10.0000	1.796706000
160.0000	10.0000	10.0000	0.979822640
170.0000	10.0000	10.0000	0.588938300
180.0000	10.0000	10.0000	0.507507260
190.0000	10.0000	10.0000	2.034419800
200.0000	10.0000	10.0000	1.355008200
210.0000	10.0000	10.0000	0.611032070
220.0000	10.0000	10.0000	0.747689070
230.0000	10.0000	10.0000	1.124229200
240.0000	10.0000	10.0000	0.303422630
250.0000	10.0000	10.0000	0.277278160
260.0000	10.0000	10.0000	0.591662470
270.0000	10.0000	10.0000	0.625248400
280.0000	10.0000	10.0000	2.113733800
290.0000	10.0000	10.0000	2.222050200
300.0000	10.0000	10.0000	2.812507900
310.0000	10.0000	10.0000	4.600590700
320.0000	10.0000	10.0000	3.579667300
330.0000	10.0000	10.0000	1.562821500
340.0000	10.0000	10.0000	0.983823000
350.0000	10.0000	10.0000	0.636706230
360.0000	10.0000	10.0000	1.000000000
0.0000	20.0000	10.0000	0.813555840
10.0000	20.0000	10.0000	2.415969600
20.0000	20.0000	10.0000	2.527400300
30.0000	20.0000	10.0000	1.564906800
40.0000	20.0000	10.0000	1.614402400
50.0000	20.0000	10.0000	1.357360600
60.0000	20.0000	10.0000	0.184434790
70.0000	20.0000	10.0000	0.170453090
80.0000	20.0000	10.0000	0.191209930
90.0000	20.0000	10.0000	0.163926850
100.0000	20.0000	10.0000	0.950481800
110.0000	20.0000	10.0000	0.614949460
120.0000	20.0000	10.0000	0.489116100
130.0000	20.0000	10.0000	1.106622600
140.0000	20.0000	10.0000	1.142469900
150.0000	20.0000	10.0000	1.058708500
160.0000	20.0000	10.0000	0.687848500
170.0000	20.0000	10.0000	0.617675100
180.0000	20.0000	10.0000	0.695155100
190.0000	20.0000	10.0000	0.999438900
200.0000	20.0000	10.0000	1.017836700
210.0000	20.0000	10.0000	0.633088800
220.0000	20.0000	10.0000	0.595562100
230.0000	20.0000	10.0000	0.813276230
240.0000	20.0000	10.0000	0.200322050
250.0000	20.0000	10.0000	0.152056400
260.0000	20.0000	10.0000	0.559489700
270.0000	20.0000	10.0000	0.424032480
280.0000	20.0000	10.0000	1.043458700
290.0000	20.0000	10.0000	1.513550300
300.0000	20.0000	10.0000	2.955650000
310.0000	20.0000	10.0000	2.522718000
320.0000	20.0000	10.0000	1.569039600
330.0000	20.0000	10.0000	1.358420700
340.0000	20.0000	10.0000	0.570625070
350.0000	20.0000	10.0000	0.382852050
360.0000	20.0000	10.0000	1.000000000
0.0000	30.0000	10.0000	1.218506900
10.0000	30.0000	10.0000	1.899957000
20.0000	30.0000	10.0000	1.013533400
30.0000	30.0000	10.0000	0.726472900
40.0000	30.0000	10.0000	0.563027200
50.0000	30.0000	10.0000	0.379116360
60.0000	30.0000	10.0000	0.258141220
70.0000	30.0000	10.0000	0.190850900
80.0000	30.0000	10.0000	0.261528430
90.0000	30.0000	10.0000	0.545581200
100.0000	30.0000	10.0000	1.375934800
110.0000	30.0000	10.0000	0.399165750
120.0000	30.0000	10.0000	0.339589420
130.0000	30.0000	10.0000	1.109471400
140.0000	30.0000	10.0000	1.381370100
150.0000	30.0000	10.0000	1.830035300
160.0000	30.0000	10.0000	1.649888600
170.0000	30.0000	10.0000	1.693858900
180.0000	30.0000	10.0000	2.061073500
190.0000	30.0000	10.0000	1.760509600
200.0000	30.0000	10.0000	0.568938430
210.0000	30.0000	10.0000	0.404696520
220.0000	30.0000	10.0000	0.397332640
230.0000	30.0000	10.0000	0.327398060
240.0000	30.0000	10.0000	0.267773780
250.0000	30.0000	10.0000	0.243659850
260.0000	30.0000	10.0000	0.250763950
270.0000	30.0000	10.0000	0.275889840
280.0000	30.0000	10.0000	0.433982220
290.0000	30.0000	10.0000	0.427846880
300.0000	30.0000	10.0000	0.654929700
310.0000	30.0000	10.0000	1.042377200
320.0000	30.0000	10.0000	1.284826400
330.0000	30.0000	10.0000	1.498544000
340.0000	30.0000	10.0000	0.600505530
350.0000	30.0000	10.0000	0.330783550
360.0000	30.0000	10.0000	1.000000000
0.0000	40.0000	10.0000	2.783386500
10.0000	40.0000	10.0000	3.055129300
20.0000	40.0000	10.0000	1.631127700
30.0000	40.0000	10.0000	0.943433900
40.0000	40.0000	10.0000	0.499560650
50.0000	40.0000	10.0000	0.503498850
60.0000	40.0000	10.0000	1.151740800
70.0000	40.0000	10.0000	1.079304700
80.0000	40.0000	10.0000	1.155702200
90.0000	40.0000	10.0000	2.388234900
100.0000	40.0000	10.0000	2.318268300
110.0000	40.0000	10.0000	0.530141600
120.0000	40.0000	10.0000	0.361486760
130.0000	40.0000	10.0000	0.916349400
140.0000	40.0000	10.0000	1.544083800
150.0000	40.0000	10.0000	2.314738000
160.0000	40.0000	10.0000	3.459883700
170.0000	40.0000	10.0000	3.269796100
180.0000	40.0000	10.0000	3.569726700
190.0000	40.0000	10.0000	2.770598600
200.0000	40.0000	10.0000	0.822710200
210.0000	40.0000	10.0000	0.470819860
220.0000	40.0000	10.0000	0.521205660
230.0000	40.0000	10.0000	0.441128080
240.0000	40.0000	10.0000	0.502624500
250.0000	40.0000	10.0000	0.529834450
260.0000	40.0000	10.0000	0.535366000
270.0000	40.0000	10.0000	1.097368100
280.0000	40.0000	10.0000	1.543789900
290.0000	40.0000	10.0000	0.825536670
300.0000	40.0000	10.0000	0.757667800
310.0000	40.0000	10.0000	1.524998300
320.0000	40.0000	10.0000	2.127479000
330.0000	40.0000	10.0000	2.211554300
340.0000	40.0000	10.0000	1.637052500
350.0000	40.0000	10.0000	1.157491100
360.0000	40.0000	10.0000	1.000000000
0.0000	50.0000	10.0000	5.498530400
10.0000	50.0000	10.0000	4.584503000
20.0000	50.0000	10.0000	2.266082300
30.0000	50.0000	10.0000	2.386163200
40.0000	50.0000	10.0000	0.885159130
50.0000	50.0000	10.0000	0.505909300
60.0000	50.0000	10.0000	1.107731600
70.0000	50.0000	10.0000	1.268403000
80.0000	50.0000	10.0000	0.861009960
90.0000	50.0000	10.0000	1.314591600
100.0000	50.0000	10.0000	1.139619700
110.0000	50.0000	10.0000	0.452482280
120.0000	50.0000	10.0000	0.291212200
130.0000	50.0000	10.0000	0.363248200
140.0000	50.0000	10.0000	0.958079800
150.0000	50.0000	10.0000	1.723868100
160.0000	50.0000	10.0000	2.010097300
170.0000	50.0000	10.0000	1.459601300
180.0000	50.0000	10.0000	1.434498000
190.0000	50.0000	10.0000	1.565574200
200.0000	50.0000	10.0000	1.041092300
210.0000	50.0000	10.0000	0.963066900
220.0000	50.0000	10.0000	1.039647300
230.0000	50.0000	10.0000	0.881152630
240.0000	50.0000	10.0000	0.875744300
250.0000	50.0000	10.0000	0.691461300
260.0000	50.0000	10.0000	0.555774100
270.0000	50.0000	10.0000	1.358838100
280.0000	50.0000	10.0000	2.267546400
290.0000	50.0000	10.0000	1.002805000
300.0000	50.0000	10.0000	0.424848970
310.0000	50.0000	10.0000	0.504960660
320.0000	50.0000	10.0000	1.222426400
330.0000	50.0000	10.0000	1.869324600
340.0000	50.0000	10.0000	3.130756100
350.0000	50.0000	10.0000	4.402253600
360.0000	50.0000	10.0000	1.000000000
0.0000	60.0000	10.0000	2.442762400
10.0000	60.0000	10.0000	2.188929300
20.0000	60.0000	10.0000	1.356204900
30.0000	60.0000	10.0000	1.140627900
40.0000	60.0000	10.0000	0.552650330
50.0000	60.0000	10.0000	0.276112900
60.0000	60.0000	10.0000	0.265365360
70.0000	60.0000	10.0000	0.480409260
80.0000	60.0000	10.0000	0.298918370
90.0000	60.0000	10.0000	0.299130740
100.0000	60.0000	10.0000	0.388717060
110.0000	60.0000	10.0000	0.319381400
120.0000	60.0000	10.0000	0.522916260
130.0000	60.0000	10.0000	0.391271350
140.0000	60.0000	10.0000	0.772486150
150.0000	60.0000	10.0000	1.586852200
160.0000	60.0000	10.0000	0.960416560
170.0000	60.0000	10.0000	0.398917940
180.0000	60.0000	10.0000	0.333544140
190.0000	60.0000	10.0000	0.782484650
200.0000	60.0000	10.0000	1.129877300
210.0000	60.0000	10.0000	1.117434100
220.0000	60.0000	10.0000	1.734564000
230.0000	60.0000	10.0000	0.859596670
240.0000	60.0000	10.0000	0.253985800
250.0000	60.0000	10.0000	0.349495320
260.0000	60.0000	10.0000	0.315928880
270.0000	60.0000	10.0000	0.424066300
280.0000	60.0000	10.0000	0.728843100
290.0000	60.0000	10.0000	0.408765520
300.0000	60.0000	10.0000	0.320316820
310.0000	60.0000	10.0000	0.259444150
320.0000	60.0000	10.0000	0.655418000
330.0000	60.0000	10.0000	2.098967300
340.0000	60.0000	10.0000	2.961439100
350.0000	60.0000	10.0000	3.200030000
360.0000	60.0000	10.0000	1.000000000
0.0000	70.0000	10.0000	0.349170240
10.0000	70.0000	10.0000	0.484197050
20.0000	70.0000	10.0000	0.728172100
30.0000	70.0000	10.0000	0.710738240
40.0000	70.0000	10.0000	0.692129500
50.0000	70.0000	10.0000	0.538985250
60.0000	70.0000	10.0000	0.291137580
70.0000	70.0000	10.0000	0.420319500
80.0000	70.0000	10.0000	0.252842780
90.0000	70.0000	10.0000	0.160829480
100.0000	70.0000	10.0000	0.248794230
110.0000	70.0000	10.0000	0.436494200
120.0000	70.0000	10.0000	0.925079200
130.0000	70.0000	10.0000	0.857457940
140.0000	70.0000	10.0000	1.072458300
150.0000	70.0000	10.0000	1.711725200
160.0000	70.0000	10.0000	1.003971100
170.0000	70.0000	10.0000	0.243898900
180.0000	70.0000	10.0000	0.199881480
190.0000	70.0000	10.0000	0.518978660
200.0000	70.0000	10.0000	0.892855400
210.0000	70.0000	10.0000	1.193672200
220.0000	70.0000	10.0000	3.263257000
230.0000	70.0000	10.0000	1.418019900
240.0000	70.0000	10.0000	0.163795070
250.0000	70.0000	10.0000	0.236344770
260.0000	70.0000	10.0000	0.252960500
270.0000	70.0000	10.0000	0.182583560
280.0000	70.0000	10.0000	0.250937550
290.0000	70.0000	10.0000	0.480160500
300.0000	70.0000	10.0000	0.998991430
310.0000	70.0000	10.0000	0.454022800
320.0000	70.0000	10.0000	0.665088500
330.0000	70.0000	10.0000	1.926618200
340.0000	70.0000	10.0000	1.455853000
350.0000	70.0000	10.0000	0.562193330
360.0000	70.0000	10.0000	1.000000000
0.0000	80.0000	10.0000	0.108670510
10.0000	80.0000	10.0000	0.152832910
20.0000	80.0000	10.0000	0.523071200
30.0000	80.0000	10.0000	1.034401000
40.0000	80.0000	10.0000	1.684210900
50.0000	80.0000	10.0000	1.992545500
60.0000	80.0000	10.0000	1.028364700
70.0000	80.0000	10.0000	0.606560100
80.0000	80.0000	10.0000	0.253346830
90.0000	80.0000	10.0000	0.167425810
100.0000	80.0000	10.0000	0.386567120
110.0000	80.0000	10.0000	1.261670000
120.0000	80.0000	10.0000	1.500884900
130.0000	80.0000	10.0000	1.421708200
140.0000	80.0000	10.0000	1.989835500
150.0000	80.0000	10.0000	2.109817000
160.0000	80.0000	10.0000	1.044119000
170.0000	80.0000	10.0000	0.206892490
180.0000	80.0000	10.0000	0.149694340
190.0000	80.0000	10.0000	0.309555200
200.0000	80.0000	10.0000	0.632096700
210.0000	80.0000	10.0000	1.395251300
220.0000	80.0000	10.0000	2.798590200
230.0000	80.0000	10.0000	2.413295000
240.0000	80.0000	10.0000	0.671514030
250.0000	80.0000	10.0000	0.382524400
260.0000	80.0000	10.0000	0.196457790
270.0000	80.0000	10.0000	0.147501810
280.0000	80.0000	10.0000	0.267430800
290.0000	80.0000	10.0000	0.820203900
300.0000	80.0000	10.0000	1.248683300
310.0000	80.0000	10.0000	0.580158300
320.0000	80.0000	10.0000	0.661860050
330.0000	80.0000	10.0000	1.472026600
340.0000	80.0000	10.0000	0.883299800
350.0000	80.0000	10.0000	0.240387570
360.0000	80.0000	10.0000	1.000000000
0.0000	90.0000	10.0000	0.092716560
10.0000	90.0000	10.0000	0.095650340
20.0000	90.0000	10.0000	0.493124400
30.0000	90.0000	10.0000	1.198034600
40.0000	90.0000	10.0000	2.397602800
50.0000	90.0000	10.0000	3.344244700
60.0000	90.0000	10.0000	3.084380100
70.0000	90.0000	10.0000	1.119926100
80.0000	90.0000	10.0000	0.352526870
90.0000	90.0000	10.0000	0.245264650
100.0000	90.0000	10.0000	0.725331070
110.0000	90.0000	10.0000	3.302171700
120.0000	90.0000	10.0000	2.296813500
130.0000	90.0000	10.0000	2.167347400
140.0000	90.0000	10.0000	2.939793000
150.0000	90.0000	10.0000	2.415114000
160.0000	90.0000	10.0000	0.813219600
170.0000	90.0000	10.0000	0.133583710
180.0000	90.0000	10.0000	0.124140970
190.0000	90.0000	10.0000	0.248483670
200.0000	90.0000	10.0000	0.552725140
210.0000	90.0000	10.0000	1.271695000
220.0000	90.0000	10.0000	2.098895500
230.0000	90.0000	10.0000	2.136655300
240.0000	90.0000	10.0000	1.677030800
250.0000	90.0000	10.0000	0.998870300
260.0000	90.0000	10.0000	0.298887730
270.0000	90.0000	10.0000	0.187491390
280.0000	90.0000	10.0000	0.494702220
290.0000	90.0000	10.0000	1.580828100
300.0000	90.0000	10.0000	1.153124300
310.0000	90.0000	10.0000	0.616960900
320.0000	90.0000	10.0000	0.713173600
330.0000	90.0000	10.0000	1.505811500
340.0000	90.0000	10.0000	0.680244150
350.0000	90.0000	10.0000	0.233110670
360.0000	90.0000	10.0000	1.000000000
0.0000	0.0000	20.0000	1.000000000
10.0000	0.0000	20.0000	1.000000000
20.0000	0.0000	20.0000	1.000000000
30.0000	0.0000	20.0000	1.000000000
40.0000	0.0000	20.0000	1.000000000
50.0000	0.0000	20.0000	1.000000000
60.0000	0.0000	20.0000	1.000000000
70.0000	0.0000	20.0000	1.000000000
80.0000	0.0000	20.0000	1.000000000
90.0000	0.0000	20.0000	1.000000000
100.0000	0.0000	20.0000	1.000000000
110.0000	0.0000	20.0000	1.000000000
120.0000	0.0000	20.0000	1.000000000
130.0000	0.0000	20.0000	1.000000000
140.0000	0.0000	20.0000	1.000000000
150.0000	0.0000	20.0000	1.000000000
160.0000	0.0000	20.0000	1.000000000
170.0000	0.0000	20.0000	1.000000000
180.0000	0.0000	20.0000	1.000000000
190.0000	0.0000	20.0000	1.000000000
200.0000	0.0000	20.0000	1.000000000
210.0000	0.0000	20.0000	1.000000000
220.0000	0.0000	20.0000	1.000000000
230.0000	0.0000	20.0000	1.000000000
240.0000	0.0000	20.0000	1.000000000
250.0000	0.0000	20.0000	1.000000000
260.0000	0.0000	20.0000	1.000000000
270.0000	0.0000	20.0000	1.000000000
280.0000	0.0000	20.0000	1.000000000
290.0000	0.0000	20.0000	1.000000000
300.0000	0.0000	20.0000	1.000000000
310.0000	0.0000	20.0000	1.000000000
320.0000	0.0000	20.0000	1.000000000
330.0000	0.0000	20.0000	1.000000000
340.0000	0.0000	20.0000	1.000000000
350.0000	0.0000	20.0000	1.000000000
360.0000	0.0000	20.0000	1.000000000
0.0000	10.0000	20.0000	2.048747000
10.0000	10.0000	20.0000	4.400903000
20.0000	10.0000	20.0000	3.557474100
30.0000	10.0000	20.0000	2.111746500
40.0000	10.0000	20.0000	1.197167200
50.0000	10.0000	20.0000	0.220320720
60.0000	10.0000	20.0000	0.065614690
70.0000	10.0000	20.0000	0.081420675
80.0000	10.0000	20.0000	0.040656170
90.0000	10.0000	20.0000	0.067836590
100.0000	10.0000	20.0000	0.624884960
110.0000	10.0000	20.0000	1.109176900
120.0000	10.0000	20.0000	0.796054240
130.0000	10.0000	20.0000	0.803700750
140.0000	10.0000	20.0000	0.503580330
150.0000	10.0000	20.0000	0.146611350
160.0000	10.0000	20.0000	0.349189040
170.0000	10.0000	20.0000	0.865754960
180.0000	10.0000	20.0000	1.508798200
190.0000	10.0000	20.0000	1.341976500
200.0000	10.0000	20.0000	0.862033200
210.0000	10.0000	20.0000	0.655229500
220.0000	10.0000	20.0000	0.904443740
230.0000	10.0000	20.0000	0.308126300
240.0000	10.0000	20.0000	0.049645660
250.0000	10.0000	20.0000	0.030422967
260.0000	10.0000	20.0000	0.025071537
270.0000	10.0000	20.0000	0.066792230
280.0000	10.0000	20.0000	0.527537900
290.0000	10.0000	20.0000	0.990284600
300.0000	10.0000	20.0000	1.740108400
310.0000	10.0000	20.0000	2.385231300
320.0000	10.0000	20.0000	0.612935660
330.0000	10.0000	20.0000	0.181426840
340.0000	10.0000	20.0000	0.455798100
350.0000	10.0000	20.0000	1.073017500
360.0000	10.0000	20.0000	1.000000000
0.0000	20.0000	20.0000	1.724204400
10.0000	20.0000	20.0000	3.416084500
20.0000	20.0000	20.0000	1.877868000
30.0000	20.0000	20.0000	1.411387200
40.0000	20.0000	20.0000	1.100899300
50.0000	20.0000	20.0000	0.544971400
60.0000	20.0000	20.0000	0.163303690
70.0000	20.0000	20.0000	0.123117454
80.0000	20.0000	20.0000	0.107750100
90.0000	20.0000	20.0000	0.126980070
100.0000	20.0000	20.0000	0.350245740
110.0000	20.0000	20.0000	0.541895870
120.0000	20.0000	20.0000	0.584696950
130.0000	20.0000	20.0000	0.716760160
140.0000	20.0000	20.0000	0.661364500
150.0000	20.0000	20.0000	0.314888630
160.0000	20.0000	20.0000	0.300864820
170.0000	20.0000	20.0000	0.714036400
180.0000	20.0000	20.0000	1.140151100
190.0000	20.0000	20.0000	0.927644970
200.0000	20.0000	20.0000	0.656970500
210.0000	20.0000	20.0000	0.559072000
220.0000	20.0000	20.0000	0.676477100
230.0000	20.0000	20.0000	0.440814470
240.0000	20.0000	20.0000	0.129021140
250.0000	20.0000	20.0000	0.128343480
260.0000	20.0000	20.0000	0.098485240
270.0000	20.0000	20.0000	0.064294025
280.0000	20.0000	20.0000	0.301672550
290.0000	20.0000	20.0000	2.974630400
300.0000	20.0000	20.0000	2.873193500
310.0000	20.0000	20.0000	1.087082000
320.0000	20.0000	20.0000	0.899942200
330.0000	20.0000	20.0000	0.332786260
340.0000	20.0000	20.0000	0.228591960
350.0000	20.0000	20.0000	0.369970500
360.0000	20.0000	20.0000	1.000000000
0.0000	30.0000	20.0000	1.582484200
10.0000	30.0000	20.0000	1.707318000
20.0000	30.0000	20.0000	0.585486350
30.0000	30.0000	20.0000	0.571030860
40.0000	30.0000	20.0000	0.523646800
50.0000	30.0000	20.0000	0.445687380
60.0000	30.0000	20.0000	0.436549040
70.0000	30.0000	20.0000	0.163059880
80.0000	30.0000	20.0000	0.192651240
90.0000	30.0000	20.0000	0.252423400
100.0000	30.0000	20.0000	0.393192170
110.0000	30.0000	20.0000	0.579990300
120.0000	30.0000	20.0000	0.819116650
130.0000	30.0000	20.0000	0.664976060
140.0000	30.0000	20.0000	0.734822200
150.0000	30.0000	20.0000	0.749005000
160.0000	30.0000	20.0000	0.735734460
170.0000	30.0000	20.0000	1.329021900
180.0000	30.0000	20.0000	2.076740000
190.0000	30.0000	20.0000	1.143222300
200.0000	30.0000	20.0000	0.359296620
210.0000	30.0000	20.0000	0.474228560
220.0000	30.0000	20.0000	0.610779200
230.0000	30.0000	20.0000	0.407197650
240.0000	30.0000	20.0000	0.352613200
250.0000	30.0000	20.0000	0.191793810
260.0000	30.0000	20.0000	0.168371660
270.0000	30.0000	20.0000	0.110768300
280.0000	30.0000	20.0000	0.453817070
290.0000	30.0000	20.0000	1.872102500
300.0000	30.0000	20.0000	1.470996700
310.0000	30.0000	20.0000	1.197050500
320.0000	30.0000	20.0000	1.399408100
330.0000	30.0000	20.0000	0.431874220
340.0000	30.0000	20.0000	0.109365270
350.0000	30.0000	20.0000	0.139873530
360.0000	30.0000	20.0000	1.000000000
0.0000	40.0000	20.0000	1.775670200
10.0000	40.0000	20.0000	1.151794200
20.0000	40.0000	20.0000	0.314167920
30.0000	40.0000	20.0000	0.259154980
40.0000	40.0000	20.0000	0.201422150
50.0000	40.0000	20.0000	0.454517900
60.0000	40.0000	20.0000	1.287514200
70.0000	40.0000	20.0000	0.671308100
80.0000	40.0000	20.0000	0.604409400
90.0000	40.0000	20.0000	1.077079800
100.0000	40.0000	20.0000	0.864322540
110.0000	40.0000	20.0000	0.484306130
120.0000	40.0000	20.0000	0.350279700
130.0000	40.0000	20.0000	0.502959430
140.0000	40.0000	20.0000	0.965595400
150.0000	40.0000	20.0000	1.337715500
160.0000	40.0000	20.0000	1.878808900
170.0000	40.0000	20.0000	1.886393400
180.0000	40.0000	20.0000	2.260604600
190.0000	40.0000	20.0000	1.159697400
200.0000	40.0000	20.0000	0.264732420
210.0000	40.0000	20.0000	0.305167200
220.0000	40.0000	20.0000	0.569048460
230.0000	40.0000	20.0000	0.652700000
240.0000	40.0000	20.0000	0.637047200
250.0000	40.0000	20.0000	0.418474530
260.0000	40.0000	20.0000	0.411951270
270.0000	40.0000	20.0000	0.881194900
280.0000	40.0000	20.0000	1.415204400
290.0000	40.0000	20.0000	0.983851550
300.0000	40.0000	20.0000	0.711575800
310.0000	40.0000	20.0000	1.144285000
320.0000	40.0000	20.0000	1.062867800
330.0000	40.0000	20.0000	0.536180100
340.0000	40.0000	20.0000	0.363932200
350.0000	40.0000	20.0000	0.448058840
360.0000	40.0000	20.0000	1.000000000
0.0000	50.0000	20.0000	1.982121000
10.0000	50.0000	20.0000	1.075003000
20.0000	50.0000	20.0000	0.306096730
30.0000	50.0000	20.0000	0.288235960
40.0000	50.0000	20.0000	0.347852350
50.0000	50.0000	20.0000	0.692317000
60.0000	50.0000	20.0000	1.143523000
70.0000	50.0000	20.0000	0.664877950
80.0000	50.0000	20.0000	0.606268800
90.0000	50.0000	20.0000	0.842154260
100.0000	50.0000	20.0000	0.625080600
110.0000	50.0000	20.0000	0.250357150
120.0000	50.0000	20.0000	0.153675320
130.0000	50.0000	20.0000	0.323078040
140.0000	50.0000	20.0000	1.215538500
150.0000	50.0000	20.0000	1.377942700
160.0000	50.0000	20.0000	1.031464700
170.0000	50.0000	20.0000	0.770666600
180.0000	50.0000	20.0000	0.973976140
190.0000	50.0000	20.0000	0.807245850
200.0000	50.0000	20.0000	0.275970160
210.0000	50.0000	20.0000	0.262179400
220.0000	50.0000	20.0000	0.776701750
230.0000	50.0000	20.0000	1.320247900
240.0000	50.0000	20.0000	1.028221200
250.0000	50.0000	20.0000	0.576514800
260.0000	50.0000	20.0000	0.482684760
270.0000	50.0000	20.0000	1.130555000
280.0000	50.0000	20.0000	2.212523200
290.0000	50.0000	20.0000	0.792438570
300.0000	50.0000	20.0000	0.257019500
310.0000	50.0000	20.0000	0.361412900
320.0000	50.0000	20.0000	0.887279570
330.0000	50.0000	20.0000	1.205055200
340.0000	50.0000	20.0000	1.852424000
350.0000	50.0000	20.0000	2.602470000
360.0000	50.0000	20.0000	1.000000000
0.0000	60.0000	20.0000	1.046363100
10.0000	60.0000	20.0000	0.930142100
20.0000	60.0000	20.0000	0.463836100
30.0000	60.0000	20.0000	0.388200130
40.0000	60.0000	20.0000	0.468256860
50.0000	60.0000	20.0000	0.517050800
60.0000	60.0000	20.0000	0.448318360
70.0000	60.0000	20.0000	0.373640980
80.0000	60.0000	20.0000	0.220212650
90.0000	60.0000	20.0000	0.314692400
100.0000	60.0000	20.0000	0.316988680
110.0000	60.0000	20.0000	0.452403460
120.0000	60.0000	20.0000	0.449052160
130.0000	60.0000	20.0000	0.414805600
140.0000	60.0000	20.0000	0.969673500
150.0000	60.0000	20.0000	1.295885900
160.0000	60.0000	20.0000	0.517596200
170.0000	60.0000	20.0000	0.244699170
180.0000	60.0000	20.0000	0.244360210
190.0000	60.0000	20.0000	0.487082330
200.0000	60.0000	20.0000	0.453893700
210.0000	60.0000	20.0000	0.438345040
220.0000	60.0000	20.0000	0.939652440
230.0000	60.0000	20.0000	1.055787400
240.0000	60.0000	20.0000	0.465098800
250.0000	60.0000	20.0000	0.347385260
260.0000	60.0000	20.0000	0.255077240
270.0000	60.0000	20.0000	0.446196020
280.0000	60.0000	20.0000	1.015886400
290.0000	60.0000	20.0000	0.961620900
300.0000	60.0000	20.0000	0.548300000
310.0000	60.0000	20.0000	0.549856000
320.0000	60.0000	20.0000	1.336435900
330.0000	60.0000	20.0000	1.867609000
340.0000	60.0000	20.0000	2.019114000
350.0000	60.0000	20.0000	2.050746000
360.0000	60.0000	20.0000	1.000000000
0.0000	70.0000	20.0000	0.386900200
10.0000	70.0000	20.0000	0.545339640
20.0000	70.0000	20.0000	0.394189540
30.0000	70.0000	20.0000	0.302067220
40.0000	70.0000	20.0000	0.762841000
50.0000	70.0000	20.0000	0.606152060
60.0000	70.0000	20.0000	0.490583870
70.0000	70.0000	20.0000	0.701904240
80.0000	70.0000	20.0000	0.187704970
90.0000	70.0000	20.0000	0.125161440
100.0000	70.0000	20.0000	0.246725980
110.0000	70.0000	20.0000	0.692166300
120.0000	70.0000	20.0000	0.910086200
130.0000	70.0000	20.0000	0.607931400
140.0000	70.0000	20.0000	0.954518200
150.0000	70.0000	20.0000	1.499165400
160.0000	70.0000	20.0000	0.436848730
170.0000	70.0000	20.0000	0.135422320
180.0000	70.0000	20.0000	0.161815390
190.0000	70.0000	20.0000	0.389783380
200.0000	70.0000	20.0000	0.380085440
210.0000	70.0000	20.0000	0.458922400
220.0000	70.0000	20.0000	1.111571200
230.0000	70.0000	20.0000	0.789173070
240.0000	70.0000	20.0000	0.221819300
250.0000	70.0000	20.0000	0.292876870
260.0000	70.0000	20.0000	0.230165940
270.0000	70.0000	20.0000	0.242517780
280.0000	70.0000	20.0000	0.517125700
290.0000	70.0000	20.0000	1.106497300
300.0000	70.0000	20.0000	1.310277900
310.0000	70.0000	20.0000	0.666329740
320.0000	70.0000	20.0000	1.042003900
330.0000	70.0000	20.0000	1.629901800
340.0000	70.0000	20.0000	0.781051340
350.0000	70.0000	20.0000	0.404124080
360.0000	70.0000	20.0000	1.000000000
0.0000	80.0000	20.0000	0.209106490
10.0000	80.0000	20.0000	0.204234840
20.0000	80.0000	20.0000	0.188035410
30.0000	80.0000	20.0000	0.394978020
40.0000	80.0000	20.0000	2.380940200
50.0000	80.0000	20.0000	1.871096000
60.0000	80.0000	20.0000	0.952156800
70.0000	80.0000	20.0000	1.069180100
80.0000	80.0000	20.0000	0.264207070
90.0000	80.0000	20.0000	0.142290040
100.0000	80.0000	20.0000	0.379678220
110.0000	80.0000	20.0000	1.565065300
120.0000	80.0000	20.0000	1.478318800
130.0000	80.0000	20.0000	0.912085530
140.0000	80.0000	20.0000	1.144413200
150.0000	80.0000	20.0000	1.265761700
160.0000	80.0000	20.0000	0.396258000
170.0000	80.0000	20.0000	0.145164500
180.0000	80.0000	20.0000	0.128839420
190.0000	80.0000	20.0000	0.264948960
200.0000	80.0000	20.0000	0.247122690
210.0000	80.0000	20.0000	0.430884900
220.0000	80.0000	20.0000	0.995025460
230.0000	80.0000	20.0000	1.162778300
240.0000	80.0000	20.0000	0.579353400
250.0000	80.0000	20.0000	0.606863560
260.0000	80.0000	20.0000	0.300964330
270.0000	80.0000	20.0000	0.256680940
280.0000	80.0000	20.0000	0.539276660
290.0000	80.0000	20.0000	1.378291500
300.0000	80.0000	20.0000	1.336057000
310.0000	80.0000	20.0000	0.437887940
320.0000	80.0000	20.0000	0.506307070
330.0000	80.0000	20.0000	1.128827100
340.0000	80.0000	20.0000	0.387364830
350.0000	80.0000	20.0000	0.220965150
360.0000	80.0000	20.0000	1.000000000
0.0000	90.0000	20.0000	0.146421760
10.0000	90.0000	20.0000	0.111712590
20.0000	90.0000	20.0000	0.189047840
30.0000	90.0000	20.0000	0.580711540
40.0000	90.0000	20.0000	3.338712500
50.0000	90.0000	20.0000	2.695601200
60.0000	90.0000	20.0000	1.730624800
70.0000	90.0000	20.0000	1.305941200
80.0000	90.0000	20.0000	0.350149330
90.0000	90.0000	20.0000	0.247724610
100.0000	90.0000	20.0000	0.842695600
110.0000	90.0000	20.0000	3.300815300
120.0000	90.0000	20.0000	1.985045200
130.0000	90.0000	20.0000	1.234345100
140.0000	90.0000	20.0000	1.211462900
150.0000	90.0000	20.0000	0.743317660
160.0000	90.0000	20.0000	0.267065260
170.0000	90.0000	20.0000	0.115343420
180.0000	90.0000	20.0000	0.106737830
190.0000	90.0000	20.0000	0.243670180
200.0000	90.0000	20.0000	0.281589100
210.0000	90.0000	20.0000	0.464556220
220.0000	90.0000	20.0000	0.699952200
230.0000	90.0000	20.0000	0.857189900
240.0000	90.0000	20.0000	1.216983400
250.0000	90.0000	20.0000	1.204932100
260.0000	90.0000	20.0000	0.457684070
270.0000	90.0000	20.0000	0.372494700
280.0000	90.0000	20.0000	0.793803000
290.0000	90.0000	20.0000	1.550311700
300.0000	90.0000	20.0000	1.096435900
310.0000	90.0000	20.0000	0.398519720
320.0000	90.0000	20.0000	0.439705400
330.0000	90.0000	20.0000	0.907026950
340.0000	90.0000	20.0000	0.263539970
350.0000	90.0000	20.0000	0.221465360
360.0000	90.0000	20.0000	1.000000000
0.0000	0.0000	30.0000	1.000000000
10.0000	0.0000	30.0000	1.000000000
20.0000	0.0000	30.0000	1.000000000
30.0000	0.0000	30.0000	1.000000000
40.0000	0.0000	30.0000	1.000000000
50.0000	0.0000	30.0000	1.000000000
60.0000	0.0000	30.0000	1.000000000
70.0000	0.0000	30.0000	1.000000000
80.0000	0.0000	30.0000	1.000000000
90.0000	0.0000	30.0000	1.000000000
100.0000	0.0000	30.0000	1.000000000
110.0000	0.0000	30.0000	1.000000000
120.0000	0.0000	30.0000	1.000000000
130.0000	0.0000	30.0000	1.000000000
140.0000	0.0000	30.0000	1.000000000
150.0000	0.0000	30.0000	1.000000000
160.0000	0.0000	30.0000	1.000000000
170.0000	0.0000	30.0000	1.000000000
180.0000	0.0000	30.0000	1.000000000
190.0000	0.0000	30.0000	1.000000000
200.0000	0.0000	30.0000	1.000000000
210.0000	0.0000	30.0000	1.000000000
220.0000	0.0000	30.0000	1.000000000
230.0000	0.0000	30.0000	1.000000000
240.0000	0.0000	30.0000	1.000000000
250.0000	0.0000	30.0000	1.000000000
260.0000	0.0000	30.0000	1.000000000
270.0000	0.0000	30.0000	1.000000000
280.0000	0.0000	30.0000	1.000000000
290.0000	0.0000	30.0000	1.000000000
300.0000	0.0000	30.0000	1.000000000
310.0000	0.0000	30.0000	1.000000000
320.0000	0.0000	30.0000	1.000000000
330.0000	0.0000	30.0000	1.000000000
340.0000	0.0000	30.0000	1.000000000
350.0000	0.0000	30.0000	1.000000000
360.0000	0.0000	30.0000	1.000000000
0.0000	10.0000	30.0000	0.790831600
10.0000	10.0000	30.0000	2.802705000
20.0000	10.0000	30.0000	3.365601800
30.0000	10.0000	30.0000	1.239822300
40.0000	10.0000	30.0000	0.507185340
50.0000	10.0000	30.0000	0.091891190
60.0000	10.0000	30.0000	0.103545200
70.0000	10.0000	30.0000	0.172559290
80.0000	10.0000	30.0000	0.237931600
90.0000	10.0000	30.0000	1.067532700
100.0000	10.0000	30.0000	3.713277600
110.0000	10.0000	30.0000	2.027525000
120.0000	10.0000	30.0000	0.895583200
130.0000	10.0000	30.0000	0.471154030
140.0000	10.0000	30.0000	0.182922050
150.0000	10.0000	30.0000	0.093156950
160.0000	10.0000	30.0000	0.403638540
170.0000	10.0000	30.0000	1.662760600
180.0000	10.0000	30.0000	0.482843280
190.0000	10.0000	30.0000	0.643745500
200.0000	10.0000	30.0000	0.757797300
210.0000	10.0000	30.0000	0.932171050
220.0000	10.0000	30.0000	0.743627130
230.0000	10.0000	30.0000	0.087266760
240.0000	10.0000	30.0000	0.051943675
250.0000	10.0000	30.0000	0.057874914
260.0000	10.0000	30.0000	0.088606950
270.0000	10.0000	30.0000	0.551345300
280.0000	10.0000	30.0000	1.683619300
290.0000	10.0000	30.0000	1.555208800
300.0000	10.0000	30.0000	1.950137000
310.0000	10.0000	30.0000	0.816976100
320.0000	10.0000	30.0000	0.224304110
330.0000	10.0000	30.0000	0.132362430
340.0000	10.0000	30.0000	0.557330550
350.0000	10.0000	30.0000	1.974409500
360.0000	10.0000	30.0000	1.000000000
0.0000	20.0000	30.0000	1.418418400
10.0000	20.0000	30.0000	1.869470800
20.0000	20.0000	30.0000	1.557196100
30.0000	20.0000	30.0000	1.463633500
40.0000	20.0000	30.0000	0.579436660
50.0000	20.0000	30.0000	0.222195400
60.0000	20.0000	30.0000	0.115696736
70.0000	20.0000	30.0000	0.222540000
80.0000	20.0000	30.0000	0.345148470
90.0000	20.0000	30.0000	0.364056500
100.0000	20.0000	30.0000	0.603491600
110.0000	20.0000	30.0000	0.681615900
120.0000	20.0000	30.0000	0.557042000
130.0000	20.0000	30.0000	0.432199930
140.0000	20.0000	30.0000	0.310146700
150.0000	20.0000	30.0000	0.151284260
160.0000	20.0000	30.0000	0.271058830
170.0000	20.0000	30.0000	1.204851300
180.0000	20.0000	30.0000	0.775172650
190.0000	20.0000	30.0000	0.447024260
200.0000	20.0000	30.0000	0.557796400
210.0000	20.0000	30.0000	1.059171900
220.0000	20.0000	30.0000	0.614800200
230.0000	20.0000	30.0000	0.230038370
240.0000	20.0000	30.0000	0.132998720
250.0000	20.0000	30.0000	0.197648260
260.0000	20.0000	30.0000	0.190435630
270.0000	20.0000	30.0000	0.132165100
280.0000	20.0000	30.0000	0.353766230
290.0000	20.0000	30.0000	1.603421800
300.0000	20.0000	30.0000	1.571164000
310.0000	20.0000	30.0000	0.677549900
320.0000	20.0000	30.0000	0.385499660
330.0000	20.0000	30.0000	0.100470870
340.0000	20.0000	30.0000	0.174900920
350.0000	20.0000	30.0000	0.700454000
360.0000	20.0000	30.0000	1.000000000
0.0000	30.0000	30.0000	1.420134300
10.0000	30.0000	30.0000	1.065586000
20.0000	30.0000	30.0000	0.640254900
30.0000	30.0000	30.0000	0.815236200
40.0000	30.0000	30.0000	0.446303280
50.0000	30.0000	30.0000	0.248669150
60.0000	30.0000	30.0000	0.236315320
70.0000	30.0000	30.0000	0.313873440
80.0000	30.0000	30.0000	0.415326830
90.0000	30.0000	30.0000	0.342686830
100.0000	30.0000	30.0000	0.294259900
110.0000	30.0000	30.0000	0.442079500
120.0000	30.0000	30.0000	0.468950660
130.0000	30.0000	30.0000	0.387201130
140.0000	30.0000	30.0000	0.524521470
150.0000	30.0000	30.0000	0.489287970
160.0000	30.0000	30.0000	0.690042200
170.0000	30.0000	30.0000	1.511277100
180.0000	30.0000	30.0000	1.395144600
190.0000	30.0000	30.0000	0.625777500
200.0000	30.0000	30.0000	0.482236420
210.0000	30.0000	30.0000	1.122279300
220.0000	30.0000	30.0000	0.802588900
230.0000	30.0000	30.0000	0.388883500
240.0000	30.0000	30.0000	0.379253270
250.0000	30.0000	30.0000	0.340409000
260.0000	30.0000	30.0000	0.320726600
270.0000	30.0000	30.0000	0.157690380
280.0000	30.0000	30.0000	0.454120280
290.0000	30.0000	30.0000	1.592428700
300.0000	30.0000	30.0000	1.080613700
310.0000	30.0000	30.0000	0.680621000
320.0000	30.0000	30.0000	0.362231520
330.0000	30.0000	30.0000	0.094037990
340.0000	30.0000	30.0000	0.121781050
350.0000	30.0000	30.0000	0.443071930
360.0000	30.0000	30.0000	1.000000000
0.0000	40.0000	30.0000	1.546668600
10.0000	40.0000	30.0000	0.888048800
20.0000	40.0000	30.0000	0.361367200
30.0000	40.0000	30.0000	0.438994620
40.0000	40.0000	30.0000	0.375731920
50.0000	40.0000	30.0000	0.461771200
60.0000	40.0000	30.0000	0.512618660
70.0000	40.0000	30.0000	0.648913000
80.0000	40.0000	30.0000	0.884480500
90.0000	40.0000	30.0000	0.747560740
100.0000	40.0000	30.0000	0.330363800
110.0000	40.0000	30.0000	0.315875600
120.0000	40.0000	30.0000	0.297518820
130.0000	40.0000	30.0000	0.500944300
140.0000	40.0000	30.0000	1.018748800
150.0000	40.0000	30.0000	1.033030600
160.0000	40.0000	30.0000	1.540843100
170.0000	40.0000	30.0000	1.366220400
180.0000	40.0000	30.0000	1.539507200
190.0000	40.0000	30.0000	0.763363060
200.0000	40.0000	30.0000	0.365732730
210.0000	40.0000	30.0000	1.061741800
220.0000	40.0000	30.0000	1.516021600
230.0000	40.0000	30.0000	0.855229200
240.0000	40.0000	30.0000	0.654636200
250.0000	40.0000	30.0000	0.480737330
260.0000	40.0000	30.0000	0.642062300
270.0000	40.0000	30.0000	1.162940000
280.0000	40.0000	30.0000	1.158860200
290.0000	40.0000	30.0000	0.507910850
300.0000	40.0000	30.0000	0.336366600
310.0000	40.0000	30.0000	0.506857100
320.0000	40.0000	30.0000	0.530903600
330.0000	40.0000	30.0000	0.376255600
340.0000	40.0000	30.0000	0.587959300
350.0000	40.0000	30.0000	1.059848700
360.0000	40.0000	30.0000	1.000000000
0.0000	50.0000	30.0000	1.763533700
10.0000	50.0000	30.0000	0.877670650
20.0000	50.0000	30.0000	0.241619830
30.0000	50.0000	30.0000	0.270204600
40.0000	50.0000	30.0000	0.525802500
50.0000	50.0000	30.0000	0.882146000
60.0000	50.0000	30.0000	0.597041400
70.0000	50.0000	30.0000	0.551466050
80.0000	50.0000	30.0000	0.788079440
90.0000	50.0000	30.0000	0.925850000
100.0000	50.0000	30.0000	0.517303200
110.0000	50.0000	30.0000	0.290911970
120.0000	50.0000	30.0000	0.306155530
130.0000	50.0000	30.0000	0.766495170
140.0000	50.0000	30.0000	1.778305200
150.0000	50.0000	30.0000	1.220835100
160.0000	50.0000	30.0000	1.118987700
170.0000	50.0000	30.0000	0.970732600
180.0000	50.0000	30.0000	0.954630300
190.0000	50.0000	30.0000	0.486310330
200.0000	50.0000	30.0000	0.206060960
210.0000	50.0000	30.0000	0.603620400
220.0000	50.0000	30.0000	1.863798400
230.0000	50.0000	30.0000	1.015092000
240.0000	50.0000	30.0000	0.802321850
250.0000	50.0000	30.0000	0.562285840
260.0000	50.0000	30.0000	0.652000370
270.0000	50.0000	30.0000	2.919530600
280.0000	50.0000	30.0000	3.512169600
290.0000	50.0000	30.0000	0.350358370
300.0000	50.0000	30.0000	0.217052420
310.0000	50.0000	30.0000	0.522166850
320.0000	50.0000	30.0000	1.066943500
330.0000	50.0000	30.0000	0.896985200
340.0000	50.0000	30.0000	1.706071300
350.0000	50.0000	30.0000	2.100231000
360.0000	50.0000	30.0000	1.000000000
0.0000	60.0000	30.0000	1.230534900
10.0000	60.0000	30.0000	0.677660800
20.0000	60.0000	30.0000	0.197797370
30.0000	60.0000	30.0000	0.313234120
40.0000	60.0000	30.0000	0.585635240
50.0000	60.0000	30.0000	0.484902500
60.0000	60.0000	30.0000	0.375620340
70.0000	60.0000	30.0000	0.306341830
80.0000	60.0000	30.0000	0.351007600
90.0000	60.0000	30.0000	0.779188040
100.0000	60.0000	30.0000	0.704643130
110.0000	60.0000	30.0000	0.892819760
120.0000	60.0000	30.0000	0.617558500
130.0000	60.0000	30.0000	0.662568450
140.0000	60.0000	30.0000	1.442418200
150.0000	60.0000	30.0000	1.338144100
160.0000	60.0000	30.0000	0.771259800
170.0000	60.0000	30.0000	0.656258170
180.0000	60.0000	30.0000	0.427139000
190.0000	60.0000	30.0000	0.313649770
200.0000	60.0000	30.0000	0.244193210
210.0000	60.0000	30.0000	0.426195140
220.0000	60.0000	30.0000	0.771540400
230.0000	60.0000	30.0000	0.652371170
240.0000	60.0000	30.0000	0.522576750
250.0000	60.0000	30.0000	0.418917780
260.0000	60.0000	30.0000	0.390078370
270.0000	60.0000	30.0000	1.763735400
280.0000	60.0000	30.0000	2.698773400
290.0000	60.0000	30.0000	1.091220600
300.0000	60.0000	30.0000	0.498816000
310.0000	60.0000	30.0000	0.701121700
320.0000	60.0000	30.0000	1.668946500
330.0000	60.0000	30.0000	1.747566300
340.0000	60.0000	30.0000	2.172048000
350.0000	60.0000	30.0000	1.765641000
360.0000	60.0000	30.0000	1.000000000
0.0000	70.0000	30.0000	0.596312700
10.0000	70.0000	30.0000	0.411562380
20.0000	70.0000	30.0000	0.252165470
30.0000	70.0000	30.0000	0.477473940
40.0000	70.0000	30.0000	0.800510400
50.0000	70.0000	30.0000	0.601383000
60.0000	70.0000	30.0000	0.539368700
70.0000	70.0000	30.0000	0.468089280
80.0000	70.0000	30.0000	0.197859970
90.0000	70.0000	30.0000	0.217246150
100.0000	70.0000	30.0000	0.467953120
110.0000	70.0000	30.0000	1.558316800
120.0000	70.0000	30.0000	1.161730300
130.0000	70.0000	30.0000	0.537782000
140.0000	70.0000	30.0000	0.713942950
150.0000	70.0000	30.0000	0.940877400
160.0000	70.0000	30.0000	0.451648830
170.0000	70.0000	30.0000	0.359905800
180.0000	70.0000	30.0000	0.298226860
190.0000	70.0000	30.0000	0.366823600
200.0000	70.0000	30.0000	0.378477360
210.0000	70.0000	30.0000	0.347890350
220.0000	70.0000	30.0000	0.475793300
230.0000	70.0000	30.0000	0.574705540
240.0000	70.0000	30.0000	0.305835160
250.0000	70.0000	30.0000	0.393968800
260.0000	70.0000	30.0000	0.448284180
270.0000	70.0000	30.0000	0.829238300
280.0000	70.0000	30.0000	1.499376300
290.0000	70.0000	30.0000	1.879077200
300.0000	70.0000	30.0000	1.093486400
310.0000	70.0000	30.0000	0.589721740
320.0000	70.0000	30.0000	0.962517600
330.0000	70.0000	30.0000	1.805173200
340.0000	70.0000	30.0000	1.052020000
350.0000	70.0000	30.0000	0.945446100
360.0000	70.0000	30.0000	1.000000000
0.0000	80.0000	30.0000	0.316810160
10.0000	80.0000	30.0000	0.231258620
20.0000	80.0000	30.0000	0.219489770
30.0000	80.0000	30.0000	0.435033560
40.0000	80.0000	30.0000	1.257196700
50.0000	80.0000	30.0000	1.201154800
60.0000	80.0000	30.0000	1.088237300
70.0000	80.0000	30.0000	1.460801100
80.0000	80.0000	30.0000	0.359510300
90.0000	80.0000	30.0000	0.234565760
100.0000	80.0000	30.0000	0.747527540
110.0000	80.0000	30.0000	2.159324200
120.0000	80.0000	30.0000	1.319554700
130.0000	80.0000	30.0000	0.496358300
140.0000	80.0000	30.0000	0.453327200
150.0000	80.0000	30.0000	0.433910200
160.0000	80.0000	30.0000	0.344931040
170.0000	80.0000	30.0000	0.273125530
180.0000	80.0000	30.0000	0.240201150
190.0000	80.0000	30.0000	0.481872530
200.0000	80.0000	30.0000	0.466854000
210.0000	80.0000	30.0000	0.293294700
220.0000	80.0000	30.0000	0.455157370
230.0000	80.0000	30.0000	0.999548300
240.0000	80.0000	30.0000	0.820381600
250.0000	80.0000	30.0000	1.105408800
260.0000	80.0000	30.0000	0.879664200
270.0000	80.0000	30.0000	1.103194000
280.0000	80.0000	30.0000	1.845425800
290.0000	80.0000	30.0000	2.627431600
300.0000	80.0000	30.0000	1.242292300
310.0000	80.0000	30.0000	0.366193800
320.0000	80.0000	30.0000	0.452382830
330.0000	80.0000	30.0000	0.666255650
340.0000	80.0000	30.0000	0.386464360
350.0000	80.0000	30.0000	0.584961200
360.0000	80.0000	30.0000	1.000000000
0.0000	90.0000	30.0000	0.182710280
10.0000	90.0000	30.0000	0.151045430
20.0000	90.0000	30.0000	0.187938700
30.0000	90.0000	30.0000	0.391404360
40.0000	90.0000	30.0000	1.145490900
50.0000	90.0000	30.0000	1.255767100
60.0000	90.0000	30.0000	1.316465100
70.0000	90.0000	30.0000	2.003860000
80.0000	90.0000	30.0000	0.630243400
90.0000	90.0000	30.0000	0.463750180
100.0000	90.0000	30.0000	1.649022700
110.0000	90.0000	30.0000	3.162046700
120.0000	90.0000	30.0000	1.310746900
130.0000	90.0000	30.0000	0.798791350
140.0000	90.0000	30.0000	0.431429830
150.0000	90.0000	30.0000	0.229990850
160.0000	90.0000	30.0000	0.270258700
170.0000	90.0000	30.0000	0.182808010
180.0000	90.0000	30.0000	0.182812590
190.0000	90.0000	30.0000	0.567967650
200.0000	90.0000	30.0000	0.549062800
210.0000	90.0000	30.0000	0.285172700
220.0000	90.0000	30.0000	0.409463300
230.0000	90.0000	30.0000	1.273105700
240.0000	90.0000	30.0000	1.825182100
250.0000	90.0000	30.0000	2.831237600
260.0000	90.0000	30.0000	1.558629500
270.0000	90.0000	30.0000	1.478886100
280.0000	90.0000	30.0000	2.273172400
290.0000	90.0000	30.0000	2.637667000
300.0000	90.0000	30.0000	0.933991130
310.0000	90.0000	30.0000	0.305388960
320.0000	90.0000	30.0000	0.252273530
330.0000	90.0000	30.0000	0.344192560
340.0000	90.0000	30.0000	0.255043180
350.0000	90.0000	30.0000	0.484215600
360.0000	90.0000	30.0000	1.000000000
0.0000	0.0000	40.0000	1.000000000
10.0000	0.0000	40.0000	1.000000000
20.0000	0.0000	40.0000	1.000000000
30.0000	0.0000	40.0000	1.000000000
40.0000	0.0000	40.0000	1.000000000
50.0000	0.0000	40.0000	1.000000000
60.0000	0.0000	40.0000	1.000000000
70.0000	0.0000	40.0000	1.000000000
80.0000	0.0000	40.0000	1.000000000
90.0000	0.0000	40.0000	1.000000000
100.0000	0.0000	40.0000	1.000000000
110.0000	0.0000	40.0000	1.000000000
120.0000	0.0000	40.0000	1.000000000
130.0000	0.0000	40.0000	1.000000000
140.0000	0.0000	40.0000	1.000000000
150.0000	0.0000	40.0000	1.000000000
160.0000	0.0000	40.0000	1.000000000
170.0000	0.0000	40.0000	1.000000000
180.0000	0.0000	40.0000	1.000000000
190.0000	0.0000	40.0000	1.000000000
200.0000	0.0000	40.0000	1.000000000
210.0000	0.0000	40.0000	1.000000000
220.0000	0.0000	40.0000	1.000000000
230.0000	0.0000	40.0000	1.000000000
240.0000	0.0000	40.0000	1.000000000
250.0000	0.0000	40.0000	1.000000000
260.0000	0.0000	40.0000	1.000000000
270.0000	0.0000	40.0000	1.000000000
280.0000	0.0000	40.0000	1.000000000
290.0000	0.0000	40.0000	1.000000000
300.0000	0.0000	40.0000	1.000000000
310.0000	0.0000	40.0000	1.000000000
320.0000	0.0000	40.0000	1.000000000
330.0000	0.0000	40.0000	1.000000000
340.0000	0.0000	40.0000	1.000000000
350.0000	0.0000	40.0000	1.000000000
360.0000	0.0000	40.0000	1.000000000
0.0000	10.0000	40.0000	0.721850200
10.0000	10.0000	40.0000	2.457576800
20.0000	10.0000	40.0000	3.668011700
30.0000	10.0000	40.0000	0.322526600
40.0000	10.0000	40.0000	0.083225550
50.0000	10.0000	40.0000	0.069591284
60.0000	10.0000	40.0000	0.151578830
70.0000	10.0000	40.0000	0.663467300
80.0000	10.0000	40.0000	1.678061200
90.0000	10.0000	40.0000	5.479648000
100.0000	10.0000	40.0000	9.228397000
110.0000	10.0000	40.0000	1.490140600
120.0000	10.0000	40.0000	0.463294900
130.0000	10.0000	40.0000	0.115799540
140.0000	10.0000	40.0000	0.067494110
150.0000	10.0000	40.0000	0.076120290
160.0000	10.0000	40.0000	0.929388500
170.0000	10.0000	40.0000	1.495232600
180.0000	10.0000	40.0000	0.357543350
190.0000	10.0000	40.0000	0.754488800
200.0000	10.0000	40.0000	1.187652000
210.0000	10.0000	40.0000	0.409083400
220.0000	10.0000	40.0000	0.065161180
230.0000	10.0000	40.0000	0.048814062
240.0000	10.0000	40.0000	0.094457270
250.0000	10.0000	40.0000	0.287677050
260.0000	10.0000	40.0000	1.292564300
270.0000	10.0000	40.0000	5.483378400
280.0000	10.0000	40.0000	8.340517000
290.0000	10.0000	40.0000	1.922411200
300.0000	10.0000	40.0000	0.826292900
310.0000	10.0000	40.0000	0.157177550
320.0000	10.0000	40.0000	0.082866240
330.0000	10.0000	40.0000	0.116994100
340.0000	10.0000	40.0000	1.349873700
350.0000	10.0000	40.0000	2.197371500
360.0000	10.0000	40.0000	1.000000000
0.0000	20.0000	40.0000	0.917313200
10.0000	20.0000	40.0000	1.455103800
20.0000	20.0000	40.0000	1.794031100
30.0000	20.0000	40.0000	0.530275700
40.0000	20.0000	40.0000	0.137063250
50.0000	20.0000	40.0000	0.132521470
60.0000	20.0000	40.0000	0.243018300
70.0000	20.0000	40.0000	0.413380560
80.0000	20.0000	40.0000	1.011251000
90.0000	20.0000	40.0000	3.706644000
100.0000	20.0000	40.0000	1.755828400
110.0000	20.0000	40.0000	0.365038600
120.0000	20.0000	40.0000	0.332941560
130.0000	20.0000	40.0000	0.228681490
140.0000	20.0000	40.0000	0.131383280
150.0000	20.0000	40.0000	0.194190430
160.0000	20.0000	40.0000	0.663809500
170.0000	20.0000	40.0000	1.256877500
180.0000	20.0000	40.0000	0.533341050
190.0000	20.0000	40.0000	0.522258600
200.0000	20.0000	40.0000	1.027141000
210.0000	20.0000	40.0000	0.696135760
220.0000	20.0000	40.0000	0.154584720
230.0000	20.0000	40.0000	0.182181670
240.0000	20.0000	40.0000	0.428941800
250.0000	20.0000	40.0000	0.325763670
260.0000	20.0000	40.0000	0.638535860
270.0000	20.0000	40.0000	3.222553500
280.0000	20.0000	40.0000	1.183431000
290.0000	20.0000	40.0000	0.517534140
300.0000	20.0000	40.0000	0.853992700
310.0000	20.0000	40.0000	0.301453470
320.0000	20.0000	40.0000	0.126769770
330.0000	20.0000	40.0000	0.170165270
340.0000	20.0000	40.0000	0.622650700
350.0000	20.0000	40.0000	1.157384300
360.0000	20.0000	40.0000	1.000000000
0.0000	30.0000	40.0000	0.939138950
10.0000	30.0000	40.0000	0.825809200
20.0000	30.0000	40.0000	1.183811300
30.0000	30.0000	40.0000	0.575586260
40.0000	30.0000	40.0000	0.223136410
50.0000	30.0000	40.0000	0.248299820
60.0000	30.0000	40.0000	0.279397130
70.0000	30.0000	40.0000	0.336209900
80.0000	30.0000	40.0000	0.449896450
90.0000	30.0000	40.0000	0.787194400
100.0000	30.0000	40.0000	0.733405100
110.0000	30.0000	40.0000	0.258449440
120.0000	30.0000	40.0000	0.236594200
130.0000	30.0000	40.0000	0.355109480
140.0000	30.0000	40.0000	0.374202850
150.0000	30.0000	40.0000	0.652539250
160.0000	30.0000	40.0000	0.951939200
170.0000	30.0000	40.0000	1.172128300
180.0000	30.0000	40.0000	0.929868600
190.0000	30.0000	40.0000	0.778266670
200.0000	30.0000	40.0000	1.113440000
210.0000	30.0000	40.0000	1.146662500
220.0000	30.0000	40.0000	0.561760840
230.0000	30.0000	40.0000	0.393233540
240.0000	30.0000	40.0000	0.441184280
250.0000	30.0000	40.0000	0.277357000
260.0000	30.0000	40.0000	0.287228850
270.0000	30.0000	40.0000	0.700965100
280.0000	30.0000	40.0000	0.591683600
290.0000	30.0000	40.0000	0.517693300
300.0000	30.0000	40.0000	0.709302200
310.0000	30.0000	40.0000	0.359167750
320.0000	30.0000	40.0000	0.205464020
330.0000	30.0000	40.0000	0.240260880
340.0000	30.0000	40.0000	0.548408000
350.0000	30.0000	40.0000	1.108285500
360.0000	30.0000	40.0000	1.000000000
0.0000	40.0000	40.0000	0.973730200
10.0000	40.0000	40.0000	0.866930370
20.0000	40.0000	40.0000	1.206206700
30.0000	40.0000	40.0000	0.893309800
40.0000	40.0000	40.0000	0.600765700
50.0000	40.0000	40.0000	0.425649370
60.0000	40.0000	40.0000	0.300166600
70.0000	40.0000	40.0000	0.382065830
80.0000	40.0000	40.0000	0.433115000
90.0000	40.0000	40.0000	0.626903200
100.0000	40.0000	40.0000	0.489870000
110.0000	40.0000	40.0000	0.251415200
120.0000	40.0000	40.0000	0.280506460
130.0000	40.0000	40.0000	0.610856500
140.0000	40.0000	40.0000	0.979609250
150.0000	40.0000	40.0000	1.641068600
160.0000	40.0000	40.0000	1.694611100
170.0000	40.0000	40.0000	0.851960200
180.0000	40.0000	40.0000	0.907285500
190.0000	40.0000	40.0000	0.913838900
200.0000	40.0000	40.0000	1.163611700
210.0000	40.0000	40.0000	2.439262600
220.0000	40.0000	40.0000	1.814128200
230.0000	40.0000	40.0000	0.792029440
240.0000	40.0000	40.0000	0.440744200
250.0000	40.0000	40.0000	0.262554140
260.0000	40.0000	40.0000	0.324231270
270.0000	40.0000	40.0000	0.864535700
280.0000	40.0000	40.0000	0.687595100
290.0000	40.0000	40.0000	0.213570940
300.0000	40.0000	40.0000	0.165938180
310.0000	40.0000	40.0000	0.246324300
320.0000	40.0000	40.0000	0.395688120
330.0000	40.0000	40.0000	0.550507660
340.0000	40.0000	40.0000	1.178950400
350.0000	40.0000	40.0000	1.349715700
360.0000	40.0000	40.0000	1.000000000
0.0000	50.0000	40.0000	1.039886000
10.0000	50.0000	40.0000	0.884794900
20.0000	50.0000	40.0000	0.916634440
30.0000	50.0000	40.0000	1.925123300
40.0000	50.0000	40.0000	1.687836300
50.0000	50.0000	40.0000	0.557593460
60.0000	50.0000	40.0000	0.371627060
70.0000	50.0000	40.0000	0.523011740
80.0000	50.0000	40.0000	1.035919200
90.0000	50.0000	40.0000	1.600934900
100.0000	50.0000	40.0000	0.862379200
110.0000	50.0000	40.0000	0.465402720
120.0000	50.0000	40.0000	0.635426040
130.0000	50.0000	40.0000	1.218048000
140.0000	50.0000	40.0000	1.951082700
150.0000	50.0000	40.0000	2.692130600
160.0000	50.0000	40.0000	2.341934400
170.0000	50.0000	40.0000	0.697218300
180.0000	50.0000	40.0000	0.523798700
190.0000	50.0000	40.0000	0.439379100
200.0000	50.0000	40.0000	0.723741350
210.0000	50.0000	40.0000	3.422609800
220.0000	50.0000	40.0000	2.715226200
230.0000	50.0000	40.0000	0.801972450
240.0000	50.0000	40.0000	0.654632100
250.0000	50.0000	40.0000	0.609613060
260.0000	50.0000	40.0000	0.925928700
270.0000	50.0000	40.0000	3.441838300
280.0000	50.0000	40.0000	2.196200600
290.0000	50.0000	40.0000	0.339624020
300.0000	50.0000	40.0000	0.294638630
310.0000	50.0000	40.0000	0.680816950
320.0000	50.0000	40.0000	1.307507000
330.0000	50.0000	40.0000	1.492355700
340.0000	50.0000	40.0000	1.670949600
350.0000	50.0000	40.0000	0.911401500
360.0000	50.0000	40.0000	1.000000000
0.0000	60.0000	40.0000	0.889729860
10.0000	60.0000	40.0000	0.688442050
20.0000	60.0000	40.0000	0.771276060
30.0000	60.0000	40.0000	3.135869000
40.0000	60.0000	40.0000	1.360533500
50.0000	60.0000	40.0000	0.264991640
60.0000	60.0000	40.0000	0.368018420
70.0000	60.0000	40.0000	0.564202900
80.0000	60.0000	40.0000	0.854032000
90.0000	60.0000	40.0000	1.567366500
100.0000	60.0000	40.0000	1.736215000
110.0000	60.0000	40.0000	1.571923600
120.0000	60.0000	40.0000	0.911487100
130.0000	60.0000	40.0000	0.846021830
140.0000	60.0000	40.0000	1.376588600
150.0000	60.0000	40.0000	1.883160500
160.0000	60.0000	40.0000	1.879134300
170.0000	60.0000	40.0000	0.862230000
180.0000	60.0000	40.0000	0.399341260
190.0000	60.0000	40.0000	0.329179500
200.0000	60.0000	40.0000	0.533897100
210.0000	60.0000	40.0000	1.472985400
220.0000	60.0000	40.0000	0.934193250
230.0000	60.0000	40.0000	0.366159350
240.0000	60.0000	40.0000	0.666324260
250.0000	60.0000	40.0000	1.071036600
260.0000	60.0000	40.0000	0.970884740
270.0000	60.0000	40.0000	2.611464300
280.0000	60.0000	40.0000	3.233650200
290.0000	60.0000	40.0000	0.885373830
300.0000	60.0000	40.0000	0.428101180
310.0000	60.0000	40.0000	0.506182970
320.0000	60.0000	40.0000	1.330456900
330.0000	60.0000	40.0000	3.330577400
340.0000	60.0000	40.0000	2.341773300
350.0000	60.0000	40.0000	0.925139300
360.0000	60.0000	40.0000	1.000000000
0.0000	70.0000	40.0000	0.631223740
10.0000	70.0000	40.0000	0.631639200
20.0000	70.0000	40.0000	1.189604000
30.0000	70.0000	40.0000	1.704246400
40.0000	70.0000	40.0000	0.578408200
50.0000	70.0000	40.0000	0.202347730
60.0000	70.0000	40.0000	0.342510430
70.0000	70.0000	40.0000	0.492034300
80.0000	70.0000	40.0000	0.385163660
90.0000	70.0000	40.0000	0.708788300
100.0000	70.0000	40.0000	1.519859200
110.0000	70.0000	40.0000	2.133401000
120.0000	70.0000	40.0000	0.902449100
130.0000	70.0000	40.0000	0.326003600
140.0000	70.0000	40.0000	0.320815440
150.0000	70.0000	40.0000	0.536244500
160.0000	70.0000	40.0000	1.032532300
170.0000	70.0000	40.0000	0.925752000
180.0000	70.0000	40.0000	0.520599840
190.0000	70.0000	40.0000	0.558859500
200.0000	70.0000	40.0000	0.650986900
210.0000	70.0000	40.0000	0.477614550
220.0000	70.0000	40.0000	0.270394270
230.0000	70.0000	40.0000	0.238447440
240.0000	70.0000	40.0000	0.506231500
250.0000	70.0000	40.0000	1.018503100
260.0000	70.0000	40.0000	0.851817000
270.0000	70.0000	40.0000	1.452495500
280.0000	70.0000	40.0000	1.700064400
290.0000	70.0000	40.0000	1.034044400
300.0000	70.0000	40.0000	0.527992840
310.0000	70.0000	40.0000	0.236786780
320.0000	70.0000	40.0000	0.573361500
330.0000	70.0000	40.0000	2.342162000
340.0000	70.0000	40.0000	1.499837000
350.0000	70.0000	40.0000	0.939956300
360.0000	70.0000	40.0000	1.000000000
0.0000	80.0000	40.0000	0.527864700
10.0000	80.0000	40.0000	0.577753070
20.0000	80.0000	40.0000	1.370544100
30.0000	80.0000	40.0000	0.897699100
40.0000	80.0000	40.0000	0.868013860
50.0000	80.0000	40.0000	1.365231000
60.0000	80.0000	40.0000	1.285481200
70.0000	80.0000	40.0000	1.708744300
80.0000	80.0000	40.0000	0.915553100
90.0000	80.0000	40.0000	1.154013300
100.0000	80.0000	40.0000	3.011259000
110.0000	80.0000	40.0000	3.010286300
120.0000	80.0000	40.0000	1.203479400
130.0000	80.0000	40.0000	0.596280200
140.0000	80.0000	40.0000	0.330411520
150.0000	80.0000	40.0000	0.481629280
160.0000	80.0000	40.0000	1.235068100
170.0000	80.0000	40.0000	0.882088070
180.0000	80.0000	40.0000	0.745868900
190.0000	80.0000	40.0000	1.260475300
200.0000	80.0000	40.0000	1.652006300
210.0000	80.0000	40.0000	0.470389040
220.0000	80.0000	40.0000	0.379098420
230.0000	80.0000	40.0000	0.777706740
240.0000	80.0000	40.0000	1.021628600
250.0000	80.0000	40.0000	1.806505200
260.0000	80.0000	40.0000	2.125573400
270.0000	80.0000	40.0000	2.488119000
280.0000	80.0000	40.0000	2.321681000
290.0000	80.0000	40.0000	1.605413300
300.0000	80.0000	40.0000	0.707647560
310.0000	80.0000	40.0000	0.340311170
320.0000	80.0000	40.0000	0.424118200
330.0000	80.0000	40.0000	0.702897250
340.0000	80.0000	40.0000	0.825229800
350.0000	80.0000	40.0000	0.888856000
360.0000	80.0000	40.0000	1.000000000
0.0000	90.0000	40.0000	0.420999140
10.0000	90.0000	40.0000	0.397785840
20.0000	90.0000	40.0000	1.264271700
30.0000	90.0000	40.0000	0.861251240
40.0000	90.0000	40.0000	1.192890900
50.0000	90.0000	40.0000	2.623958800
60.0000	90.0000	40.0000	2.154861000
70.0000	90.0000	40.0000	4.227348000
80.0000	90.0000	40.0000	1.955425900
90.0000	90.0000	40.0000	2.111519800
100.0000	90.0000	40.0000	6.286791000
110.0000	90.0000	40.0000	5.646224000
120.0000	90.0000	40.0000	2.067861600
130.0000	90.0000	40.0000	2.221738300
140.0000	90.0000	40.0000	0.676909000
150.0000	90.0000	40.0000	0.767428300
160.0000	90.0000	40.0000	2.368736300
170.0000	90.0000	40.0000	0.726105750
180.0000	90.0000	40.0000	0.685571000
190.0000	90.0000	40.0000	1.593812600
200.0000	90.0000	40.0000	2.331304300
210.0000	90.0000	40.0000	0.549470500
220.0000	90.0000	40.0000	0.594294000
230.0000	90.0000	40.0000	1.701221000
240.0000	90.0000	40.0000	1.978555800
250.0000	90.0000	40.0000	4.445440000
260.0000	90.0000	40.0000	3.482758800
270.0000	90.0000	40.0000	3.184350000
280.0000	90.0000	40.0000	3.551192500
290.0000	90.0000	40.0000	2.578504300
300.0000	90.0000	40.0000	0.927164440
310.0000	90.0000	40.0000	0.653910000
320.0000	90.0000	40.0000	0.489798550
330.0000	90.0000	40.0000	0.501356960
340.0000	90.0000	40.0000	1.065367000
350.0000	90.0000	40.0000	1.362190000
360.0000	90.0000	40.0000	1.000000000
0.0000	0.0000	50.0000	1.000000000
10.0000	0.0000	50.0000	1.000000000
20.0000	0.0000	50.0000	1.000000000
30.0000	0.0000	50.0000	1.000000000
40.0000	0.0000	50.0000	1.000000000
50.0000	0.0000	50.0000	1.000000000
60.0000	0.0000	50.0000	1.000000000
70.0000	0.0000	50.0000	1.000000000
80.0000	0.0000	50.0000	1.000000000
90.0000	0.0000	50.0000	1.000000000
100.0000	0.0000	50.0000	1.000000000
110.0000	0.0000	50.0000	1.000000000
120.0000	0.0000	50.0000	1.000000000
130.0000	0.0000	50.0000	1.000000000
140.0000	0.0000	50.0000	1.000000000
150.0000	0.0000	50.0000	1.000000000
160.0000	0.0000	50.0000	1.000000000
170.0000	0.0000	50.0000	1.000000000
180.0000	0.0000	50.0000	1.000000000
190.0000	0.0000	50.0000	1.000000000
200.0000	0.0000	50.0000	1.000000000
210.0000	0.0000	50.0000	1.000000000
220.0000	0.0000	50.0000	1.000000000
230.0000	0.0000	50.0000	1.000000000
240.0000	0.0000	50.0000	1.000000000
250.0000	0.0000	50.0000	1.000000000
260.0000	0.0000	50.0000	1.000000000
270.0000	0.0000	50.0000	1.000000000
280.0000	0.0000	50.0000	1.000000000
290.0000	0.0000	50.0000	1.000000000
300.0000	0.0000	50.0000	1.000000000
310.0000	0.0000	50.0000	1.000000000
320.0000	0.0000	50.0000	1.000000000
330.0000	0.0000	50.0000	1.000000000
340.0000	0.0000	50.0000	1.000000000
350.0000	0.0000	50.0000	1.000000000
360.0000	0.0000	50.0000	1.000000000
0.0000	10.0000	50.0000	0.911327300
10.0000	10.0000	50.0000	2.841908000
20.0000	10.0000	50.0000	2.073476600
30.0000	10.0000	50.0000	0.084107004
40.0000	10.0000	50.0000	0.067489950
50.0000	10.0000	50.0000	0.154939040
60.0000	10.0000	50.0000	0.868712660
70.0000	10.0000	50.0000	2.350035200
80.0000	10.0000	50.0000	2.626235000
90.0000	10.0000	50.0000	5.689351000
100.0000	10.0000	50.0000	4.763544000
110.0000	10.0000	50.0000	0.209697990
120.0000	10.0000	50.0000	0.080613820
130.0000	10.0000	50.0000	0.067530350
140.0000	10.0000	50.0000	0.100812150
150.0000	10.0000	50.0000	0.278495430
160.0000	10.0000	50.0000	1.513920200
170.0000	10.0000	50.0000	0.992021100
180.0000	10.0000	50.0000	0.420531300
190.0000	10.0000	50.0000	1.146775200
200.0000	10.0000	50.0000	0.746927860
210.0000	10.0000	50.0000	0.056722650
220.0000	10.0000	50.0000	0.043226610
230.0000	10.0000	50.0000	0.157849500
240.0000	10.0000	50.0000	0.927877840
250.0000	10.0000	50.0000	1.229725800
260.0000	10.0000	50.0000	1.759460200
270.0000	10.0000	50.0000	5.461804000
280.0000	10.0000	50.0000	5.854724000
290.0000	10.0000	50.0000	0.440878400
300.0000	10.0000	50.0000	0.122061566
310.0000	10.0000	50.0000	0.079736840
320.0000	10.0000	50.0000	0.129651170
330.0000	10.0000	50.0000	0.401294900
340.0000	10.0000	50.0000	1.705164300
350.0000	10.0000	50.0000	1.759202200
360.0000	10.0000	50.0000	1.000000000
0.0000	20.0000	50.0000	0.972256240
10.0000	20.0000	50.0000	1.669282000
20.0000	20.0000	50.0000	0.776449560
30.0000	20.0000	50.0000	0.146447140
40.0000	20.0000	50.0000	0.104458440
50.0000	20.0000	50.0000	0.205800090
60.0000	20.0000	50.0000	0.479733650
70.0000	20.0000	50.0000	0.683686550
80.0000	20.0000	50.0000	1.279630900
90.0000	20.0000	50.0000	3.589628200
100.0000	20.0000	50.0000	1.326727300
110.0000	20.0000	50.0000	0.288850200
120.0000	20.0000	50.0000	0.281180260
130.0000	20.0000	50.0000	0.184753970
140.0000	20.0000	50.0000	0.165670930
150.0000	20.0000	50.0000	0.447351300
160.0000	20.0000	50.0000	1.117414600
170.0000	20.0000	50.0000	0.878139500
180.0000	20.0000	50.0000	0.622777100
190.0000	20.0000	50.0000	0.794004440
200.0000	20.0000	50.0000	0.846602500
210.0000	20.0000	50.0000	0.200175800
220.0000	20.0000	50.0000	0.094114654
230.0000	20.0000	50.0000	0.263829600
240.0000	20.0000	50.0000	0.653379300
250.0000	20.0000	50.0000	0.361438270
260.0000	20.0000	50.0000	0.541144970
270.0000	20.0000	50.0000	3.038466700
280.0000	20.0000	50.0000	1.220482000
290.0000	20.0000	50.0000	0.391836140
300.0000	20.0000	50.0000	0.404901560
310.0000	20.0000	50.0000	0.181414620
320.0000	20.0000	50.0000	0.177177100
330.0000	20.0000	50.0000	0.496456150
340.0000	20.0000	50.0000	1.128095100
350.0000	20.0000	50.0000	0.995559450
360.0000	20.0000	50.0000	1.000000000
0.0000	30.0000	50.0000	0.784251450
10.0000	30.0000	50.0000	0.874375100
20.0000	30.0000	50.0000	0.504859030
30.0000	30.0000	50.0000	0.248738170
40.0000	30.0000	50.0000	0.134192350
50.0000	30.0000	50.0000	0.286930170
60.0000	30.0000	50.0000	0.475207400
70.0000	30.0000	50.0000	0.426385640
80.0000	30.0000	50.0000	0.501143600
90.0000	30.0000	50.0000	0.787230700
100.0000	30.0000	50.0000	0.716101650
110.0000	30.0000	50.0000	0.262276400
120.0000	30.0000	50.0000	0.231648130
130.0000	30.0000	50.0000	0.351934080
140.0000	30.0000	50.0000	0.529947700
150.0000	30.0000	50.0000	1.059635600
160.0000	30.0000	50.0000	1.366226200
170.0000	30.0000	50.0000	0.900233500
180.0000	30.0000	50.0000	1.176725500
190.0000	30.0000	50.0000	1.507945100
200.0000	30.0000	50.0000	1.392765400
210.0000	30.0000	50.0000	0.816498900
220.0000	30.0000	50.0000	0.335870240
230.0000	30.0000	50.0000	0.380519360
240.0000	30.0000	50.0000	0.500541400
250.0000	30.0000	50.0000	0.256812300
260.0000	30.0000	50.0000	0.263090730
270.0000	30.0000	50.0000	0.684012350
280.0000	30.0000	50.0000	0.564231750
290.0000	30.0000	50.0000	0.366203100
300.0000	30.0000	50.0000	0.390303850
310.0000	30.0000	50.0000	0.386898400
320.0000	30.0000	50.0000	0.322855620
330.0000	30.0000	50.0000	0.449607000
340.0000	30.0000	50.0000	0.923820440
350.0000	30.0000	50.0000	0.602996050
360.0000	30.0000	50.0000	1.000000000
0.0000	40.0000	50.0000	0.840555900
10.0000	40.0000	50.0000	1.017606100
20.0000	40.0000	50.0000	1.004995600
30.0000	40.0000	50.0000	0.721768500
40.0000	40.0000	50.0000	0.436527460
50.0000	40.0000	50.0000	0.227975170
60.0000	40.0000	50.0000	0.177049850
70.0000	40.0000	50.0000	0.237833900
80.0000	40.0000	50.0000	0.538898700
90.0000	40.0000	50.0000	0.741270660
100.0000	40.0000	50.0000	0.567771000
110.0000	40.0000	50.0000	0.300426240
120.0000	40.0000	50.0000	0.298176600
130.0000	40.0000	50.0000	0.651142660
140.0000	40.0000	50.0000	2.008517000
150.0000	40.0000	50.0000	3.193436100
160.0000	40.0000	50.0000	1.344693200
170.0000	40.0000	50.0000	0.674197500
180.0000	40.0000	50.0000	1.291207400
190.0000	40.0000	50.0000	1.729658200
200.0000	40.0000	50.0000	1.742010000
210.0000	40.0000	50.0000	2.271750500
220.0000	40.0000	50.0000	1.160868800
230.0000	40.0000	50.0000	0.637388300
240.0000	40.0000	50.0000	0.247956530
250.0000	40.0000	50.0000	0.154654820
260.0000	40.0000	50.0000	0.310050400
270.0000	40.0000	50.0000	0.733292940
280.0000	40.0000	50.0000	0.528480950
290.0000	40.0000	50.0000	0.387274200
300.0000	40.0000	50.0000	0.335483040
310.0000	40.0000	50.0000	0.446550670
320.0000	40.0000	50.0000	0.615144600
330.0000	40.0000	50.0000	0.696478370
340.0000	40.0000	50.0000	0.908678770
350.0000	40.0000	50.0000	0.458953050
360.0000	40.0000	50.0000	1.000000000
0.0000	50.0000	50.0000	1.018036200
10.0000	50.0000	50.0000	1.215740000
20.0000	50.0000	50.0000	1.501394400
30.0000	50.0000	50.0000	2.328299800
40.0000	50.0000	50.0000	1.609453600
50.0000	50.0000	50.0000	0.438687770
60.0000	50.0000	50.0000	0.261389850
70.0000	50.0000	50.0000	0.425073400
80.0000	50.0000	50.0000	1.728485800
90.0000	50.0000	50.0000	2.636782200
100.0000	50.0000	50.0000	1.022884200
110.0000	50.0000	50.0000	0.537355100
120.0000	50.0000	50.0000	0.627859400
130.0000	50.0000	50.0000	1.021407800
140.0000	50.0000	50.0000	3.347117700
150.0000	50.0000	50.0000	3.915861100
160.0000	50.0000	50.0000	0.722836000
170.0000	50.0000	50.0000	0.367933800
180.0000	50.0000	50.0000	0.743151370
190.0000	50.0000	50.0000	1.011719000
200.0000	50.0000	50.0000	1.556475800
210.0000	50.0000	50.0000	2.885862000
220.0000	50.0000	50.0000	2.363964600
230.0000	50.0000	50.0000	1.187630000
240.0000	50.0000	50.0000	0.569456500
250.0000	50.0000	50.0000	0.478383840
260.0000	50.0000	50.0000	0.980239870
270.0000	50.0000	50.0000	2.186870300
280.0000	50.0000	50.0000	1.183490400
290.0000	50.0000	50.0000	0.488245840
300.0000	50.0000	50.0000	0.397383330
310.0000	50.0000	50.0000	0.638959100
320.0000	50.0000	50.0000	1.343551300
330.0000	50.0000	50.0000	1.550739300
340.0000	50.0000	50.0000	0.744397900
350.0000	50.0000	50.0000	0.338306960
360.0000	50.0000	50.0000	1.000000000
0.0000	60.0000	50.0000	0.768079800
10.0000	60.0000	50.0000	0.957074400
20.0000	60.0000	50.0000	2.611119300
30.0000	60.0000	50.0000	5.128422000
40.0000	60.0000	50.0000	1.194401100
50.0000	60.0000	50.0000	0.358670500
60.0000	60.0000	50.0000	0.594251630
70.0000	60.0000	50.0000	1.210661900
80.0000	60.0000	50.0000	2.000517800
90.0000	60.0000	50.0000	2.732935200
100.0000	60.0000	50.0000	1.725894200
110.0000	60.0000	50.0000	1.010344900
120.0000	60.0000	50.0000	0.556130800
130.0000	60.0000	50.0000	0.485944500
140.0000	60.0000	50.0000	1.186303300
150.0000	60.0000	50.0000	1.439703600
160.0000	60.0000	50.0000	0.535496350
170.0000	60.0000	50.0000	0.402825470
180.0000	60.0000	50.0000	0.490654800
190.0000	60.0000	50.0000	0.751855850
200.0000	60.0000	50.0000	1.290194400
210.0000	60.0000	50.0000	1.769275500
220.0000	60.0000	50.0000	1.212985600
230.0000	60.0000	50.0000	0.620349000
240.0000	60.0000	50.0000	1.054257300
250.0000	60.0000	50.0000	2.030533800
260.0000	60.0000	50.0000	1.375567300
270.0000	60.0000	50.0000	1.801142900
280.0000	60.0000	50.0000	1.341550800
290.0000	60.0000	50.0000	0.459557100
300.0000	60.0000	50.0000	0.343270150
310.0000	60.0000	50.0000	0.334652100
320.0000	60.0000	50.0000	1.198266300
330.0000	60.0000	50.0000	2.177092600
340.0000	60.0000	50.0000	0.631352660
350.0000	60.0000	50.0000	0.352550100
360.0000	60.0000	50.0000	1.000000000
0.0000	70.0000	50.0000	0.548146900
10.0000	70.0000	50.0000	0.832527600
20.0000	70.0000	50.0000	2.911397500
30.0000	70.0000	50.0000	2.691841100
40.0000	70.0000	50.0000	0.422589570
50.0000	70.0000	50.0000	0.237001930
60.0000	70.0000	50.0000	0.749380200
70.0000	70.0000	50.0000	1.375413100
80.0000	70.0000	50.0000	1.552006500
90.0000	70.0000	50.0000	1.983662600
100.0000	70.0000	50.0000	1.383774200
110.0000	70.0000	50.0000	0.979099800
120.0000	70.0000	50.0000	0.399008150
130.0000	70.0000	50.0000	0.219238190
140.0000	70.0000	50.0000	0.284880940
150.0000	70.0000	50.0000	0.577227830
160.0000	70.0000	50.0000	0.895350040
170.0000	70.0000	50.0000	0.602873740
180.0000	70.0000	50.0000	0.528823100
190.0000	70.0000	50.0000	0.777724400
200.0000	70.0000	50.0000	0.741396100
210.0000	70.0000	50.0000	0.524432200
220.0000	70.0000	50.0000	0.270192100
230.0000	70.0000	50.0000	0.236103920
240.0000	70.0000	50.0000	0.972453900
250.0000	70.0000	50.0000	2.163050200
260.0000	70.0000	50.0000	1.071663500
270.0000	70.0000	50.0000	0.734375100
280.0000	70.0000	50.0000	0.483396860
290.0000	70.0000	50.0000	0.356959280
300.0000	70.0000	50.0000	0.302163840
310.0000	70.0000	50.0000	0.166399450
320.0000	70.0000	50.0000	0.580599250
330.0000	70.0000	50.0000	1.752435800
340.0000	70.0000	50.0000	0.818950830
350.0000	70.0000	50.0000	0.601041260
360.0000	70.0000	50.0000	1.000000000
0.0000	80.0000	50.0000	0.586676060
10.0000	80.0000	50.0000	0.835877240
20.0000	80.0000	50.0000	1.989605900
30.0000	80.0000	50.0000	0.849132600
40.0000	80.0000	50.0000	0.405664830
50.0000	80.0000	50.0000	0.447247770
60.0000	80.0000	50.0000	1.001719700
70.0000	80.0000	50.0000	2.069702000
80.0000	80.0000	50.0000	3.395067000
90.0000	80.0000	50.0000	3.994581000
100.0000	80.0000	50.0000	3.624747300
110.0000	80.0000	50.0000	2.370393500
120.0000	80.0000	50.0000	1.373435000
130.0000	80.0000	50.0000	1.339050900
140.0000	80.0000	50.0000	0.419778000
150.0000	80.0000	50.0000	0.595870800
160.0000	80.0000	50.0000	1.919621700
170.0000	80.0000	50.0000	0.767760900
180.0000	80.0000	50.0000	0.614200200
190.0000	80.0000	50.0000	1.062688100
200.0000	80.0000	50.0000	0.755309500
210.0000	80.0000	50.0000	0.378182020
220.0000	80.0000	50.0000	0.253807340
230.0000	80.0000	50.0000	0.326748700
240.0000	80.0000	50.0000	1.070652500
250.0000	80.0000	50.0000	1.791538100
260.0000	80.0000	50.0000	1.486990000
270.0000	80.0000	50.0000	0.943277000
280.0000	80.0000	50.0000	0.770031800
290.0000	80.0000	50.0000	0.943974730
300.0000	80.0000	50.0000	0.812282700
310.0000	80.0000	50.0000	0.720188860
320.0000	80.0000	50.0000	0.650088300
330.0000	80.0000	50.0000	1.019868500
340.0000	80.0000	50.0000	1.265624600
350.0000	80.0000	50.0000	0.897916440
360.0000	80.0000	50.0000	1.000000000
0.0000	90.0000	50.0000	0.518405200
10.0000	90.0000	50.0000	0.645584000
20.0000	90.0000	50.0000	2.395988200
30.0000	90.0000	50.0000	0.777027670
40.0000	90.0000	50.0000	0.645536900
50.0000	90.0000	50.0000	1.596110800
60.0000	90.0000	50.0000	1.958852200
70.0000	90.0000	50.0000	4.824048000
80.0000	90.0000	50.0000	5.565793000
90.0000	90.0000	50.0000	6.115846600
100.0000	90.0000	50.0000	8.156237000
110.0000	90.0000	50.0000	6.005941400
120.0000	90.0000	50.0000	2.789182700
130.0000	90.0000	50.0000	2.962762800
140.0000	90.0000	50.0000	0.711012240
150.0000	90.0000	50.0000	0.688301700
160.0000	90.0000	50.0000	2.688549300
170.0000	90.0000	50.0000	0.577978600
180.0000	90.0000	50.0000	0.554585600
190.0000	90.0000	50.0000	1.367114900
200.0000	90.0000	50.0000	1.277975100
210.0000	90.0000	50.0000	0.526826400
220.0000	90.0000	50.0000	0.449676040
230.0000	90.0000	50.0000	0.725545940
240.0000	90.0000	50.0000	1.373120100
250.0000	90.0000	50.0000	2.388265400
260.0000	90.0000	50.0000	1.518464700
270.0000	90.0000	50.0000	1.283690900
280.0000	90.0000	50.0000	1.588242800
290.0000	90.0000	50.0000	2.529584200
300.0000	90.0000	50.0000	1.590944600
310.0000	90.0000	50.0000	1.648432000
320.0000	90.0000	50.0000	0.843298440
330.0000	90.0000	50.0000	0.746417000
340.0000	90.0000	50.0000	1.369589700
350.0000	90.0000	50.0000	0.971442100
360.0000	90.0000	50.0000	1.000000000
0.0000	0.0000	60.0000	1.000000000
10.0000	0.0000	60.0000	1.000000000
20.0000	0.0000	60.0000	1.000000000
30.0000	0.0000	60.0000	1.000000000
40.0000	0.0000	60.0000	1.000000000
50.0000	0.0000	60.0000	1.000000000
60.0000	0.0000	60.0000	1.000000000
70.0000	0.0000	60.0000	1.000000000
80.0000	0.0000	60.0000	1.000000000
90.0000	0.0000	60.0000	1.000000000
100.0000	0.0000	60.0000	1.000000000
110.0000	0.0000	60.0000	1.000000000
120.0000	0.0000	60.0000	1.000000000
130.0000	0.0000	60.0000	1.000000000
140.0000	0.0000	60.0000	1.000000000
150.0000	0.0000	60.0000	1.000000000
160.0000	0.0000	60.0000	1.000000000
170.0000	0.0000	60.0000	1.000000000
180.0000	0.0000	60.0000	1.000000000
190.0000	0.0000	60.0000	1.000000000
200.0000	0.0000	60.0000	1.000000000
210.0000	0.0000	60.0000	1.000000000
220.0000	0.0000	60.0000	1.000000000
230.0000	0.0000	60.0000	1.000000000
240.0000	0.0000	60.0000	1.000000000
250.0000	0.0000	60.0000	1.000000000
260.0000	0.0000	60.0000	1.000000000
270.0000	0.0000	60.0000	1.000000000
280.0000	0.0000	60.0000	1.000000000
290.0000	0.0000	60.0000	1.000000000
300.0000	0.0000	60.0000	1.000000000
310.0000	0.0000	60.0000	1.000000000
320.0000	0.0000	60.0000	1.000000000
330.0000	0.0000	60.0000	1.000000000
340.0000	0.0000	60.0000	1.000000000
350.0000	0.0000	60.0000	1.000000000
360.0000	0.0000	60.0000	1.000000000
0.0000	10.0000	60.0000	1.482083400
10.0000	10.0000	60.0000	3.013879800
20.0000	10.0000	60.0000	0.672214500
30.0000	10.0000	60.0000	0.104334615
40.0000	10.0000	60.0000	0.237382000
50.0000	10.0000	60.0000	0.698080060
60.0000	10.0000	60.0000	1.546520000
70.0000	10.0000	60.0000	2.369816800
80.0000	10.0000	60.0000	2.062073700
90.0000	10.0000	60.0000	0.288833860
100.0000	10.0000	60.0000	0.073246860
110.0000	10.0000	60.0000	0.087953640
120.0000	10.0000	60.0000	0.078952810
130.0000	10.0000	60.0000	0.104750210
140.0000	10.0000	60.0000	0.470940600
150.0000	10.0000	60.0000	0.779887000
160.0000	10.0000	60.0000	1.166627900
170.0000	10.0000	60.0000	1.189956300
180.0000	10.0000	60.0000	0.589383600
190.0000	10.0000	60.0000	0.994273250
200.0000	10.0000	60.0000	0.269323620
210.0000	10.0000	60.0000	0.070515400
220.0000	10.0000	60.0000	0.181669470
230.0000	10.0000	60.0000	0.870659500
240.0000	10.0000	60.0000	1.396626200
250.0000	10.0000	60.0000	1.046818400
260.0000	10.0000	60.0000	2.242389000
270.0000	10.0000	60.0000	0.851281170
280.0000	10.0000	60.0000	0.201744840
290.0000	10.0000	60.0000	0.195210100
300.0000	10.0000	60.0000	0.107659320
310.0000	10.0000	60.0000	0.171396850
320.0000	10.0000	60.0000	0.700848760
330.0000	10.0000	60.0000	0.846706500
340.0000	10.0000	60.0000	1.662997700
350.0000	10.0000	60.0000	2.159987400
360.0000	10.0000	60.0000	1.000000000
0.0000	20.0000	60.0000	1.575098400
10.0000	20.0000	60.0000	1.725815900
20.0000	20.0000	60.0000	0.195621390
30.0000	20.0000	60.0000	0.091299504
40.0000	20.0000	60.0000	0.339699630
50.0000	20.0000	60.0000	0.617854360
60.0000	20.0000	60.0000	1.384547700
70.0000	20.0000	60.0000	1.913974600
80.0000	20.0000	60.0000	0.281370370
90.0000	20.0000	60.0000	0.107824005
100.0000	20.0000	60.0000	0.163367110
110.0000	20.0000	60.0000	0.163504450
120.0000	20.0000	60.0000	0.158873620
130.0000	20.0000	60.0000	0.265272800
140.0000	20.0000	60.0000	0.608868060
150.0000	20.0000	60.0000	1.141506900
160.0000	20.0000	60.0000	0.819450860
170.0000	20.0000	60.0000	0.972391300
180.0000	20.0000	60.0000	0.926351600
190.0000	20.0000	60.0000	0.617629200
200.0000	20.0000	60.0000	0.236682900
210.0000	20.0000	60.0000	0.117145170
220.0000	20.0000	60.0000	0.286787000
230.0000	20.0000	60.0000	0.499932800
240.0000	20.0000	60.0000	0.785503800
250.0000	20.0000	60.0000	0.518866660
260.0000	20.0000	60.0000	0.298348000
270.0000	20.0000	60.0000	0.362382230
280.0000	20.0000	60.0000	0.417680260
290.0000	20.0000	60.0000	0.211288720
300.0000	20.0000	60.0000	0.158876790
310.0000	20.0000	60.0000	0.278589220
320.0000	20.0000	60.0000	0.594755600
330.0000	20.0000	60.0000	1.159977200
340.0000	20.0000	60.0000	1.216368000
350.0000	20.0000	60.0000	1.113492500
360.0000	20.0000	60.0000	1.000000000
0.0000	30.0000	60.0000	1.104387500
10.0000	30.0000	60.0000	0.818931340
20.0000	30.0000	60.0000	0.122816430
30.0000	30.0000	60.0000	0.110281190
40.0000	30.0000	60.0000	0.233913840
50.0000	30.0000	60.0000	0.451605000
60.0000	30.0000	60.0000	0.801339150
70.0000	30.0000	60.0000	1.117219000
80.0000	30.0000	60.0000	0.477210000
90.0000	30.0000	60.0000	0.258026150
100.0000	30.0000	60.0000	0.332887950
110.0000	30.0000	60.0000	0.293391200
120.0000	30.0000	60.0000	0.382088480
130.0000	30.0000	60.0000	0.493045000
140.0000	30.0000	60.0000	0.843130900
150.0000	30.0000	60.0000	1.093802100
160.0000	30.0000	60.0000	0.605263500
170.0000	30.0000	60.0000	0.916120700
180.0000	30.0000	60.0000	1.718761100
190.0000	30.0000	60.0000	1.642250800
200.0000	30.0000	60.0000	0.926649600
210.0000	30.0000	60.0000	0.474880930
220.0000	30.0000	60.0000	0.509234400
230.0000	30.0000	60.0000	0.603445950
240.0000	30.0000	60.0000	0.529495950
250.0000	30.0000	60.0000	0.348322600
260.0000	30.0000	60.0000	0.253349900
270.0000	30.0000	60.0000	0.395021900
280.0000	30.0000	60.0000	0.492938940
290.0000	30.0000	60.0000	0.190789680
300.0000	30.0000	60.0000	0.245928540
310.0000	30.0000	60.0000	0.350841050
320.0000	30.0000	60.0000	0.454220650
330.0000	30.0000	60.0000	0.679206900
340.0000	30.0000	60.0000	0.607321300
350.0000	30.0000	60.0000	0.589905000
360.0000	30.0000	60.0000	1.000000000
0.0000	40.0000	60.0000	1.196731400
10.0000	40.0000	60.0000	0.991803500
20.0000	40.0000	60.0000	0.437447670
30.0000	40.0000	60.0000	0.374678340
40.0000	40.0000	60.0000	0.383147360
50.0000	40.0000	60.0000	0.398082300
60.0000	40.0000	60.0000	0.274646730
70.0000	40.0000	60.0000	0.452130260
80.0000	40.0000	60.0000	1.529023300
90.0000	40.0000	60.0000	1.374332000
100.0000	40.0000	60.0000	0.757328450
110.0000	40.0000	60.0000	0.508451900
120.0000	40.0000	60.0000	0.532519400
130.0000	40.0000	60.0000	1.019465200
140.0000	40.0000	60.0000	1.751082500
150.0000	40.0000	60.0000	1.038658000
160.0000	40.0000	60.0000	0.369281100
170.0000	40.0000	60.0000	0.752676370
180.0000	40.0000	60.0000	2.185220200
190.0000	40.0000	60.0000	2.045169600
200.0000	40.0000	60.0000	1.953123000
210.0000	40.0000	60.0000	1.705146200
220.0000	40.0000	60.0000	0.985811650
230.0000	40.0000	60.0000	0.612818240
240.0000	40.0000	60.0000	0.285042940
250.0000	40.0000	60.0000	0.203379140
260.0000	40.0000	60.0000	0.469524650
270.0000	40.0000	60.0000	1.006154500
280.0000	40.0000	60.0000	0.681481500
290.0000	40.0000	60.0000	0.484651030
300.0000	40.0000	60.0000	0.559242070
310.0000	40.0000	60.0000	0.578277000
320.0000	40.0000	60.0000	0.415321700
330.0000	40.0000	60.0000	0.390307600
340.0000	40.0000	60.0000	0.302399100
350.0000	40.0000	60.0000	0.433705930
360.0000	40.0000	60.0000	1.000000000
0.0000	50.0000	60.0000	1.720946300
10.0000	50.0000	60.0000	1.503005400
20.0000	50.0000	60.0000	1.065171800
30.0000	50.0000	60.0000	1.125276400
40.0000	50.0000	60.0000	1.017619600
50.0000	50.0000	60.0000	0.414959340
60.0000	50.0000	60.0000	0.211542430
70.0000	50.0000	60.0000	0.422478000
80.0000	50.0000	60.0000	2.817939300
90.0000	50.0000	60.0000	2.119078200
100.0000	50.0000	60.0000	0.734187600
110.0000	50.0000	60.0000	0.547447900
120.0000	50.0000	60.0000	0.648270850
130.0000	50.0000	60.0000	1.462788900
140.0000	50.0000	60.0000	2.408583200
150.0000	50.0000	60.0000	0.538197900
160.0000	50.0000	60.0000	0.167908740
170.0000	50.0000	60.0000	0.504946300
180.0000	50.0000	60.0000	1.486407800
190.0000	50.0000	60.0000	1.077274600
200.0000	50.0000	60.0000	1.075538800
210.0000	50.0000	60.0000	1.796515600
220.0000	50.0000	60.0000	1.672559700
230.0000	50.0000	60.0000	0.702776800
240.0000	50.0000	60.0000	0.328031840
250.0000	50.0000	60.0000	0.306169960
260.0000	50.0000	60.0000	0.635155140
270.0000	50.0000	60.0000	1.340642800
280.0000	50.0000	60.0000	0.687090800
290.0000	50.0000	60.0000	0.557228740
300.0000	50.0000	60.0000	0.675968700
310.0000	50.0000	60.0000	0.601555760
320.0000	50.0000	60.0000	0.486892970
330.0000	50.0000	60.0000	0.317440780
340.0000	50.0000	60.0000	0.222753100
350.0000	50.0000	60.0000	0.384680800
360.0000	50.0000	60.0000	1.000000000
0.0000	60.0000	60.0000	1.138690700
10.0000	60.0000	60.0000	1.128179200
20.0000	60.0000	60.0000	1.776316500
30.0000	60.0000	60.0000	2.224670600
40.0000	60.0000	60.0000	1.052735600
50.0000	60.0000	60.0000	0.533555100
60.0000	60.0000	60.0000	0.746480170
70.0000	60.0000	60.0000	1.388437600
80.0000	60.0000	60.0000	2.192964000
90.0000	60.0000	60.0000	1.894984600
100.0000	60.0000	60.0000	0.567960900
110.0000	60.0000	60.0000	0.475349660
120.0000	60.0000	60.0000	0.362712350
130.0000	60.0000	60.0000	0.467562940
140.0000	60.0000	60.0000	0.806760130
150.0000	60.0000	60.0000	0.479530600
160.0000	60.0000	60.0000	0.202757100
170.0000	60.0000	60.0000	0.418546140
180.0000	60.0000	60.0000	0.561788400
190.0000	60.0000	60.0000	0.591028630
200.0000	60.0000	60.0000	0.684309540
210.0000	60.0000	60.0000	1.238084200
220.0000	60.0000	60.0000	1.209039100
230.0000	60.0000	60.0000	0.635152300
240.0000	60.0000	60.0000	0.730982070
250.0000	60.0000	60.0000	1.159809700
260.0000	60.0000	60.0000	0.739812970
270.0000	60.0000	60.0000	0.670124000
280.0000	60.0000	60.0000	0.382829000
290.0000	60.0000	60.0000	0.328665350
300.0000	60.0000	60.0000	0.432811860
310.0000	60.0000	60.0000	0.384345470
320.0000	60.0000	60.0000	0.529426400
330.0000	60.0000	60.0000	0.545428040
340.0000	60.0000	60.0000	0.239240780
350.0000	60.0000	60.0000	0.284036200
360.0000	60.0000	60.0000	1.000000000
0.0000	70.0000	60.0000	0.470594970
10.0000	70.0000	60.0000	0.577811400
20.0000	70.0000	60.0000	1.224251200
30.0000	70.0000	60.0000	1.974268400
40.0000	70.0000	60.0000	0.744378200
50.0000	70.0000	60.0000	0.624402640
60.0000	70.0000	60.0000	1.727449200
70.0000	70.0000	60.0000	2.363586700
80.0000	70.0000	60.0000	1.928078200
90.0000	70.0000	60.0000	1.030196300
100.0000	70.0000	60.0000	0.411283850
110.0000	70.0000	60.0000	0.583006860
120.0000	70.0000	60.0000	0.363834560
130.0000	70.0000	60.0000	0.264247180
140.0000	70.0000	60.0000	0.420428300
150.0000	70.0000	60.0000	0.509432200
160.0000	70.0000	60.0000	0.387190850
170.0000	70.0000	60.0000	0.337021400
180.0000	70.0000	60.0000	0.279560500
190.0000	70.0000	60.0000	0.480933670
200.0000	70.0000	60.0000	0.447550980
210.0000	70.0000	60.0000	0.726955100
220.0000	70.0000	60.0000	0.554236800
230.0000	70.0000	60.0000	0.425062980
240.0000	70.0000	60.0000	1.024186000
250.0000	70.0000	60.0000	1.753099700
260.0000	70.0000	60.0000	0.541768600
270.0000	70.0000	60.0000	0.201056000
280.0000	70.0000	60.0000	0.185121610
290.0000	70.0000	60.0000	0.339143070
300.0000	70.0000	60.0000	0.407406870
310.0000	70.0000	60.0000	0.438841100
320.0000	70.0000	60.0000	0.697808600
330.0000	70.0000	60.0000	0.759159450
340.0000	70.0000	60.0000	0.364250030
350.0000	70.0000	60.0000	0.342184130
360.0000	70.0000	60.0000	1.000000000
0.0000	80.0000	60.0000	0.271649750
10.0000	80.0000	60.0000	0.371892800
20.0000	80.0000	60.0000	0.545250900
30.0000	80.0000	60.0000	0.571036300
40.0000	80.0000	60.0000	0.330181780
50.0000	80.0000	60.0000	0.357332860
60.0000	80.0000	60.0000	1.478448000
70.0000	80.0000	60.0000	2.653587600
80.0000	80.0000	60.0000	2.974185200
90.0000	80.0000	60.0000	1.598709600
100.0000	80.0000	60.0000	1.054148300
110.0000	80.0000	60.0000	1.399431000
120.0000	80.0000	60.0000	0.945041200
130.0000	80.0000	60.0000	0.655516900
140.0000	80.0000	60.0000	0.371306330
150.0000	80.0000	60.0000	0.283974530
160.0000	80.0000	60.0000	0.394042300
170.0000	80.0000	60.0000	0.274298970
180.0000	80.0000	60.0000	0.184373940
190.0000	80.0000	60.0000	0.420071420
200.0000	80.0000	60.0000	0.322321800
210.0000	80.0000	60.0000	0.494830550
220.0000	80.0000	60.0000	0.434763160
230.0000	80.0000	60.0000	0.423682780
240.0000	80.0000	60.0000	1.306263900
250.0000	80.0000	60.0000	1.426625700
260.0000	80.0000	60.0000	0.523566900
270.0000	80.0000	60.0000	0.247173770
280.0000	80.0000	60.0000	0.339971500
290.0000	80.0000	60.0000	1.018295300
300.0000	80.0000	60.0000	0.902972700
310.0000	80.0000	60.0000	1.186434400
320.0000	80.0000	60.0000	1.161518600
330.0000	80.0000	60.0000	0.508374800
340.0000	80.0000	60.0000	0.360209850
350.0000	80.0000	60.0000	0.524470750
360.0000	80.0000	60.0000	1.000000000
0.0000	90.0000	60.0000	0.195089500
10.0000	90.0000	60.0000	0.245183930
20.0000	90.0000	60.0000	0.357196480
30.0000	90.0000	60.0000	0.265477150
40.0000	90.0000	60.0000	0.146866520
50.0000	90.0000	60.0000	0.235007510
60.0000	90.0000	60.0000	1.345175600
70.0000	90.0000	60.0000	2.784361100
80.0000	90.0000	60.0000	3.638177000
90.0000	90.0000	60.0000	2.560779800
100.0000	90.0000	60.0000	2.262578700
110.0000	90.0000	60.0000	2.424607000
120.0000	90.0000	60.0000	1.319238300
130.0000	90.0000	60.0000	0.958850800
140.0000	90.0000	60.0000	0.347636400
150.0000	90.0000	60.0000	0.213162320
160.0000	90.0000	60.0000	0.407659470
170.0000	90.0000	60.0000	0.261970800
180.0000	90.0000	60.0000	0.160508500
190.0000	90.0000	60.0000	0.318299230
200.0000	90.0000	60.0000	0.247388050
210.0000	90.0000	60.0000	0.421739970
220.0000	90.0000	60.0000	0.470933050
230.0000	90.0000	60.0000	0.636973900
240.0000	90.0000	60.0000	1.834057000
250.0000	90.0000	60.0000	1.139851300
260.0000	90.0000	60.0000	0.512399600
270.0000	90.0000	60.0000	0.402318600
280.0000	90.0000	60.0000	0.789932900
290.0000	90.0000	60.0000	2.271434300
300.0000	90.0000	60.0000	1.462141200
310.0000	90.0000	60.0000	1.754448700
320.0000	90.0000	60.0000	1.210903200
330.0000	90.0000	60.0000	0.342638730
340.0000	90.0000	60.0000	0.369327870
350.0000	90.0000	60.0000	0.642654060
360.0000	90.0000	60.0000	1.000000000
