0.0000	0.0000	0.0000	0.163578000
10.0000	0.0000	0.0000	0.456952450
20.0000	0.0000	0.0000	2.566153800
30.0000	0.0000	0.0000	1.332365000
40.0000	0.0000	0.0000	0.519319900
50.0000	0.0000	0.0000	0.793478850
60.0000	0.0000	0.0000	1.554039800
70.0000	0.0000	0.0000	2.273987500
80.0000	0.0000	0.0000	0.318952260
90.0000	0.0000	0.0000	0.209554310
100.0000	0.0000	0.0000	0.632775100
110.0000	0.0000	0.0000	2.967648700
120.0000	0.0000	0.0000	4.102864700
130.0000	0.0000	0.0000	3.510614000
140.0000	0.0000	0.0000	3.673769000
150.0000	0.0000	0.0000	3.809769400
160.0000	0.0000	0.0000	1.609041800
170.0000	0.0000	0.0000	0.234274860
180.0000	0.0000	0.0000	0.124693100
190.0000	0.0000	0.0000	0.377999660
200.0000	0.0000	0.0000	2.538821200
210.0000	0.0000	0.0000	0.614551300
220.0000	0.0000	0.0000	0.175261960
230.0000	0.0000	0.0000	0.153901930
240.0000	0.0000	0.0000	0.399974880
250.0000	0.0000	0.0000	0.965649840
260.0000	0.0000	0.0000	0.125171570
270.0000	0.0000	0.0000	0.078642830
280.0000	0.0000	0.0000	0.254362880
290.0000	0.0000	0.0000	1.816912700
300.0000	0.0000	0.0000	2.884767300
310.0000	0.0000	0.0000	2.029593700
320.0000	0.0000	0.0000	2.532318400
330.0000	0.0000	0.0000	3.791437900
340.0000	0.0000	0.0000	1.671693700
350.0000	0.0000	0.0000	0.302668750
360.0000	0.0000	0.0000	1.000000000
0.0000	10.0000	0.0000	0.164332320
10.0000	10.0000	0.0000	1.243558200
20.0000	10.0000	0.0000	5.291305000
30.0000	10.0000	0.0000	0.370777730
40.0000	10.0000	0.0000	1.965436700
50.0000	10.0000	0.0000	7.472736400
60.0000	10.0000	0.0000	1.785319900
70.0000	10.0000	0.0000	3.217146900
80.0000	10.0000	0.0000	0.352273100
90.0000	10.0000	0.0000	0.335222240
100.0000	10.0000	0.0000	1.798426500
110.0000	10.0000	0.0000	4.743322000
120.0000	10.0000	0.0000	2.987233900
130.0000	10.0000	0.0000	2.535095500
140.0000	10.0000	0.0000	3.954881000
150.0000	10.0000	0.0000	7.358237300
160.0000	10.0000	0.0000	2.726543400
170.0000	10.0000	0.0000	0.610911130
180.0000	10.0000	0.0000	0.229579730
190.0000	10.0000	0.0000	1.929356500
200.0000	10.0000	0.0000	1.520434900
210.0000	10.0000	0.0000	0.350672540
220.0000	10.0000	0.0000	0.351363630
230.0000	10.0000	0.0000	1.458477300
240.0000	10.0000	0.0000	1.662678700
250.0000	10.0000	0.0000	1.936532100
260.0000	10.0000	0.0000	0.516083060
270.0000	10.0000	0.0000	0.419595030
280.0000	10.0000	0.0000	1.718263000
290.0000	10.0000	0.0000	4.542725600
300.0000	10.0000	0.0000	4.225023300
310.0000	10.0000	0.0000	4.877874400
320.0000	10.0000	0.0000	4.374276000
330.0000	10.0000	0.0000	4.525495500
340.0000	10.0000	0.0000	1.805047300
350.0000	10.0000	0.0000	0.462517080
360.0000	10.0000	0.0000	1.000000000
0.0000	20.0000	0.0000	0.292114800
10.0000	20.0000	0.0000	0.756161870
20.0000	20.0000	0.0000	2.517588400
30.0000	20.0000	0.0000	1.808914000
40.0000	20.0000	0.0000	1.437686600
50.0000	20.0000	0.0000	1.117081900
60.0000	20.0000	0.0000	0.117517350
70.0000	20.0000	0.0000	0.140030500
80.0000	20.0000	0.0000	0.128455180
90.0000	20.0000	0.0000	0.202029780
100.0000	20.0000	0.0000	1.268884000
110.0000	20.0000	0.0000	1.364642100
120.0000	20.0000	0.0000	1.386989100
130.0000	20.0000	0.0000	2.264246000
140.0000	20.0000	0.0000	0.605370500
150.0000	20.0000	0.0000	0.664823230
160.0000	20.0000	0.0000	2.042565600
170.0000	20.0000	0.0000	0.713293400
180.0000	20.0000	0.0000	0.315944340
190.0000	20.0000	0.0000	0.437173040
200.0000	20.0000	0.0000	1.073295600
210.0000	20.0000	0.0000	1.401622500
220.0000	20.0000	0.0000	0.335235860
230.0000	20.0000	0.0000	0.392969970
240.0000	20.0000	0.0000	0.269396660
250.0000	20.0000	0.0000	0.140227170
260.0000	20.0000	0.0000	0.088363280
270.0000	20.0000	0.0000	0.338691260
280.0000	20.0000	0.0000	1.362911600
290.0000	20.0000	0.0000	0.839961000
300.0000	20.0000	0.0000	2.359130000
310.0000	20.0000	0.0000	10.930623000
320.0000	20.0000	0.0000	0.788354640
330.0000	20.0000	0.0000	0.434663860
340.0000	20.0000	0.0000	0.625432000
350.0000	20.0000	0.0000	0.343743680
360.0000	20.0000	0.0000	1.000000000
0.0000	30.0000	0.0000	1.015957200
10.0000	30.0000	0.0000	2.154531700
20.0000	30.0000	0.0000	3.683514800
30.0000	30.0000	0.0000	1.641931000
40.0000	30.0000	0.0000	0.361332120
50.0000	30.0000	0.0000	0.104926870
60.0000	30.0000	0.0000	0.059056032
70.0000	30.0000	0.0000	0.109691790
80.0000	30.0000	0.0000	0.113535340
90.0000	30.0000	0.0000	0.196910900
100.0000	30.0000	0.0000	0.918970760
110.0000	30.0000	0.0000	0.315269620
120.0000	30.0000	0.0000	0.238758100
130.0000	30.0000	0.0000	0.876570050
140.0000	30.0000	0.0000	1.096809600
150.0000	30.0000	0.0000	2.015283800
160.0000	30.0000	0.0000	9.674484000
170.0000	30.0000	0.0000	2.907585000
180.0000	30.0000	0.0000	1.664349600
190.0000	30.0000	0.0000	1.872350500
200.0000	30.0000	0.0000	1.106158400
210.0000	30.0000	0.0000	0.421576680
220.0000	30.0000	0.0000	0.144926640
230.0000	30.0000	0.0000	0.070511510
240.0000	30.0000	0.0000	0.157594140
250.0000	30.0000	0.0000	0.141832010
260.0000	30.0000	0.0000	0.060782180
270.0000	30.0000	0.0000	0.152219500
280.0000	30.0000	0.0000	0.478121250
290.0000	30.0000	0.0000	0.205725730
300.0000	30.0000	0.0000	0.316213280
310.0000	30.0000	0.0000	0.744672950
320.0000	30.0000	0.0000	0.373852280
330.0000	30.0000	0.0000	0.702152700
340.0000	30.0000	0.0000	2.234689000
350.0000	30.0000	0.0000	0.951000870
360.0000	30.0000	0.0000	1.000000000
0.0000	40.0000	0.0000	4.233485000
10.0000	40.0000	0.0000	7.976623500
20.0000	40.0000	0.0000	5.309129000
30.0000	40.0000	0.0000	2.720199600
40.0000	40.0000	0.0000	3.204694500
50.0000	40.0000	0.0000	0.462482060
60.0000	40.0000	0.0000	0.871502760
70.0000	40.0000	0.0000	5.339838000
80.0000	40.0000	0.0000	1.223763800
90.0000	40.0000	0.0000	0.772375800
100.0000	40.0000	0.0000	1.440947700
110.0000	40.0000	0.0000	0.656793530
120.0000	40.0000	0.0000	0.325052260
130.0000	40.0000	0.0000	0.845448550
140.0000	40.0000	0.0000	2.079934100
150.0000	40.0000	0.0000	2.812108300
160.0000	40.0000	0.0000	6.352856000
170.0000	40.0000	0.0000	4.308375400
180.0000	40.0000	0.0000	4.179309000
190.0000	40.0000	0.0000	5.427381000
200.0000	40.0000	0.0000	1.369919500
210.0000	40.0000	0.0000	0.536362900
220.0000	40.0000	0.0000	0.797542040
230.0000	40.0000	0.0000	0.374161240
240.0000	40.0000	0.0000	0.671321500
250.0000	40.0000	0.0000	2.151943700
260.0000	40.0000	0.0000	0.535060940
270.0000	40.0000	0.0000	0.415399040
280.0000	40.0000	0.0000	1.033667200
290.0000	40.0000	0.0000	1.840802200
300.0000	40.0000	0.0000	0.693785250
310.0000	40.0000	0.0000	0.925685050
320.0000	40.0000	0.0000	1.970245600
330.0000	40.0000	0.0000	2.648248700
340.0000	40.0000	0.0000	5.438262500
350.0000	40.0000	0.0000	3.480717700
360.0000	40.0000	0.0000	1.000000000
0.0000	50.0000	0.0000	12.176485000
10.0000	50.0000	0.0000	14.017039000
20.0000	50.0000	0.0000	3.531374700
30.0000	50.0000	0.0000	2.189827400
40.0000	50.0000	0.0000	1.788450000
50.0000	50.0000	0.0000	0.343928130
60.0000	50.0000	0.0000	0.384664700
70.0000	50.0000	0.0000	1.594696300
80.0000	50.0000	0.0000	0.772626100
90.0000	50.0000	0.0000	0.815856340
100.0000	50.0000	0.0000	1.597422400
110.0000	50.0000	0.0000	1.029669900
120.0000	50.0000	0.0000	0.374410200
130.0000	50.0000	0.0000	0.451813200
140.0000	50.0000	0.0000	1.499803000
150.0000	50.0000	0.0000	1.785550000
160.0000	50.0000	0.0000	2.765268000
170.0000	50.0000	0.0000	1.409184300
180.0000	50.0000	0.0000	1.561799800
190.0000	50.0000	0.0000	3.260744800
200.0000	50.0000	0.0000	2.725407000
210.0000	50.0000	0.0000	2.993266800
220.0000	50.0000	0.0000	4.381381500
230.0000	50.0000	0.0000	0.744738100
240.0000	50.0000	0.0000	0.372743870
250.0000	50.0000	0.0000	0.546749500
260.0000	50.0000	0.0000	0.364956020
270.0000	50.0000	0.0000	0.687188000
280.0000	50.0000	0.0000	3.103003300
290.0000	50.0000	0.0000	2.892809200
300.0000	50.0000	0.0000	0.467131900
310.0000	50.0000	0.0000	0.482885420
320.0000	50.0000	0.0000	2.352518000
330.0000	50.0000	0.0000	2.640008000
340.0000	50.0000	0.0000	6.259073000
350.0000	50.0000	0.0000	7.809767200
360.0000	50.0000	0.0000	1.000000000
0.0000	60.0000	0.0000	4.124182700
10.0000	60.0000	0.0000	3.481674400
20.0000	60.0000	0.0000	1.814553500
30.0000	60.0000	0.0000	0.882867000
40.0000	60.0000	0.0000	0.497082900
50.0000	60.0000	0.0000	0.197400700
60.0000	60.0000	0.0000	0.139811370
70.0000	60.0000	0.0000	0.360931630
80.0000	60.0000	0.0000	0.262126400
90.0000	60.0000	0.0000	0.239407300
100.0000	60.0000	0.0000	0.369233220
110.0000	60.0000	0.0000	0.228283360
120.0000	60.0000	0.0000	0.314395070
130.0000	60.0000	0.0000	0.299619940
140.0000	60.0000	0.0000	0.443257600
150.0000	60.0000	0.0000	1.227330300
160.0000	60.0000	0.0000	1.072081100
170.0000	60.0000	0.0000	0.387785640
180.0000	60.0000	0.0000	0.368085980
190.0000	60.0000	0.0000	1.531942200
200.0000	60.0000	0.0000	3.922421500
210.0000	60.0000	0.0000	2.313536200
220.0000	60.0000	0.0000	3.548634800
230.0000	60.0000	0.0000	1.137774800
240.0000	60.0000	0.0000	0.152309600
250.0000	60.0000	0.0000	0.171092480
260.0000	60.0000	0.0000	0.188106850
270.0000	60.0000	0.0000	0.303659440
280.0000	60.0000	0.0000	0.769208670
290.0000	60.0000	0.0000	0.357706760
300.0000	60.0000	0.0000	0.196937350
310.0000	60.0000	0.0000	0.055222068
320.0000	60.0000	0.0000	0.125711980
330.0000	60.0000	0.0000	1.419575600
340.0000	60.0000	0.0000	4.230626000
350.0000	60.0000	0.0000	5.951995000
360.0000	60.0000	0.0000	1.000000000
0.0000	70.0000	0.0000	0.345690000
10.0000	70.0000	0.0000	0.459971800
20.0000	70.0000	0.0000	1.489323700
30.0000	70.0000	0.0000	1.138267300
40.0000	70.0000	0.0000	0.509754300
50.0000	70.0000	0.0000	0.515965100
60.0000	70.0000	0.0000	0.375400570
70.0000	70.0000	0.0000	0.395420000
80.0000	70.0000	0.0000	0.190115360
90.0000	70.0000	0.0000	0.195219370
100.0000	70.0000	0.0000	0.271891060
110.0000	70.0000	0.0000	0.221675630
120.0000	70.0000	0.0000	1.009325100
130.0000	70.0000	0.0000	0.761279000
140.0000	70.0000	0.0000	0.570528200
150.0000	70.0000	0.0000	1.399334300
160.0000	70.0000	0.0000	1.656225000
170.0000	70.0000	0.0000	0.308639900
180.0000	70.0000	0.0000	0.192797450
190.0000	70.0000	0.0000	0.957978500
200.0000	70.0000	0.0000	3.424929100
210.0000	70.0000	0.0000	1.588085500
220.0000	70.0000	0.0000	4.580538000
230.0000	70.0000	0.0000	5.469996000
240.0000	70.0000	0.0000	0.321794780
250.0000	70.0000	0.0000	0.200361480
260.0000	70.0000	0.0000	0.135881440
270.0000	70.0000	0.0000	0.236055210
280.0000	70.0000	0.0000	0.306793480
290.0000	70.0000	0.0000	0.296888530
300.0000	70.0000	0.0000	0.977693900
310.0000	70.0000	0.0000	0.448365800
320.0000	70.0000	0.0000	0.393244530
330.0000	70.0000	0.0000	2.086269100
340.0000	70.0000	0.0000	3.242366300
350.0000	70.0000	0.0000	1.516707200
360.0000	70.0000	0.0000	1.000000000
0.0000	80.0000	0.0000	0.089632160
10.0000	80.0000	0.0000	0.164976720
20.0000	80.0000	0.0000	2.099164200
30.0000	80.0000	0.0000	2.823337800
40.0000	80.0000	0.0000	1.153222900
50.0000	80.0000	0.0000	1.118612500
60.0000	80.0000	0.0000	1.116142500
70.0000	80.0000	0.0000	0.656080960
80.0000	80.0000	0.0000	0.164772810
90.0000	80.0000	0.0000	0.152876600
100.0000	80.0000	0.0000	0.342137300
110.0000	80.0000	0.0000	1.100004600
120.0000	80.0000	0.0000	2.054879200
130.0000	80.0000	0.0000	2.007149200
140.0000	80.0000	0.0000	2.078578500
150.0000	80.0000	0.0000	2.067646700
160.0000	80.0000	0.0000	3.352572000
170.0000	80.0000	0.0000	0.343905240
180.0000	80.0000	0.0000	0.140004110
190.0000	80.0000	0.0000	0.755763300
200.0000	80.0000	0.0000	3.795108800
210.0000	80.0000	0.0000	4.067852000
220.0000	80.0000	0.0000	4.872271000
230.0000	80.0000	0.0000	4.014104000
240.0000	80.0000	0.0000	1.079928000
250.0000	80.0000	0.0000	0.406516520
260.0000	80.0000	0.0000	0.090508180
270.0000	80.0000	0.0000	0.150003580
280.0000	80.0000	0.0000	0.323042660
290.0000	80.0000	0.0000	0.884955600
300.0000	80.0000	0.0000	1.723416000
310.0000	80.0000	0.0000	0.749715750
320.0000	80.0000	0.0000	0.568776800
330.0000	80.0000	0.0000	1.319841300
340.0000	80.0000	0.0000	2.109174500
350.0000	80.0000	0.0000	0.658050240
360.0000	80.0000	0.0000	1.000000000
0.0000	90.0000	0.0000	0.083520760
10.0000	90.0000	0.0000	0.120538630
20.0000	90.0000	0.0000	2.221946000
30.0000	90.0000	0.0000	4.562866700
40.0000	90.0000	0.0000	2.246235400
50.0000	90.0000	0.0000	3.072989500
60.0000	90.0000	0.0000	5.742613000
70.0000	90.0000	0.0000	2.192552000
80.0000	90.0000	0.0000	0.329119000
90.0000	90.0000	0.0000	0.183208610
100.0000	90.0000	0.0000	0.473310320
110.0000	90.0000	0.0000	3.796966800
120.0000	90.0000	0.0000	1.949478000
130.0000	90.0000	0.0000	2.156990000
140.0000	90.0000	0.0000	3.484654000
150.0000	90.0000	0.0000	3.097071600
160.0000	90.0000	0.0000	4.349830000
170.0000	90.0000	0.0000	0.216815560
180.0000	90.0000	0.0000	0.148560120
190.0000	90.0000	0.0000	0.772879500
200.0000	90.0000	0.0000	4.364748500
210.0000	90.0000	0.0000	5.791229000
220.0000	90.0000	0.0000	3.675389500
230.0000	90.0000	0.0000	4.114318400
240.0000	90.0000	0.0000	4.558392500
250.0000	90.0000	0.0000	2.195423400
260.0000	90.0000	0.0000	0.239208560
270.0000	90.0000	0.0000	0.160683330
280.0000	90.0000	0.0000	0.497051720
290.0000	90.0000	0.0000	3.703439000
300.0000	90.0000	0.0000	1.302463800
310.0000	90.0000	0.0000	0.464413580
320.0000	90.0000	0.0000	0.450041860
330.0000	90.0000	0.0000	0.963588540
340.0000	90.0000	0.0000	1.260175700
350.0000	90.0000	0.0000	0.495499160
360.0000	90.0000	0.0000	1.000000000
0.0000	0.0000	10.0000	1.000000000
10.0000	0.0000	10.0000	1.000000000
20.0000	0.0000	10.0000	1.000000000
30.0000	0.0000	10.0000	1.000000000
40.0000	0.0000	10.0000	1.000000000
50.0000	0.0000	10.0000	1.000000000
60.0000	0.0000	10.0000	1.000000000
70.0000	0.0000	10.0000	1.000000000
80.0000	0.0000	10.0000	1.000000000
90.0000	0.0000	10.0000	1.000000000
100.0000	0.0000	10.0000	1.000000000
110.0000	0.0000	10.0000	1.000000000
120.0000	0.0000	10.0000	1.000000000
130.0000	0.0000	10.0000	1.000000000
140.0000	0.0000	10.0000	1.000000000
150.0000	0.0000	10.0000	1.000000000
160.0000	0.0000	10.0000	1.000000000
170.0000	0.0000	10.0000	1.000000000
180.0000	0.0000	10.0000	1.000000000
190.0000	0.0000	10.0000	1.000000000
200.0000	0.0000	10.0000	1.000000000
210.0000	0.0000	10.0000	1.000000000
220.0000	0.0000	10.0000	1.000000000
230.0000	0.0000	10.0000	1.000000000
240.0000	0.0000	10.0000	1.000000000
250.0000	0.0000	10.0000	1.000000000
260.0000	0.0000	10.0000	1.000000000
270.0000	0.0000	10.0000	1.000000000
280.0000	0.0000	10.0000	1.000000000
290.0000	0.0000	10.0000	1.000000000
300.0000	0.0000	10.0000	1.000000000
310.0000	0.0000	10.0000	1.000000000
320.0000	0.0000	10.0000	1.000000000
330.0000	0.0000	10.0000	1.000000000
340.0000	0.0000	10.0000	1.000000000
350.0000	0.0000	10.0000	1.000000000
360.0000	0.0000	10.0000	1.000000000
0.0000	10.0000	10.0000	0.762920140
10.0000	10.0000	10.0000	4.506785400
20.0000	10.0000	10.0000	6.353417000
30.0000	10.0000	10.0000	1.467147000
40.0000	10.0000	10.0000	2.264511300
50.0000	10.0000	10.0000	2.766672100
60.0000	10.0000	10.0000	0.362771700
70.0000	10.0000	10.0000	0.449418280
80.0000	10.0000	10.0000	0.235640600
90.0000	10.0000	10.0000	0.292230130
100.0000	10.0000	10.0000	1.928527800
110.0000	10.0000	10.0000	1.966271200
120.0000	10.0000	10.0000	1.446256300
130.0000	10.0000	10.0000	2.063578400
140.0000	10.0000	10.0000	2.863875400
150.0000	10.0000	10.0000	3.160323600
160.0000	10.0000	10.0000	1.407085100
170.0000	10.0000	10.0000	0.784536400
180.0000	10.0000	10.0000	1.056578300
190.0000	10.0000	10.0000	3.793642800
200.0000	10.0000	10.0000	1.675796000
210.0000	10.0000	10.0000	0.510100900
220.0000	10.0000	10.0000	0.555093600
230.0000	10.0000	10.0000	1.347962900
240.0000	10.0000	10.0000	0.387429450
250.0000	10.0000	10.0000	0.296222630
260.0000	10.0000	10.0000	0.366906370
270.0000	10.0000	10.0000	0.595981540
280.0000	10.0000	10.0000	2.925050300
290.0000	10.0000	10.0000	2.393294600
300.0000	10.0000	10.0000	2.907387000
310.0000	10.0000	10.0000	6.645241700
320.0000	10.0000	10.0000	4.460296600
330.0000	10.0000	10.0000	2.105555500
340.0000	10.0000	10.0000	1.079796400
350.0000	10.0000	10.0000	0.550294640
360.0000	10.0000	10.0000	1.000000000
0.0000	20.0000	10.0000	0.771403700
10.0000	20.0000	10.0000	2.870205400
20.0000	20.0000	10.0000	3.084255500
30.0000	20.0000	10.0000	1.630227900
40.0000	20.0000	10.0000	1.819277900
50.0000	20.0000	10.0000	1.863388200
60.0000	20.0000	10.0000	0.152043070
70.0000	20.0000	10.0000	0.107717134
80.0000	20.0000	10.0000	0.156357680
90.0000	20.0000	10.0000	0.110423600
100.0000	20.0000	10.0000	1.043350100
110.0000	20.0000	10.0000	0.827668850
120.0000	20.0000	10.0000	0.632789970
130.0000	20.0000	10.0000	1.444607500
140.0000	20.0000	10.0000	1.235665300
150.0000	20.0000	10.0000	1.444117200
160.0000	20.0000	10.0000	0.958987400
170.0000	20.0000	10.0000	0.724608600
180.0000	20.0000	10.0000	0.875570540
190.0000	20.0000	10.0000	1.495887200
200.0000	20.0000	10.0000	1.196288500
210.0000	20.0000	10.0000	0.559556800
220.0000	20.0000	10.0000	0.510784900
230.0000	20.0000	10.0000	0.886748730
240.0000	20.0000	10.0000	0.217960130
250.0000	20.0000	10.0000	0.169257950
260.0000	20.0000	10.0000	0.533113900
270.0000	20.0000	10.0000	0.421075280
280.0000	20.0000	10.0000	1.733776900
290.0000	20.0000	10.0000	1.914761700
300.0000	20.0000	10.0000	3.696763300
310.0000	20.0000	10.0000	2.493006000
320.0000	20.0000	10.0000	1.173720500
330.0000	20.0000	10.0000	1.678414200
340.0000	20.0000	10.0000	0.586857200
350.0000	20.0000	10.0000	0.336549900
360.0000	20.0000	10.0000	1.000000000
0.0000	30.0000	10.0000	1.154366300
10.0000	30.0000	10.0000	2.029871500
20.0000	30.0000	10.0000	1.177161900
30.0000	30.0000	10.0000	0.603231670
40.0000	30.0000	10.0000	0.469776500
50.0000	30.0000	10.0000	0.334446250
60.0000	30.0000	10.0000	0.179601460
70.0000	30.0000	10.0000	0.123739450
80.0000	30.0000	10.0000	0.177344290
90.0000	30.0000	10.0000	0.378018680
100.0000	30.0000	10.0000	1.869559500
110.0000	30.0000	10.0000	0.598166700
120.0000	30.0000	10.0000	0.371468930
130.0000	30.0000	10.0000	0.839043700
140.0000	30.0000	10.0000	0.888832800
150.0000	30.0000	10.0000	1.593788700
160.0000	30.0000	10.0000	1.625017200
170.0000	30.0000	10.0000	1.617427100
180.0000	30.0000	10.0000	2.152953600
190.0000	30.0000	10.0000	2.128406500
200.0000	30.0000	10.0000	0.388252850
210.0000	30.0000	10.0000	0.182416540
220.0000	30.0000	10.0000	0.246424300
230.0000	30.0000	10.0000	0.241999880
240.0000	30.0000	10.0000	0.247391430
250.0000	30.0000	10.0000	0.269023150
260.0000	30.0000	10.0000	0.225919860
270.0000	30.0000	10.0000	0.199606840
280.0000	30.0000	10.0000	0.456870730
290.0000	30.0000	10.0000	0.369788470
300.0000	30.0000	10.0000	0.431496800
310.0000	30.0000	10.0000	0.664024800
320.0000	30.0000	10.0000	0.954900150
330.0000	30.0000	10.0000	1.473857200
340.0000	30.0000	10.0000	0.549211200
350.0000	30.0000	10.0000	0.271054300
360.0000	30.0000	10.0000	1.000000000
0.0000	40.0000	10.0000	3.173802400
10.0000	40.0000	10.0000	3.773458500
20.0000	40.0000	10.0000	1.473932400
30.0000	40.0000	10.0000	0.791836900
40.0000	40.0000	10.0000	0.454926760
50.0000	40.0000	10.0000	0.455697920
60.0000	40.0000	10.0000	1.090889600
70.0000	40.0000	10.0000	1.112866200
80.0000	40.0000	10.0000	1.189469200
90.0000	40.0000	10.0000	2.945360400
100.0000	40.0000	10.0000	3.559791300
110.0000	40.0000	10.0000	0.602189900
120.0000	40.0000	10.0000	0.275422540
130.0000	40.0000	10.0000	0.583040950
140.0000	40.0000	10.0000	0.884953440
150.0000	40.0000	10.0000	1.697089900
160.0000	40.0000	10.0000	2.722772100
170.0000	40.0000	10.0000	2.808822600
180.0000	40.0000	10.0000	3.315693900
190.0000	40.0000	10.0000	2.610287200
200.0000	40.0000	10.0000	0.552768300
210.0000	40.0000	10.0000	0.260479360
220.0000	40.0000	10.0000	0.398328800
230.0000	40.0000	10.0000	0.319298570
240.0000	40.0000	10.0000	0.392988150
250.0000	40.0000	10.0000	0.606786250
260.0000	40.0000	10.0000	0.773833930
270.0000	40.0000	10.0000	1.253285300
280.0000	40.0000	10.0000	1.820275200
290.0000	40.0000	10.0000	0.877646000
300.0000	40.0000	10.0000	0.582149600
310.0000	40.0000	10.0000	1.489170400
320.0000	40.0000	10.0000	2.157217500
330.0000	40.0000	10.0000	1.956369900
340.0000	40.0000	10.0000	1.349949800
350.0000	40.0000	10.0000	0.889448760
360.0000	40.0000	10.0000	1.000000000
0.0000	50.0000	10.0000	7.550314000
10.0000	50.0000	10.0000	5.768444000
20.0000	50.0000	10.0000	1.341979100
30.0000	50.0000	10.0000	1.964570000
40.0000	50.0000	10.0000	1.084709600
50.0000	50.0000	10.0000	0.430402000
60.0000	50.0000	10.0000	0.932755400
70.0000	50.0000	10.0000	1.118289700
80.0000	50.0000	10.0000	0.838304600
90.0000	50.0000	10.0000	1.665109500
100.0000	50.0000	10.0000	1.387921500
110.0000	50.0000	10.0000	0.389772060
120.0000	50.0000	10.0000	0.190735190
130.0000	50.0000	10.0000	0.312010200
140.0000	50.0000	10.0000	1.038528900
150.0000	50.0000	10.0000	1.562814000
160.0000	50.0000	10.0000	1.816509100
170.0000	50.0000	10.0000	1.140512700
180.0000	50.0000	10.0000	1.158279800
190.0000	50.0000	10.0000	1.396561500
200.0000	50.0000	10.0000	0.727927150
210.0000	50.0000	10.0000	0.783494900
220.0000	50.0000	10.0000	1.202519900
230.0000	50.0000	10.0000	0.801174100
240.0000	50.0000	10.0000	0.845766300
250.0000	50.0000	10.0000	0.868009600
260.0000	50.0000	10.0000	0.731413600
270.0000	50.0000	10.0000	1.749109900
280.0000	50.0000	10.0000	3.616808200
290.0000	50.0000	10.0000	1.265709900
300.0000	50.0000	10.0000	0.362594900
310.0000	50.0000	10.0000	0.373524900
320.0000	50.0000	10.0000	0.963702700
330.0000	50.0000	10.0000	1.301955300
340.0000	50.0000	10.0000	2.394380600
350.0000	50.0000	10.0000	3.617374000
360.0000	50.0000	10.0000	1.000000000
0.0000	60.0000	10.0000	2.370309600
10.0000	60.0000	10.0000	1.961283000
20.0000	60.0000	10.0000	1.100730900
30.0000	60.0000	10.0000	1.004939600
40.0000	60.0000	10.0000	0.603196000
50.0000	60.0000	10.0000	0.241775780
60.0000	60.0000	10.0000	0.186408300
70.0000	60.0000	10.0000	0.340152620
80.0000	60.0000	10.0000	0.235637780
90.0000	60.0000	10.0000	0.271513340
100.0000	60.0000	10.0000	0.326689960
110.0000	60.0000	10.0000	0.270341960
120.0000	60.0000	10.0000	0.481617360
130.0000	60.0000	10.0000	0.355358900
140.0000	60.0000	10.0000	0.619148900
150.0000	60.0000	10.0000	1.235975700
160.0000	60.0000	10.0000	0.792511700
170.0000	60.0000	10.0000	0.268568000
180.0000	60.0000	10.0000	0.212096000
190.0000	60.0000	10.0000	0.622268000
200.0000	60.0000	10.0000	0.922722900
210.0000	60.0000	10.0000	0.928576900
220.0000	60.0000	10.0000	2.080835800
230.0000	60.0000	10.0000	0.859384300
240.0000	60.0000	10.0000	0.191801320
250.0000	60.0000	10.0000	0.289063070
260.0000	60.0000	10.0000	0.277258160
270.0000	60.0000	10.0000	0.447060760
280.0000	60.0000	10.0000	0.886100700
290.0000	60.0000	10.0000	0.514286000
300.0000	60.0000	10.0000	0.406957270
310.0000	60.0000	10.0000	0.151399580
320.0000	60.0000	10.0000	0.317239820
330.0000	60.0000	10.0000	1.863894300
340.0000	60.0000	10.0000	2.896435500
350.0000	60.0000	10.0000	3.191186000
360.0000	60.0000	10.0000	1.000000000
0.0000	70.0000	10.0000	0.249556600
10.0000	70.0000	10.0000	0.371577950
20.0000	70.0000	10.0000	0.796251800
30.0000	70.0000	10.0000	0.659919500
40.0000	70.0000	10.0000	0.624747700
50.0000	70.0000	10.0000	0.455839160
60.0000	70.0000	10.0000	0.232474040
70.0000	70.0000	10.0000	0.380700650
80.0000	70.0000	10.0000	0.211032910
90.0000	70.0000	10.0000	0.133305460
100.0000	70.0000	10.0000	0.194303890
110.0000	70.0000	10.0000	0.380481870
120.0000	70.0000	10.0000	1.233899100
130.0000	70.0000	10.0000	0.688143100
140.0000	70.0000	10.0000	0.645663600
150.0000	70.0000	10.0000	1.425154300
160.0000	70.0000	10.0000	0.782726400
170.0000	70.0000	10.0000	0.137228300
180.0000	70.0000	10.0000	0.106885200
190.0000	70.0000	10.0000	0.416526730
200.0000	70.0000	10.0000	0.885745900
210.0000	70.0000	10.0000	1.191863100
220.0000	70.0000	10.0000	3.916852500
230.0000	70.0000	10.0000	1.504371500
240.0000	70.0000	10.0000	0.129458040
250.0000	70.0000	10.0000	0.179477890
260.0000	70.0000	10.0000	0.186044510
270.0000	70.0000	10.0000	0.163544830
280.0000	70.0000	10.0000	0.198267470
290.0000	70.0000	10.0000	0.535892700
300.0000	70.0000	10.0000	1.392774500
310.0000	70.0000	10.0000	0.370111600
320.0000	70.0000	10.0000	0.468305300
330.0000	70.0000	10.0000	2.244766000
340.0000	70.0000	10.0000	1.440825600
350.0000	70.0000	10.0000	0.550031360
360.0000	70.0000	10.0000	1.000000000
0.0000	80.0000	10.0000	0.079396840
10.0000	80.0000	10.0000	0.124523220
20.0000	80.0000	10.0000	0.624462900
30.0000	80.0000	10.0000	0.972792000
40.0000	80.0000	10.0000	1.390973200
50.0000	80.0000	10.0000	1.806190400
60.0000	80.0000	10.0000	1.155891000
70.0000	80.0000	10.0000	0.754129500
80.0000	80.0000	10.0000	0.234731990
90.0000	80.0000	10.0000	0.120501384
100.0000	80.0000	10.0000	0.290879160
110.0000	80.0000	10.0000	1.343502000
120.0000	80.0000	10.0000	1.661315600
130.0000	80.0000	10.0000	1.125027800
140.0000	80.0000	10.0000	1.537031000
150.0000	80.0000	10.0000	2.021734700
160.0000	80.0000	10.0000	1.058139800
170.0000	80.0000	10.0000	0.151472970
180.0000	80.0000	10.0000	0.086896464
190.0000	80.0000	10.0000	0.278909100
200.0000	80.0000	10.0000	0.804143850
210.0000	80.0000	10.0000	1.639409200
220.0000	80.0000	10.0000	2.719732800
230.0000	80.0000	10.0000	2.414294700
240.0000	80.0000	10.0000	0.830139100
250.0000	80.0000	10.0000	0.433749820
260.0000	80.0000	10.0000	0.161389140
270.0000	80.0000	10.0000	0.127490520
280.0000	80.0000	10.0000	0.245039100
290.0000	80.0000	10.0000	0.870693400
300.0000	80.0000	10.0000	1.409062700
310.0000	80.0000	10.0000	0.463528250
320.0000	80.0000	10.0000	0.509251950
330.0000	80.0000	10.0000	1.593007100
340.0000	80.0000	10.0000	0.921083100
350.0000	80.0000	10.0000	0.257310060
360.0000	80.0000	10.0000	1.000000000
0.0000	90.0000	10.0000	0.072972484
10.0000	90.0000	10.0000	0.078183100
20.0000	90.0000	10.0000	0.577671500
30.0000	90.0000	10.0000	1.257580200
40.0000	90.0000	10.0000	2.321797600
50.0000	90.0000	10.0000	4.124169300
60.0000	90.0000	10.0000	6.135550000
70.0000	90.0000	10.0000	1.630016700
80.0000	90.0000	10.0000	0.330965800
90.0000	90.0000	10.0000	0.177944100
100.0000	90.0000	10.0000	0.581691200
110.0000	90.0000	10.0000	4.533254000
120.0000	90.0000	10.0000	2.104969500
130.0000	90.0000	10.0000	1.926378700
140.0000	90.0000	10.0000	3.330798000
150.0000	90.0000	10.0000	2.790488200
160.0000	90.0000	10.0000	1.100887300
170.0000	90.0000	10.0000	0.130439610
180.0000	90.0000	10.0000	0.098837990
190.0000	90.0000	10.0000	0.258391200
200.0000	90.0000	10.0000	0.739963200
210.0000	90.0000	10.0000	1.326204500
220.0000	90.0000	10.0000	1.681874300
230.0000	90.0000	10.0000	1.775035500
240.0000	90.0000	10.0000	2.206960700
250.0000	90.0000	10.0000	1.655579600
260.0000	90.0000	10.0000	0.312973320
270.0000	90.0000	10.0000	0.178065690
280.0000	90.0000	10.0000	0.632907570
290.0000	90.0000	10.0000	2.222335800
300.0000	90.0000	10.0000	1.297169000
310.0000	90.0000	10.0000	0.417480080
320.0000	90.0000	10.0000	0.457151980
330.0000	90.0000	10.0000	1.713640300
340.0000	90.0000	10.0000	0.792023300
350.0000	90.0000	10.0000	0.256390000
360.0000	90.0000	10.0000	1.000000000
0.0000	0.0000	20.0000	1.000000000
10.0000	0.0000	20.0000	1.000000000
20.0000	0.0000	20.0000	1.000000000
30.0000	0.0000	20.0000	1.000000000
40.0000	0.0000	20.0000	1.000000000
50.0000	0.0000	20.0000	1.000000000
60.0000	0.0000	20.0000	1.000000000
70.0000	0.0000	20.0000	1.000000000
80.0000	0.0000	20.0000	1.000000000
90.0000	0.0000	20.0000	1.000000000
100.0000	0.0000	20.0000	1.000000000
110.0000	0.0000	20.0000	1.000000000
120.0000	0.0000	20.0000	1.000000000
130.0000	0.0000	20.0000	1.000000000
140.0000	0.0000	20.0000	1.000000000
150.0000	0.0000	20.0000	1.000000000
160.0000	0.0000	20.0000	1.000000000
170.0000	0.0000	20.0000	1.000000000
180.0000	0.0000	20.0000	1.000000000
190.0000	0.0000	20.0000	1.000000000
200.0000	0.0000	20.0000	1.000000000
210.0000	0.0000	20.0000	1.000000000
220.0000	0.0000	20.0000	1.000000000
230.0000	0.0000	20.0000	1.000000000
240.0000	0.0000	20.0000	1.000000000
250.0000	0.0000	20.0000	1.000000000
260.0000	0.0000	20.0000	1.000000000
270.0000	0.0000	20.0000	1.000000000
280.0000	0.0000	20.0000	1.000000000
290.0000	0.0000	20.0000	1.000000000
300.0000	0.0000	20.0000	1.000000000
310.0000	0.0000	20.0000	1.000000000
320.0000	0.0000	20.0000	1.000000000
330.0000	0.0000	20.0000	1.000000000
340.0000	0.0000	20.0000	1.000000000
350.0000	0.0000	20.0000	1.000000000
360.0000	0.0000	20.0000	1.000000000
0.0000	10.0000	20.0000	3.803941200
10.0000	10.0000	20.0000	6.242076000
20.0000	10.0000	20.0000	4.134257300
30.0000	10.0000	20.0000	2.493636100
40.0000	10.0000	20.0000	1.157744500
50.0000	10.0000	20.0000	0.194824780
60.0000	10.0000	20.0000	0.033207648
70.0000	10.0000	20.0000	0.038527940
80.0000	10.0000	20.0000	0.041483175
90.0000	10.0000	20.0000	0.068220100
100.0000	10.0000	20.0000	0.425824730
110.0000	10.0000	20.0000	0.647254400
120.0000	10.0000	20.0000	0.374790130
130.0000	10.0000	20.0000	0.489235550
140.0000	10.0000	20.0000	0.487815740
150.0000	10.0000	20.0000	0.153199460
160.0000	10.0000	20.0000	0.463751760
170.0000	10.0000	20.0000	1.556862600
180.0000	10.0000	20.0000	3.805051800
190.0000	10.0000	20.0000	1.535215700
200.0000	10.0000	20.0000	0.700209560
210.0000	10.0000	20.0000	0.435695650
220.0000	10.0000	20.0000	0.868322400
230.0000	10.0000	20.0000	0.289019580
240.0000	10.0000	20.0000	0.037482712
250.0000	10.0000	20.0000	0.013715683
260.0000	10.0000	20.0000	0.013269503
270.0000	10.0000	20.0000	0.070208944
280.0000	10.0000	20.0000	0.493260650
290.0000	10.0000	20.0000	0.800626460
300.0000	10.0000	20.0000	1.947489100
310.0000	10.0000	20.0000	4.468873500
320.0000	10.0000	20.0000	0.684121700
330.0000	10.0000	20.0000	0.174546690
340.0000	10.0000	20.0000	0.420008700
350.0000	10.0000	20.0000	0.945482600
360.0000	10.0000	20.0000	1.000000000
0.0000	20.0000	20.0000	1.570386600
10.0000	20.0000	20.0000	3.795061600
20.0000	20.0000	20.0000	1.764881800
30.0000	20.0000	20.0000	1.195390700
40.0000	20.0000	20.0000	1.205094500
50.0000	20.0000	20.0000	0.623145160
60.0000	20.0000	20.0000	0.124518670
70.0000	20.0000	20.0000	0.086165264
80.0000	20.0000	20.0000	0.103427440
90.0000	20.0000	20.0000	0.098605180
100.0000	20.0000	20.0000	0.229292500
110.0000	20.0000	20.0000	0.376347100
120.0000	20.0000	20.0000	0.370340050
130.0000	20.0000	20.0000	0.507417440
140.0000	20.0000	20.0000	0.526538250
150.0000	20.0000	20.0000	0.339318840
160.0000	20.0000	20.0000	0.260915600
170.0000	20.0000	20.0000	0.639639740
180.0000	20.0000	20.0000	1.572977100
190.0000	20.0000	20.0000	1.334683100
200.0000	20.0000	20.0000	0.540266200
210.0000	20.0000	20.0000	0.363126500
220.0000	20.0000	20.0000	0.553974700
230.0000	20.0000	20.0000	0.441642820
240.0000	20.0000	20.0000	0.147544880
250.0000	20.0000	20.0000	0.156903900
260.0000	20.0000	20.0000	0.095110625
270.0000	20.0000	20.0000	0.038345370
280.0000	20.0000	20.0000	0.185502540
290.0000	20.0000	20.0000	3.142038600
300.0000	20.0000	20.0000	2.526839700
310.0000	20.0000	20.0000	0.582284200
320.0000	20.0000	20.0000	0.646293200
330.0000	20.0000	20.0000	0.327956700
340.0000	20.0000	20.0000	0.181370050
350.0000	20.0000	20.0000	0.247136000
360.0000	20.0000	20.0000	1.000000000
0.0000	30.0000	20.0000	1.195449400
10.0000	30.0000	20.0000	1.490860500
20.0000	30.0000	20.0000	0.494954140
30.0000	30.0000	20.0000	0.530353200
40.0000	30.0000	20.0000	0.590331550
50.0000	30.0000	20.0000	0.499022450
60.0000	30.0000	20.0000	0.479673530
70.0000	30.0000	20.0000	0.118030330
80.0000	30.0000	20.0000	0.128478200
90.0000	30.0000	20.0000	0.242454680
100.0000	30.0000	20.0000	0.445881960
110.0000	30.0000	20.0000	0.683124240
120.0000	30.0000	20.0000	0.908818300
130.0000	30.0000	20.0000	0.427756580
140.0000	30.0000	20.0000	0.467114800
150.0000	30.0000	20.0000	0.644181550
160.0000	30.0000	20.0000	0.465215380
170.0000	30.0000	20.0000	0.825594900
180.0000	30.0000	20.0000	2.280600800
190.0000	30.0000	20.0000	1.628818400
200.0000	30.0000	20.0000	0.236165520
210.0000	30.0000	20.0000	0.271381200
220.0000	30.0000	20.0000	0.415521600
230.0000	30.0000	20.0000	0.367948440
240.0000	30.0000	20.0000	0.449942260
250.0000	30.0000	20.0000	0.199382300
260.0000	30.0000	20.0000	0.142005770
270.0000	30.0000	20.0000	0.076177835
280.0000	30.0000	20.0000	0.357542780
290.0000	30.0000	20.0000	2.194868600
300.0000	30.0000	20.0000	1.214088800
310.0000	30.0000	20.0000	0.729618670
320.0000	30.0000	20.0000	1.365283300
330.0000	30.0000	20.0000	0.416342200
340.0000	30.0000	20.0000	0.066527170
350.0000	30.0000	20.0000	0.061323937
360.0000	30.0000	20.0000	1.000000000
0.0000	40.0000	20.0000	1.724686700
10.0000	40.0000	20.0000	0.972088200
20.0000	40.0000	20.0000	0.171086070
30.0000	40.0000	20.0000	0.211997020
40.0000	40.0000	20.0000	0.179767040
50.0000	40.0000	20.0000	0.446881350
60.0000	40.0000	20.0000	1.997281200
70.0000	40.0000	20.0000	0.714527200
80.0000	40.0000	20.0000	0.546341360
90.0000	40.0000	20.0000	1.373238600
100.0000	40.0000	20.0000	1.275467500
110.0000	40.0000	20.0000	0.519247530
120.0000	40.0000	20.0000	0.230914300
130.0000	40.0000	20.0000	0.191353510
140.0000	40.0000	20.0000	0.468373420
150.0000	40.0000	20.0000	0.841742930
160.0000	40.0000	20.0000	1.107015700
170.0000	40.0000	20.0000	1.166910800
180.0000	40.0000	20.0000	1.789622100
190.0000	40.0000	20.0000	1.015144200
200.0000	40.0000	20.0000	0.152247530
210.0000	40.0000	20.0000	0.161611840
220.0000	40.0000	20.0000	0.356654140
230.0000	40.0000	20.0000	0.413310140
240.0000	40.0000	20.0000	0.540784360
250.0000	40.0000	20.0000	0.428209960
260.0000	40.0000	20.0000	0.498164180
270.0000	40.0000	20.0000	1.490782500
280.0000	40.0000	20.0000	2.086102500
290.0000	40.0000	20.0000	1.088941200
300.0000	40.0000	20.0000	0.580115300
310.0000	40.0000	20.0000	0.872646630
320.0000	40.0000	20.0000	0.874416650
330.0000	40.0000	20.0000	0.434118330
340.0000	40.0000	20.0000	0.198696930
350.0000	40.0000	20.0000	0.173344340
360.0000	40.0000	20.0000	1.000000000
0.0000	50.0000	20.0000	2.479042500
10.0000	50.0000	20.0000	0.938335100
20.0000	50.0000	20.0000	0.112060910
30.0000	50.0000	20.0000	0.229755220
40.0000	50.0000	20.0000	0.373562480
50.0000	50.0000	20.0000	0.676649400
60.0000	50.0000	20.0000	1.362298700
70.0000	50.0000	20.0000	0.641561030
80.0000	50.0000	20.0000	0.543239360
90.0000	50.0000	20.0000	0.951251700
100.0000	50.0000	20.0000	0.752872650
110.0000	50.0000	20.0000	0.179072600
120.0000	50.0000	20.0000	0.077656840
130.0000	50.0000	20.0000	0.177668960
140.0000	50.0000	20.0000	1.154207200
150.0000	50.0000	20.0000	1.185381800
160.0000	50.0000	20.0000	0.553078830
170.0000	50.0000	20.0000	0.345987680
180.0000	50.0000	20.0000	0.667170800
190.0000	50.0000	20.0000	0.501979800
200.0000	50.0000	20.0000	0.097922060
210.0000	50.0000	20.0000	0.123870430
220.0000	50.0000	20.0000	0.599179800
230.0000	50.0000	20.0000	1.056193400
240.0000	50.0000	20.0000	1.079692700
250.0000	50.0000	20.0000	0.680804130
260.0000	50.0000	20.0000	0.608528730
270.0000	50.0000	20.0000	1.838931400
280.0000	50.0000	20.0000	3.541430000
290.0000	50.0000	20.0000	0.847515500
300.0000	50.0000	20.0000	0.186647710
310.0000	50.0000	20.0000	0.204908100
320.0000	50.0000	20.0000	0.641992800
330.0000	50.0000	20.0000	0.923309300
340.0000	50.0000	20.0000	1.092580400
350.0000	50.0000	20.0000	1.301168800
360.0000	50.0000	20.0000	1.000000000
0.0000	60.0000	20.0000	0.860466840
10.0000	60.0000	20.0000	0.651918000
20.0000	60.0000	20.0000	0.261684660
30.0000	60.0000	20.0000	0.342245760
40.0000	60.0000	20.0000	0.546294100
50.0000	60.0000	20.0000	0.548949500
60.0000	60.0000	20.0000	0.370479880
70.0000	60.0000	20.0000	0.227281560
80.0000	60.0000	20.0000	0.167035940
90.0000	60.0000	20.0000	0.405613720
100.0000	60.0000	20.0000	0.260937000
110.0000	60.0000	20.0000	0.375523800
120.0000	60.0000	20.0000	0.479726500
130.0000	60.0000	20.0000	0.489802630
140.0000	60.0000	20.0000	1.408877300
150.0000	60.0000	20.0000	1.426984500
160.0000	60.0000	20.0000	0.333637100
170.0000	60.0000	20.0000	0.116194740
180.0000	60.0000	20.0000	0.160431310
190.0000	60.0000	20.0000	0.256398260
200.0000	60.0000	20.0000	0.154652150
210.0000	60.0000	20.0000	0.239749360
220.0000	60.0000	20.0000	0.934046800
230.0000	60.0000	20.0000	1.194347100
240.0000	60.0000	20.0000	0.437563030
250.0000	60.0000	20.0000	0.308243840
260.0000	60.0000	20.0000	0.217912360
270.0000	60.0000	20.0000	0.396178570
280.0000	60.0000	20.0000	0.802075200
290.0000	60.0000	20.0000	0.982842700
300.0000	60.0000	20.0000	0.730107600
310.0000	60.0000	20.0000	0.585095600
320.0000	60.0000	20.0000	1.420142000
330.0000	60.0000	20.0000	1.802547200
340.0000	60.0000	20.0000	1.494587300
350.0000	60.0000	20.0000	1.447302600
360.0000	60.0000	20.0000	1.000000000
0.0000	70.0000	20.0000	0.276136130
10.0000	70.0000	20.0000	0.347015950
20.0000	70.0000	20.0000	0.260321170
30.0000	70.0000	20.0000	0.219583260
40.0000	70.0000	20.0000	0.714959860
50.0000	70.0000	20.0000	0.487753000
60.0000	70.0000	20.0000	0.328995970
70.0000	70.0000	20.0000	0.544140160
80.0000	70.0000	20.0000	0.136196030
90.0000	70.0000	20.0000	0.129717170
100.0000	70.0000	20.0000	0.152860060
110.0000	70.0000	20.0000	0.482648250
120.0000	70.0000	20.0000	1.075323300
130.0000	70.0000	20.0000	0.618347940
140.0000	70.0000	20.0000	1.102755700
150.0000	70.0000	20.0000	1.931112300
160.0000	70.0000	20.0000	0.315123980
170.0000	70.0000	20.0000	0.064532585
180.0000	70.0000	20.0000	0.107279810
190.0000	70.0000	20.0000	0.253849770
200.0000	70.0000	20.0000	0.197708520
210.0000	70.0000	20.0000	0.361739280
220.0000	70.0000	20.0000	1.075541300
230.0000	70.0000	20.0000	0.730737400
240.0000	70.0000	20.0000	0.151149320
250.0000	70.0000	20.0000	0.199843500
260.0000	70.0000	20.0000	0.175052120
270.0000	70.0000	20.0000	0.192952770
280.0000	70.0000	20.0000	0.310656400
290.0000	70.0000	20.0000	1.000787900
300.0000	70.0000	20.0000	1.613097800
310.0000	70.0000	20.0000	0.572877350
320.0000	70.0000	20.0000	0.987486660
330.0000	70.0000	20.0000	2.047565200
340.0000	70.0000	20.0000	0.650234940
350.0000	70.0000	20.0000	0.385541500
360.0000	70.0000	20.0000	1.000000000
0.0000	80.0000	20.0000	0.200423330
10.0000	80.0000	20.0000	0.193893700
20.0000	80.0000	20.0000	0.156207950
30.0000	80.0000	20.0000	0.303531140
40.0000	80.0000	20.0000	2.323199500
50.0000	80.0000	20.0000	1.268408400
60.0000	80.0000	20.0000	0.620880700
70.0000	80.0000	20.0000	1.121035000
80.0000	80.0000	20.0000	0.211671840
90.0000	80.0000	20.0000	0.098036460
100.0000	80.0000	20.0000	0.221734370
110.0000	80.0000	20.0000	1.269287000
120.0000	80.0000	20.0000	1.497282400
130.0000	80.0000	20.0000	0.745923040
140.0000	80.0000	20.0000	0.977102700
150.0000	80.0000	20.0000	1.557157200
160.0000	80.0000	20.0000	0.336681160
170.0000	80.0000	20.0000	0.091873710
180.0000	80.0000	20.0000	0.076536350
190.0000	80.0000	20.0000	0.197803650
200.0000	80.0000	20.0000	0.225173740
210.0000	80.0000	20.0000	0.422447860
220.0000	80.0000	20.0000	0.864455640
230.0000	80.0000	20.0000	0.973842800
240.0000	80.0000	20.0000	0.502781570
250.0000	80.0000	20.0000	0.594587270
260.0000	80.0000	20.0000	0.309363040
270.0000	80.0000	20.0000	0.200154990
280.0000	80.0000	20.0000	0.346668270
290.0000	80.0000	20.0000	1.502464500
300.0000	80.0000	20.0000	1.641090500
310.0000	80.0000	20.0000	0.286376770
320.0000	80.0000	20.0000	0.331872220
330.0000	80.0000	20.0000	1.323911900
340.0000	80.0000	20.0000	0.361547230
350.0000	80.0000	20.0000	0.296889400
360.0000	80.0000	20.0000	1.000000000
0.0000	90.0000	20.0000	0.163997980
10.0000	90.0000	20.0000	0.126873970
20.0000	90.0000	20.0000	0.182382150
30.0000	90.0000	20.0000	0.465757370
40.0000	90.0000	20.0000	4.273246300
50.0000	90.0000	20.0000	2.455872300
60.0000	90.0000	20.0000	1.351348900
70.0000	90.0000	20.0000	1.502737800
80.0000	90.0000	20.0000	0.304854200
90.0000	90.0000	20.0000	0.180887420
100.0000	90.0000	20.0000	0.675130000
110.0000	90.0000	20.0000	4.329129700
120.0000	90.0000	20.0000	1.986825700
130.0000	90.0000	20.0000	0.927114900
140.0000	90.0000	20.0000	1.027068700
150.0000	90.0000	20.0000	0.787065100
160.0000	90.0000	20.0000	0.244926700
170.0000	90.0000	20.0000	0.100618920
180.0000	90.0000	20.0000	0.082812030
190.0000	90.0000	20.0000	0.190163570
200.0000	90.0000	20.0000	0.318107200
210.0000	90.0000	20.0000	0.549228850
220.0000	90.0000	20.0000	0.631343000
230.0000	90.0000	20.0000	0.712911500
240.0000	90.0000	20.0000	1.225152100
250.0000	90.0000	20.0000	1.608641600
260.0000	90.0000	20.0000	0.605047760
270.0000	90.0000	20.0000	0.356822600
280.0000	90.0000	20.0000	0.764989700
290.0000	90.0000	20.0000	2.181658700
300.0000	90.0000	20.0000	1.561977900
310.0000	90.0000	20.0000	0.285327430
320.0000	90.0000	20.0000	0.281244550
330.0000	90.0000	20.0000	1.021747700
340.0000	90.0000	20.0000	0.285720650
350.0000	90.0000	20.0000	0.268060030
360.0000	90.0000	20.0000	1.000000000
0.0000	0.0000	30.0000	1.000000000
10.0000	0.0000	30.0000	1.000000000
20.0000	0.0000	30.0000	1.000000000
30.0000	0.0000	30.0000	1.000000000
40.0000	0.0000	30.0000	1.000000000
50.0000	0.0000	30.0000	1.000000000
60.0000	0.0000	30.0000	1.000000000
70.0000	0.0000	30.0000	1.000000000
80.0000	0.0000	30.0000	1.000000000
90.0000	0.0000	30.0000	1.000000000
100.0000	0.0000	30.0000	1.000000000
110.0000	0.0000	30.0000	1.000000000
120.0000	0.0000	30.0000	1.000000000
130.0000	0.0000	30.0000	1.000000000
140.0000	0.0000	30.0000	1.000000000
150.0000	0.0000	30.0000	1.000000000
160.0000	0.0000	30.0000	1.000000000
170.0000	0.0000	30.0000	1.000000000
180.0000	0.0000	30.0000	1.000000000
190.0000	0.0000	30.0000	1.000000000
200.0000	0.0000	30.0000	1.000000000
210.0000	0.0000	30.0000	1.000000000
220.0000	0.0000	30.0000	1.000000000
230.0000	0.0000	30.0000	1.000000000
240.0000	0.0000	30.0000	1.000000000
250.0000	0.0000	30.0000	1.000000000
260.0000	0.0000	30.0000	1.000000000
270.0000	0.0000	30.0000	1.000000000
280.0000	0.0000	30.0000	1.000000000
290.0000	0.0000	30.0000	1.000000000
300.0000	0.0000	30.0000	1.000000000
310.0000	0.0000	30.0000	1.000000000
320.0000	0.0000	30.0000	1.000000000
330.0000	0.0000	30.0000	1.000000000
340.0000	0.0000	30.0000	1.000000000
350.0000	0.0000	30.0000	1.000000000
360.0000	0.0000	30.0000	1.000000000
0.0000	10.0000	30.0000	0.489025680
10.0000	10.0000	30.0000	2.360370900
20.0000	10.0000	30.0000	3.059099200
30.0000	10.0000	30.0000	0.944420160
40.0000	10.0000	30.0000	0.462106050
50.0000	10.0000	30.0000	0.064466800
60.0000	10.0000	30.0000	0.061389350
70.0000	10.0000	30.0000	0.141050880
80.0000	10.0000	30.0000	0.213769140
90.0000	10.0000	30.0000	1.462982300
100.0000	10.0000	30.0000	4.309715300
110.0000	10.0000	30.0000	1.738722800
120.0000	10.0000	30.0000	0.752365600
130.0000	10.0000	30.0000	0.448638140
140.0000	10.0000	30.0000	0.201735080
150.0000	10.0000	30.0000	0.079094480
160.0000	10.0000	30.0000	0.446207900
170.0000	10.0000	30.0000	2.189423300
180.0000	10.0000	30.0000	0.273814140
190.0000	10.0000	30.0000	0.423367920
200.0000	10.0000	30.0000	0.471020520
210.0000	10.0000	30.0000	0.637105200
220.0000	10.0000	30.0000	0.994775060
230.0000	10.0000	30.0000	0.096396655
240.0000	10.0000	30.0000	0.049961960
250.0000	10.0000	30.0000	0.040425310
260.0000	10.0000	30.0000	0.050692488
270.0000	10.0000	30.0000	0.660490040
280.0000	10.0000	30.0000	3.032272300
290.0000	10.0000	30.0000	1.875335100
300.0000	10.0000	30.0000	2.960459500
310.0000	10.0000	30.0000	1.055089200
320.0000	10.0000	30.0000	0.200000900
330.0000	10.0000	30.0000	0.091537830
340.0000	10.0000	30.0000	0.368679670
350.0000	10.0000	30.0000	1.399321400
360.0000	10.0000	30.0000	1.000000000
0.0000	20.0000	30.0000	1.311555000
10.0000	20.0000	30.0000	1.687546600
20.0000	20.0000	30.0000	1.278497300
30.0000	20.0000	30.0000	1.431904300
40.0000	20.0000	30.0000	0.514307600
50.0000	20.0000	30.0000	0.149871450
60.0000	20.0000	30.0000	0.075843625
70.0000	20.0000	30.0000	0.184222060
80.0000	20.0000	30.0000	0.381261620
90.0000	20.0000	30.0000	0.362007950
100.0000	20.0000	30.0000	0.420818120
110.0000	20.0000	30.0000	0.446548430
120.0000	20.0000	30.0000	0.445857880
130.0000	20.0000	30.0000	0.372400640
140.0000	20.0000	30.0000	0.288331420
150.0000	20.0000	30.0000	0.105616780
160.0000	20.0000	30.0000	0.143442210
170.0000	20.0000	30.0000	1.059527800
180.0000	20.0000	30.0000	0.808317100
190.0000	20.0000	30.0000	0.308099100
200.0000	20.0000	30.0000	0.296662180
210.0000	20.0000	30.0000	0.951220300
220.0000	20.0000	30.0000	0.695703270
230.0000	20.0000	30.0000	0.307805300
240.0000	20.0000	30.0000	0.174010980
250.0000	20.0000	30.0000	0.228361490
260.0000	20.0000	30.0000	0.168103280
270.0000	20.0000	30.0000	0.082488780
280.0000	20.0000	30.0000	0.206284970
290.0000	20.0000	30.0000	1.265559700
300.0000	20.0000	30.0000	1.587058700
310.0000	20.0000	30.0000	0.528957400
320.0000	20.0000	30.0000	0.318867900
330.0000	20.0000	30.0000	0.063987620
340.0000	20.0000	30.0000	0.076183070
350.0000	20.0000	30.0000	0.369091030
360.0000	20.0000	30.0000	1.000000000
0.0000	30.0000	30.0000	1.407510300
10.0000	30.0000	30.0000	1.116542700
20.0000	30.0000	30.0000	0.667687700
30.0000	30.0000	30.0000	1.076031200
40.0000	30.0000	30.0000	0.445409950
50.0000	30.0000	30.0000	0.177426400
60.0000	30.0000	30.0000	0.229951560
70.0000	30.0000	30.0000	0.272361220
80.0000	30.0000	30.0000	0.296086550
90.0000	30.0000	30.0000	0.302622350
100.0000	30.0000	30.0000	0.285881280
110.0000	30.0000	30.0000	0.388517700
120.0000	30.0000	30.0000	0.363713400
130.0000	30.0000	30.0000	0.234453650
140.0000	30.0000	30.0000	0.302291360
150.0000	30.0000	30.0000	0.284778240
160.0000	30.0000	30.0000	0.340409250
170.0000	30.0000	30.0000	1.084203800
180.0000	30.0000	30.0000	1.600042800
190.0000	30.0000	30.0000	0.545405150
200.0000	30.0000	30.0000	0.276339680
210.0000	30.0000	30.0000	0.997087500
220.0000	30.0000	30.0000	0.765641000
230.0000	30.0000	30.0000	0.470064250
240.0000	30.0000	30.0000	0.449213860
250.0000	30.0000	30.0000	0.245610330
260.0000	30.0000	30.0000	0.208678570
270.0000	30.0000	30.0000	0.091142880
280.0000	30.0000	30.0000	0.321519640
290.0000	30.0000	30.0000	1.506630300
300.0000	30.0000	30.0000	0.724998300
310.0000	30.0000	30.0000	0.382252370
320.0000	30.0000	30.0000	0.281093030
330.0000	30.0000	30.0000	0.065035190
340.0000	30.0000	30.0000	0.056338966
350.0000	30.0000	30.0000	0.188961980
360.0000	30.0000	30.0000	1.000000000
0.0000	40.0000	30.0000	1.716749200
10.0000	40.0000	30.0000	0.807469670
20.0000	40.0000	30.0000	0.238308310
30.0000	40.0000	30.0000	0.442051470
40.0000	40.0000	30.0000	0.301965500
50.0000	40.0000	30.0000	0.349077200
60.0000	40.0000	30.0000	0.448082980
70.0000	40.0000	30.0000	0.565452600
80.0000	40.0000	30.0000	0.837464900
90.0000	40.0000	30.0000	0.834732060
100.0000	40.0000	30.0000	0.397478800
110.0000	40.0000	30.0000	0.306755780
120.0000	40.0000	30.0000	0.180097970
130.0000	40.0000	30.0000	0.262417760
140.0000	40.0000	30.0000	0.597319250
150.0000	40.0000	30.0000	0.558184270
160.0000	40.0000	30.0000	0.917916300
170.0000	40.0000	30.0000	0.830995140
180.0000	40.0000	30.0000	1.542895300
190.0000	40.0000	30.0000	0.668713800
200.0000	40.0000	30.0000	0.206788140
210.0000	40.0000	30.0000	0.914178000
220.0000	40.0000	30.0000	1.376848200
230.0000	40.0000	30.0000	0.665623300
240.0000	40.0000	30.0000	0.543785100
250.0000	40.0000	30.0000	0.315009200
260.0000	40.0000	30.0000	0.506744000
270.0000	40.0000	30.0000	1.370788700
280.0000	40.0000	30.0000	1.312637100
290.0000	40.0000	30.0000	0.306155950
300.0000	40.0000	30.0000	0.098744534
310.0000	40.0000	30.0000	0.197044300
320.0000	40.0000	30.0000	0.419821740
330.0000	40.0000	30.0000	0.358614410
340.0000	40.0000	30.0000	0.373567370
350.0000	40.0000	30.0000	0.535871500
360.0000	40.0000	30.0000	1.000000000
0.0000	50.0000	30.0000	2.650513200
10.0000	50.0000	30.0000	0.837640700
20.0000	50.0000	30.0000	0.112216980
30.0000	50.0000	30.0000	0.202369900
40.0000	50.0000	30.0000	0.397827300
50.0000	50.0000	30.0000	0.757818460
60.0000	50.0000	30.0000	0.497798380
70.0000	50.0000	30.0000	0.448615250
80.0000	50.0000	30.0000	0.725606700
90.0000	50.0000	30.0000	0.907324700
100.0000	50.0000	30.0000	0.475989460
110.0000	50.0000	30.0000	0.223560990
120.0000	50.0000	30.0000	0.173787400
130.0000	50.0000	30.0000	0.426605220
140.0000	50.0000	30.0000	1.466667500
150.0000	50.0000	30.0000	0.796739100
160.0000	50.0000	30.0000	0.549471800
170.0000	50.0000	30.0000	0.581040260
180.0000	50.0000	30.0000	1.006213900
190.0000	50.0000	30.0000	0.309835020
200.0000	50.0000	30.0000	0.070187300
210.0000	50.0000	30.0000	0.395226660
220.0000	50.0000	30.0000	1.708991200
230.0000	50.0000	30.0000	0.649846260
240.0000	50.0000	30.0000	0.627308250
250.0000	50.0000	30.0000	0.437097370
260.0000	50.0000	30.0000	0.553472700
270.0000	50.0000	30.0000	3.743359800
280.0000	50.0000	30.0000	4.373319000
290.0000	50.0000	30.0000	0.195422900
300.0000	50.0000	30.0000	0.101460520
310.0000	50.0000	30.0000	0.267717450
320.0000	50.0000	30.0000	0.808950700
330.0000	50.0000	30.0000	0.606266300
340.0000	50.0000	30.0000	0.938307340
350.0000	50.0000	30.0000	1.347666700
360.0000	50.0000	30.0000	1.000000000
0.0000	60.0000	30.0000	1.310653200
10.0000	60.0000	30.0000	0.493848860
20.0000	60.0000	30.0000	0.084804660
30.0000	60.0000	30.0000	0.207574410
40.0000	60.0000	30.0000	0.499167770
50.0000	60.0000	30.0000	0.389168920
60.0000	60.0000	30.0000	0.224864810
70.0000	60.0000	30.0000	0.184467570
80.0000	60.0000	30.0000	0.266835540
90.0000	60.0000	30.0000	0.916433750
100.0000	60.0000	30.0000	0.572191400
110.0000	60.0000	30.0000	0.771060800
120.0000	60.0000	30.0000	0.549413440
130.0000	60.0000	30.0000	0.643508430
140.0000	60.0000	30.0000	2.048343400
150.0000	60.0000	30.0000	1.558616000
160.0000	60.0000	30.0000	0.560080800
170.0000	60.0000	30.0000	0.494636700
180.0000	60.0000	30.0000	0.390107720
190.0000	60.0000	30.0000	0.167384190
200.0000	60.0000	30.0000	0.099044870
210.0000	60.0000	30.0000	0.274813260
220.0000	60.0000	30.0000	0.643391600
230.0000	60.0000	30.0000	0.593094770
240.0000	60.0000	30.0000	0.423501370
250.0000	60.0000	30.0000	0.272578720
260.0000	60.0000	30.0000	0.226705090
270.0000	60.0000	30.0000	1.631198500
280.0000	60.0000	30.0000	2.687598000
290.0000	60.0000	30.0000	0.961618070
300.0000	60.0000	30.0000	0.509594440
310.0000	60.0000	30.0000	0.673576000
320.0000	60.0000	30.0000	1.830816900
330.0000	60.0000	30.0000	1.537450200
340.0000	60.0000	30.0000	1.775188000
350.0000	60.0000	30.0000	1.457302200
360.0000	60.0000	30.0000	1.000000000
0.0000	70.0000	30.0000	0.458739400
10.0000	70.0000	30.0000	0.226199950
20.0000	70.0000	30.0000	0.133045690
30.0000	70.0000	30.0000	0.369925600
40.0000	70.0000	30.0000	0.740375300
50.0000	70.0000	30.0000	0.470498440
60.0000	70.0000	30.0000	0.239088200
70.0000	70.0000	30.0000	0.228791580
80.0000	70.0000	30.0000	0.135382500
90.0000	70.0000	30.0000	0.193282900
100.0000	70.0000	30.0000	0.306694030
110.0000	70.0000	30.0000	1.381894700
120.0000	70.0000	30.0000	1.353204100
130.0000	70.0000	30.0000	0.634266500
140.0000	70.0000	30.0000	1.076479900
150.0000	70.0000	30.0000	1.278899000
160.0000	70.0000	30.0000	0.393338770
170.0000	70.0000	30.0000	0.288118500
180.0000	70.0000	30.0000	0.233219250
190.0000	70.0000	30.0000	0.248104290
200.0000	70.0000	30.0000	0.294425160
210.0000	70.0000	30.0000	0.344694730
220.0000	70.0000	30.0000	0.474869900
230.0000	70.0000	30.0000	0.582722000
240.0000	70.0000	30.0000	0.206330460
250.0000	70.0000	30.0000	0.219727860
260.0000	70.0000	30.0000	0.215579800
270.0000	70.0000	30.0000	0.622109400
280.0000	70.0000	30.0000	1.134669200
290.0000	70.0000	30.0000	1.571920900
300.0000	70.0000	30.0000	1.252693300
310.0000	70.0000	30.0000	0.511827770
320.0000	70.0000	30.0000	0.840299000
330.0000	70.0000	30.0000	1.990686900
340.0000	70.0000	30.0000	1.052276800
350.0000	70.0000	30.0000	1.425379600
360.0000	70.0000	30.0000	1.000000000
0.0000	80.0000	30.0000	0.296274870
10.0000	80.0000	30.0000	0.188218300
20.0000	80.0000	30.0000	0.178784130
30.0000	80.0000	30.0000	0.349052500
40.0000	80.0000	30.0000	1.141161900
50.0000	80.0000	30.0000	0.859180030
60.0000	80.0000	30.0000	0.694740830
70.0000	80.0000	30.0000	1.301504000
80.0000	80.0000	30.0000	0.277051270
90.0000	80.0000	30.0000	0.162386020
100.0000	80.0000	30.0000	0.527780100
110.0000	80.0000	30.0000	2.221499000
120.0000	80.0000	30.0000	1.473255500
130.0000	80.0000	30.0000	0.412321780
140.0000	80.0000	30.0000	0.436463900
150.0000	80.0000	30.0000	0.476736780
160.0000	80.0000	30.0000	0.287195920
170.0000	80.0000	30.0000	0.235982940
180.0000	80.0000	30.0000	0.162709730
190.0000	80.0000	30.0000	0.376134040
200.0000	80.0000	30.0000	0.516466000
210.0000	80.0000	30.0000	0.383646500
220.0000	80.0000	30.0000	0.460480960
230.0000	80.0000	30.0000	0.753576460
240.0000	80.0000	30.0000	0.546064000
250.0000	80.0000	30.0000	0.894865200
260.0000	80.0000	30.0000	0.618462500
270.0000	80.0000	30.0000	0.812484260
280.0000	80.0000	30.0000	1.371784100
290.0000	80.0000	30.0000	2.711041000
300.0000	80.0000	30.0000	1.222033000
310.0000	80.0000	30.0000	0.201180400
320.0000	80.0000	30.0000	0.249109980
330.0000	80.0000	30.0000	0.508772800
340.0000	80.0000	30.0000	0.362652600
350.0000	80.0000	30.0000	0.960364400
360.0000	80.0000	30.0000	1.000000000
0.0000	90.0000	30.0000	0.196592930
10.0000	90.0000	30.0000	0.148753510
20.0000	90.0000	30.0000	0.162808750
30.0000	90.0000	30.0000	0.266190560
40.0000	90.0000	30.0000	0.934926900
50.0000	90.0000	30.0000	0.799923600
60.0000	90.0000	30.0000	0.923550600
70.0000	90.0000	30.0000	2.231286800
80.0000	90.0000	30.0000	0.569621260
90.0000	90.0000	30.0000	0.394445780
100.0000	90.0000	30.0000	1.972711800
110.0000	90.0000	30.0000	5.016629000
120.0000	90.0000	30.0000	1.697844600
130.0000	90.0000	30.0000	0.551197500
140.0000	90.0000	30.0000	0.283137830
150.0000	90.0000	30.0000	0.203281550
160.0000	90.0000	30.0000	0.202586410
170.0000	90.0000	30.0000	0.164751340
180.0000	90.0000	30.0000	0.136965980
190.0000	90.0000	30.0000	0.432867470
200.0000	90.0000	30.0000	0.772424040
210.0000	90.0000	30.0000	0.420226570
220.0000	90.0000	30.0000	0.384113370
230.0000	90.0000	30.0000	0.742160000
240.0000	90.0000	30.0000	1.251913400
250.0000	90.0000	30.0000	3.505154100
260.0000	90.0000	30.0000	1.700980300
270.0000	90.0000	30.0000	1.270506500
280.0000	90.0000	30.0000	2.043729500
290.0000	90.0000	30.0000	3.262847700
300.0000	90.0000	30.0000	0.799192850
310.0000	90.0000	30.0000	0.156958340
320.0000	90.0000	30.0000	0.124840290
330.0000	90.0000	30.0000	0.254675180
340.0000	90.0000	30.0000	0.243786900
350.0000	90.0000	30.0000	0.539061400
360.0000	90.0000	30.0000	1.000000000
0.0000	0.0000	40.0000	1.000000000
10.0000	0.0000	40.0000	1.000000000
20.0000	0.0000	40.0000	1.000000000
30.0000	0.0000	40.0000	1.000000000
40.0000	0.0000	40.0000	1.000000000
50.0000	0.0000	40.0000	1.000000000
60.0000	0.0000	40.0000	1.000000000
70.0000	0.0000	40.0000	1.000000000
80.0000	0.0000	40.0000	1.000000000
90.0000	0.0000	40.0000	1.000000000
100.0000	0.0000	40.0000	1.000000000
110.0000	0.0000	40.0000	1.000000000
120.0000	0.0000	40.0000	1.000000000
130.0000	0.0000	40.0000	1.000000000
140.0000	0.0000	40.0000	1.000000000
150.0000	0.0000	40.0000	1.000000000
160.0000	0.0000	40.0000	1.000000000
170.0000	0.0000	40.0000	1.000000000
180.0000	0.0000	40.0000	1.000000000
190.0000	0.0000	40.0000	1.000000000
200.0000	0.0000	40.0000	1.000000000
210.0000	0.0000	40.0000	1.000000000
220.0000	0.0000	40.0000	1.000000000
230.0000	0.0000	40.0000	1.000000000
240.0000	0.0000	40.0000	1.000000000
250.0000	0.0000	40.0000	1.000000000
260.0000	0.0000	40.0000	1.000000000
270.0000	0.0000	40.0000	1.000000000
280.0000	0.0000	40.0000	1.000000000
290.0000	0.0000	40.0000	1.000000000
300.0000	0.0000	40.0000	1.000000000
310.0000	0.0000	40.0000	1.000000000
320.0000	0.0000	40.0000	1.000000000
330.0000	0.0000	40.0000	1.000000000
340.0000	0.0000	40.0000	1.000000000
350.0000	0.0000	40.0000	1.000000000
360.0000	0.0000	40.0000	1.000000000
0.0000	10.0000	40.0000	0.337536780
10.0000	10.0000	40.0000	1.801793300
20.0000	10.0000	40.0000	3.412740000
30.0000	10.0000	40.0000	0.223526850
40.0000	10.0000	40.0000	0.052527360
50.0000	10.0000	40.0000	0.035245200
60.0000	10.0000	40.0000	0.105459740
70.0000	10.0000	40.0000	0.566295600
80.0000	10.0000	40.0000	0.741789640
90.0000	10.0000	40.0000	4.530677300
100.0000	10.0000	40.0000	17.528450000
110.0000	10.0000	40.0000	2.533901700
120.0000	10.0000	40.0000	0.436693160
130.0000	10.0000	40.0000	0.080786930
140.0000	10.0000	40.0000	0.041871720
150.0000	10.0000	40.0000	0.043743096
160.0000	10.0000	40.0000	1.059355300
170.0000	10.0000	40.0000	1.707154200
180.0000	10.0000	40.0000	0.183706760
190.0000	10.0000	40.0000	0.428312780
200.0000	10.0000	40.0000	0.884401300
210.0000	10.0000	40.0000	0.331300560
220.0000	10.0000	40.0000	0.048198584
230.0000	10.0000	40.0000	0.037669875
240.0000	10.0000	40.0000	0.081520940
250.0000	10.0000	40.0000	0.304656830
260.0000	10.0000	40.0000	0.891700150
270.0000	10.0000	40.0000	5.545386300
280.0000	10.0000	40.0000	14.576166000
290.0000	10.0000	40.0000	2.523789400
300.0000	10.0000	40.0000	1.096127200
310.0000	10.0000	40.0000	0.140428840
320.0000	10.0000	40.0000	0.048927132
330.0000	10.0000	40.0000	0.054745360
340.0000	10.0000	40.0000	0.896298770
350.0000	10.0000	40.0000	1.798632500
360.0000	10.0000	40.0000	1.000000000
0.0000	20.0000	40.0000	0.758902900
10.0000	20.0000	40.0000	1.225998600
20.0000	20.0000	40.0000	1.769336200
30.0000	20.0000	40.0000	0.430356620
40.0000	20.0000	40.0000	0.077394340
50.0000	20.0000	40.0000	0.076668160
60.0000	20.0000	40.0000	0.158033670
70.0000	20.0000	40.0000	0.269956560
80.0000	20.0000	40.0000	0.699650170
90.0000	20.0000	40.0000	3.202941700
100.0000	20.0000	40.0000	1.615153600
110.0000	20.0000	40.0000	0.281259600
120.0000	20.0000	40.0000	0.295751000
130.0000	20.0000	40.0000	0.233304750
140.0000	20.0000	40.0000	0.104073130
150.0000	20.0000	40.0000	0.109247410
160.0000	20.0000	40.0000	0.428306760
170.0000	20.0000	40.0000	1.286114700
180.0000	20.0000	40.0000	0.410132200
190.0000	20.0000	40.0000	0.314800920
200.0000	20.0000	40.0000	0.710414000
210.0000	20.0000	40.0000	0.615768200
220.0000	20.0000	40.0000	0.172327090
230.0000	20.0000	40.0000	0.255558580
240.0000	20.0000	40.0000	0.408687830
250.0000	20.0000	40.0000	0.239810480
260.0000	20.0000	40.0000	0.531569600
270.0000	20.0000	40.0000	3.302835700
280.0000	20.0000	40.0000	0.722510200
290.0000	20.0000	40.0000	0.315442700
300.0000	20.0000	40.0000	1.039255400
310.0000	20.0000	40.0000	0.252853870
320.0000	20.0000	40.0000	0.092713910
330.0000	20.0000	40.0000	0.117949860
340.0000	20.0000	40.0000	0.378386530
350.0000	20.0000	40.0000	1.019777800
360.0000	20.0000	40.0000	1.000000000
0.0000	30.0000	40.0000	1.045090800
10.0000	30.0000	40.0000	0.972038300
20.0000	30.0000	40.0000	1.812228200
30.0000	30.0000	40.0000	0.646849100
40.0000	30.0000	40.0000	0.154957850
50.0000	30.0000	40.0000	0.185140580
60.0000	30.0000	40.0000	0.170262600
70.0000	30.0000	40.0000	0.201608640
80.0000	30.0000	40.0000	0.343367820
90.0000	30.0000	40.0000	0.714391000
100.0000	30.0000	40.0000	0.819063250
110.0000	30.0000	40.0000	0.179895270
120.0000	30.0000	40.0000	0.153127150
130.0000	30.0000	40.0000	0.270315470
140.0000	30.0000	40.0000	0.276753040
150.0000	30.0000	40.0000	0.435403850
160.0000	30.0000	40.0000	0.511725400
170.0000	30.0000	40.0000	1.020100700
180.0000	30.0000	40.0000	0.999878400
190.0000	30.0000	40.0000	0.693549200
200.0000	30.0000	40.0000	1.086941800
210.0000	30.0000	40.0000	1.376568300
220.0000	30.0000	40.0000	0.732355240
230.0000	30.0000	40.0000	0.561921200
240.0000	30.0000	40.0000	0.283572700
250.0000	30.0000	40.0000	0.132570550
260.0000	30.0000	40.0000	0.181386380
270.0000	30.0000	40.0000	0.648695050
280.0000	30.0000	40.0000	0.476723200
290.0000	30.0000	40.0000	0.323409400
300.0000	30.0000	40.0000	0.498055550
310.0000	30.0000	40.0000	0.242975340
320.0000	30.0000	40.0000	0.236070400
330.0000	30.0000	40.0000	0.241773320
340.0000	30.0000	40.0000	0.386739160
350.0000	30.0000	40.0000	1.040402800
360.0000	30.0000	40.0000	1.000000000
0.0000	40.0000	40.0000	1.012401600
10.0000	40.0000	40.0000	0.916963800
20.0000	40.0000	40.0000	1.553831200
30.0000	40.0000	40.0000	1.048345900
40.0000	40.0000	40.0000	0.488542940
50.0000	40.0000	40.0000	0.328855780
60.0000	40.0000	40.0000	0.150756870
70.0000	40.0000	40.0000	0.209311380
80.0000	40.0000	40.0000	0.356377750
90.0000	40.0000	40.0000	0.585510200
100.0000	40.0000	40.0000	0.475864650
110.0000	40.0000	40.0000	0.171565180
120.0000	40.0000	40.0000	0.160244570
130.0000	40.0000	40.0000	0.372523000
140.0000	40.0000	40.0000	0.691597200
150.0000	40.0000	40.0000	1.523886100
160.0000	40.0000	40.0000	1.517099000
170.0000	40.0000	40.0000	0.763994900
180.0000	40.0000	40.0000	1.000122000
190.0000	40.0000	40.0000	0.786036250
200.0000	40.0000	40.0000	1.036026400
210.0000	40.0000	40.0000	3.603947400
220.0000	40.0000	40.0000	2.392968200
230.0000	40.0000	40.0000	0.700942040
240.0000	40.0000	40.0000	0.212905500
250.0000	40.0000	40.0000	0.096077204
260.0000	40.0000	40.0000	0.177626490
270.0000	40.0000	40.0000	0.757301800
280.0000	40.0000	40.0000	0.734240700
290.0000	40.0000	40.0000	0.107088014
300.0000	40.0000	40.0000	0.047146460
310.0000	40.0000	40.0000	0.111561980
320.0000	40.0000	40.0000	0.384727000
330.0000	40.0000	40.0000	0.494913880
340.0000	40.0000	40.0000	0.846357600
350.0000	40.0000	40.0000	0.947656500
360.0000	40.0000	40.0000	1.000000000
0.0000	50.0000	40.0000	1.205532200
10.0000	50.0000	40.0000	0.895443440
20.0000	50.0000	40.0000	0.821202100
30.0000	50.0000	40.0000	2.132187100
40.0000	50.0000	40.0000	1.560441900
50.0000	50.0000	40.0000	0.427189920
60.0000	50.0000	40.0000	0.246967960
70.0000	50.0000	40.0000	0.406256880
80.0000	50.0000	40.0000	1.059502700
90.0000	50.0000	40.0000	1.791624900
100.0000	50.0000	40.0000	0.781755700
110.0000	50.0000	40.0000	0.437826280
120.0000	50.0000	40.0000	0.609780900
130.0000	50.0000	40.0000	1.077042500
140.0000	50.0000	40.0000	2.129015000
150.0000	50.0000	40.0000	3.050594800
160.0000	50.0000	40.0000	2.351064700
170.0000	50.0000	40.0000	0.594168100
180.0000	50.0000	40.0000	0.498953200
190.0000	50.0000	40.0000	0.263975050
200.0000	50.0000	40.0000	0.411639700
210.0000	50.0000	40.0000	4.679852500
220.0000	50.0000	40.0000	3.408085300
230.0000	50.0000	40.0000	0.667139600
240.0000	50.0000	40.0000	0.475899730
250.0000	50.0000	40.0000	0.403692420
260.0000	50.0000	40.0000	0.752787770
270.0000	50.0000	40.0000	3.916909200
280.0000	50.0000	40.0000	2.513865700
290.0000	50.0000	40.0000	0.223928620
300.0000	50.0000	40.0000	0.168881460
310.0000	50.0000	40.0000	0.512889900
320.0000	50.0000	40.0000	1.262744800
330.0000	50.0000	40.0000	1.321429800
340.0000	50.0000	40.0000	1.128079900
350.0000	50.0000	40.0000	0.520010400
360.0000	50.0000	40.0000	1.000000000
0.0000	60.0000	40.0000	0.760974900
10.0000	60.0000	40.0000	0.519392700
20.0000	60.0000	40.0000	0.586970800
30.0000	60.0000	40.0000	3.476444000
40.0000	60.0000	40.0000	1.179461800
50.0000	60.0000	40.0000	0.131180470
60.0000	60.0000	40.0000	0.208650340
70.0000	60.0000	40.0000	0.422614200
80.0000	60.0000	40.0000	0.666117100
90.0000	60.0000	40.0000	1.392900200
100.0000	60.0000	40.0000	1.613141700
110.0000	60.0000	40.0000	1.827998900
120.0000	60.0000	40.0000	0.906797300
130.0000	60.0000	40.0000	0.713366570
140.0000	60.0000	40.0000	1.604550500
150.0000	60.0000	40.0000	1.982612600
160.0000	60.0000	40.0000	1.628825200
170.0000	60.0000	40.0000	0.716777000
180.0000	60.0000	40.0000	0.314138320
190.0000	60.0000	40.0000	0.224152480
200.0000	60.0000	40.0000	0.418040700
210.0000	60.0000	40.0000	1.654890700
220.0000	60.0000	40.0000	0.896108700
230.0000	60.0000	40.0000	0.282185170
240.0000	60.0000	40.0000	0.618771430
250.0000	60.0000	40.0000	0.914513200
260.0000	60.0000	40.0000	0.688684000
270.0000	60.0000	40.0000	2.569720000
280.0000	60.0000	40.0000	3.803454000
290.0000	60.0000	40.0000	0.938777450
300.0000	60.0000	40.0000	0.374388000
310.0000	60.0000	40.0000	0.345178750
320.0000	60.0000	40.0000	1.130969000
330.0000	60.0000	40.0000	4.164531700
340.0000	60.0000	40.0000	2.137949000
350.0000	60.0000	40.0000	0.576225900
360.0000	60.0000	40.0000	1.000000000
0.0000	70.0000	40.0000	0.534693240
10.0000	70.0000	40.0000	0.553369700
20.0000	70.0000	40.0000	1.482203100
30.0000	70.0000	40.0000	2.110873000
40.0000	70.0000	40.0000	0.423261100
50.0000	70.0000	40.0000	0.075585670
60.0000	70.0000	40.0000	0.109910960
70.0000	70.0000	40.0000	0.253532470
80.0000	70.0000	40.0000	0.251316600
90.0000	70.0000	40.0000	0.385646200
100.0000	70.0000	40.0000	1.178403700
110.0000	70.0000	40.0000	2.435429300
120.0000	70.0000	40.0000	0.636622100
130.0000	70.0000	40.0000	0.214554560
140.0000	70.0000	40.0000	0.317752600
150.0000	70.0000	40.0000	0.461041360
160.0000	70.0000	40.0000	0.977952800
170.0000	70.0000	40.0000	0.959086200
180.0000	70.0000	40.0000	0.406142650
190.0000	70.0000	40.0000	0.503927100
200.0000	70.0000	40.0000	0.770812900
210.0000	70.0000	40.0000	0.578749400
220.0000	70.0000	40.0000	0.236113350
230.0000	70.0000	40.0000	0.133594440
240.0000	70.0000	40.0000	0.267606300
250.0000	70.0000	40.0000	0.650924560
260.0000	70.0000	40.0000	0.358102380
270.0000	70.0000	40.0000	0.834682350
280.0000	70.0000	40.0000	1.351902700
290.0000	70.0000	40.0000	0.951811200
300.0000	70.0000	40.0000	0.412682150
310.0000	70.0000	40.0000	0.121422570
320.0000	70.0000	40.0000	0.361233140
330.0000	70.0000	40.0000	2.154505700
340.0000	70.0000	40.0000	1.263982900
350.0000	70.0000	40.0000	0.943643870
360.0000	70.0000	40.0000	1.000000000
0.0000	80.0000	40.0000	0.597017600
10.0000	80.0000	40.0000	0.623947900
20.0000	80.0000	40.0000	1.990472400
30.0000	80.0000	40.0000	1.005862500
40.0000	80.0000	40.0000	0.708415000
50.0000	80.0000	40.0000	1.268205900
60.0000	80.0000	40.0000	0.910354800
70.0000	80.0000	40.0000	1.272497500
80.0000	80.0000	40.0000	0.760795950
90.0000	80.0000	40.0000	0.981102300
100.0000	80.0000	40.0000	3.674028900
110.0000	80.0000	40.0000	3.491671300
120.0000	80.0000	40.0000	0.902654650
130.0000	80.0000	40.0000	0.469153730
140.0000	80.0000	40.0000	0.316860800
150.0000	80.0000	40.0000	0.441260160
160.0000	80.0000	40.0000	1.220192600
170.0000	80.0000	40.0000	0.911879540
180.0000	80.0000	40.0000	0.648739160
190.0000	80.0000	40.0000	1.373457000
200.0000	80.0000	40.0000	2.333917100
210.0000	80.0000	40.0000	0.551572600
220.0000	80.0000	40.0000	0.328089830
230.0000	80.0000	40.0000	0.460119930
240.0000	80.0000	40.0000	0.502060700
250.0000	80.0000	40.0000	1.243344900
260.0000	80.0000	40.0000	1.368290400
270.0000	80.0000	40.0000	1.960174000
280.0000	80.0000	40.0000	2.193534600
290.0000	80.0000	40.0000	1.295924700
300.0000	80.0000	40.0000	0.487012000
310.0000	80.0000	40.0000	0.218368230
320.0000	80.0000	40.0000	0.273177770
330.0000	80.0000	40.0000	0.461944850
340.0000	80.0000	40.0000	0.642514170
350.0000	80.0000	40.0000	1.149122800
360.0000	80.0000	40.0000	1.000000000
0.0000	90.0000	40.0000	0.473473300
10.0000	90.0000	40.0000	0.356416000
20.0000	90.0000	40.0000	1.367582400
30.0000	90.0000	40.0000	0.836935000
40.0000	90.0000	40.0000	0.983379000
50.0000	90.0000	40.0000	2.708772200
60.0000	90.0000	40.0000	2.187226300
70.0000	90.0000	40.0000	3.826736200
80.0000	90.0000	40.0000	1.809138100
90.0000	90.0000	40.0000	2.538078500
100.0000	90.0000	40.0000	11.237535000
110.0000	90.0000	40.0000	7.415240300
120.0000	90.0000	40.0000	1.983738400
130.0000	90.0000	40.0000	2.458777000
140.0000	90.0000	40.0000	0.583611500
150.0000	90.0000	40.0000	0.687702200
160.0000	90.0000	40.0000	1.943419800
170.0000	90.0000	40.0000	0.639125600
180.0000	90.0000	40.0000	0.649851400
190.0000	90.0000	40.0000	1.840144500
200.0000	90.0000	40.0000	3.368085100
210.0000	90.0000	40.0000	0.592227500
220.0000	90.0000	40.0000	0.537714240
230.0000	90.0000	40.0000	1.145925600
240.0000	90.0000	40.0000	1.332145000
250.0000	90.0000	40.0000	3.996091000
260.0000	90.0000	40.0000	2.980984200
270.0000	90.0000	40.0000	3.019227300
280.0000	90.0000	40.0000	3.955920500
290.0000	90.0000	40.0000	2.315388200
300.0000	90.0000	40.0000	0.628607150
310.0000	90.0000	40.0000	0.459306240
320.0000	90.0000	40.0000	0.326368780
330.0000	90.0000	40.0000	0.384441820
340.0000	90.0000	40.0000	1.076377400
350.0000	90.0000	40.0000	1.810283300
360.0000	90.0000	40.0000	1.000000000
0.0000	0.0000	50.0000	1.000000000
10.0000	0.0000	50.0000	1.000000000
20.0000	0.0000	50.0000	1.000000000
30.0000	0.0000	50.0000	1.000000000
40.0000	0.0000	50.0000	1.000000000
50.0000	0.0000	50.0000	1.000000000
60.0000	0.0000	50.0000	1.000000000
70.0000	0.0000	50.0000	1.000000000
80.0000	0.0000	50.0000	1.000000000
90.0000	0.0000	50.0000	1.000000000
100.0000	0.0000	50.0000	1.000000000
110.0000	0.0000	50.0000	1.000000000
120.0000	0.0000	50.0000	1.000000000
130.0000	0.0000	50.0000	1.000000000
140.0000	0.0000	50.0000	1.000000000
150.0000	0.0000	50.0000	1.000000000
160.0000	0.0000	50.0000	1.000000000
170.0000	0.0000	50.0000	1.000000000
180.0000	0.0000	50.0000	1.000000000
190.0000	0.0000	50.0000	1.000000000
200.0000	0.0000	50.0000	1.000000000
210.0000	0.0000	50.0000	1.000000000
220.0000	0.0000	50.0000	1.000000000
230.0000	0.0000	50.0000	1.000000000
240.0000	0.0000	50.0000	1.000000000
250.0000	0.0000	50.0000	1.000000000
260.0000	0.0000	50.0000	1.000000000
270.0000	0.0000	50.0000	1.000000000
280.0000	0.0000	50.0000	1.000000000
290.0000	0.0000	50.0000	1.000000000
300.0000	0.0000	50.0000	1.000000000
310.0000	0.0000	50.0000	1.000000000
320.0000	0.0000	50.0000	1.000000000
330.0000	0.0000	50.0000	1.000000000
340.0000	0.0000	50.0000	1.000000000
350.0000	0.0000	50.0000	1.000000000
360.0000	0.0000	50.0000	1.000000000
0.0000	10.0000	50.0000	0.368711500
10.0000	10.0000	50.0000	2.120147000
20.0000	10.0000	50.0000	2.240191200
30.0000	10.0000	50.0000	0.046015114
40.0000	10.0000	50.0000	0.032061410
50.0000	10.0000	50.0000	0.121738320
60.0000	10.0000	50.0000	1.394556800
70.0000	10.0000	50.0000	4.278950000
80.0000	10.0000	50.0000	2.671011400
90.0000	10.0000	50.0000	5.551368000
100.0000	10.0000	50.0000	9.275129000
110.0000	10.0000	50.0000	0.233127420
120.0000	10.0000	50.0000	0.049260330
130.0000	10.0000	50.0000	0.043542802
140.0000	10.0000	50.0000	0.057890672
150.0000	10.0000	50.0000	0.153016240
160.0000	10.0000	50.0000	1.723370400
170.0000	10.0000	50.0000	1.019438000
180.0000	10.0000	50.0000	0.218045700
190.0000	10.0000	50.0000	0.709726700
200.0000	10.0000	50.0000	0.511231900
210.0000	10.0000	50.0000	0.033680990
220.0000	10.0000	50.0000	0.024950087
230.0000	10.0000	50.0000	0.112836550
240.0000	10.0000	50.0000	0.822542600
250.0000	10.0000	50.0000	0.652832870
260.0000	10.0000	50.0000	0.960134700
270.0000	10.0000	50.0000	4.861320500
280.0000	10.0000	50.0000	12.109599000
290.0000	10.0000	50.0000	0.700304700
300.0000	10.0000	50.0000	0.117407426
310.0000	10.0000	50.0000	0.054199763
320.0000	10.0000	50.0000	0.077811755
330.0000	10.0000	50.0000	0.291798860
340.0000	10.0000	50.0000	1.225844900
350.0000	10.0000	50.0000	1.234822400
360.0000	10.0000	50.0000	1.000000000
0.0000	20.0000	50.0000	0.700324900
10.0000	20.0000	50.0000	1.423433400
20.0000	20.0000	50.0000	0.606103100
30.0000	20.0000	50.0000	0.074069150
40.0000	20.0000	50.0000	0.045433140
50.0000	20.0000	50.0000	0.139330000
60.0000	20.0000	50.0000	0.396953300
70.0000	20.0000	50.0000	0.598896700
80.0000	20.0000	50.0000	1.197214600
90.0000	20.0000	50.0000	3.353047400
100.0000	20.0000	50.0000	1.474650100
110.0000	20.0000	50.0000	0.225682290
120.0000	20.0000	50.0000	0.199582560
130.0000	20.0000	50.0000	0.133364380
140.0000	20.0000	50.0000	0.101812620
150.0000	20.0000	50.0000	0.367759730
160.0000	20.0000	50.0000	1.144372000
170.0000	20.0000	50.0000	0.819910170
180.0000	20.0000	50.0000	0.482631560
190.0000	20.0000	50.0000	0.662906400
200.0000	20.0000	50.0000	0.597615700
210.0000	20.0000	50.0000	0.148623450
220.0000	20.0000	50.0000	0.065801340
230.0000	20.0000	50.0000	0.190322850
240.0000	20.0000	50.0000	0.539675650
250.0000	20.0000	50.0000	0.213723440
260.0000	20.0000	50.0000	0.331465130
270.0000	20.0000	50.0000	2.634871200
280.0000	20.0000	50.0000	0.907138500
290.0000	20.0000	50.0000	0.324441580
300.0000	20.0000	50.0000	0.536307160
310.0000	20.0000	50.0000	0.193679940
320.0000	20.0000	50.0000	0.148440180
330.0000	20.0000	50.0000	0.419024620
340.0000	20.0000	50.0000	1.099313300
350.0000	20.0000	50.0000	0.879354700
360.0000	20.0000	50.0000	1.000000000
0.0000	30.0000	50.0000	0.885413470
10.0000	30.0000	50.0000	0.959473550
20.0000	30.0000	50.0000	0.435669420
30.0000	30.0000	50.0000	0.157777150
40.0000	30.0000	50.0000	0.073031165
50.0000	30.0000	50.0000	0.201721040
60.0000	30.0000	50.0000	0.237931760
70.0000	30.0000	50.0000	0.219278160
80.0000	30.0000	50.0000	0.356522050
90.0000	30.0000	50.0000	0.707347630
100.0000	30.0000	50.0000	0.838162600
110.0000	30.0000	50.0000	0.190379720
120.0000	30.0000	50.0000	0.147625900
130.0000	30.0000	50.0000	0.270419540
140.0000	30.0000	50.0000	0.401490750
150.0000	30.0000	50.0000	0.847535900
160.0000	30.0000	50.0000	1.476767800
170.0000	30.0000	50.0000	0.967052000
180.0000	30.0000	50.0000	1.459633800
190.0000	30.0000	50.0000	2.046884800
200.0000	30.0000	50.0000	1.403622700
210.0000	30.0000	50.0000	0.739789200
220.0000	30.0000	50.0000	0.266860930
230.0000	30.0000	50.0000	0.240934920
240.0000	30.0000	50.0000	0.283459540
250.0000	30.0000	50.0000	0.138671000
260.0000	30.0000	50.0000	0.156650700
270.0000	30.0000	50.0000	0.616675260
280.0000	30.0000	50.0000	0.477072660
290.0000	30.0000	50.0000	0.260077480
300.0000	30.0000	50.0000	0.377890440
310.0000	30.0000	50.0000	0.546315430
320.0000	30.0000	50.0000	0.346273570
330.0000	30.0000	50.0000	0.381599460
340.0000	30.0000	50.0000	1.149525200
350.0000	30.0000	50.0000	0.691652060
360.0000	30.0000	50.0000	1.000000000
0.0000	40.0000	50.0000	0.840194340
10.0000	40.0000	50.0000	1.023722900
20.0000	40.0000	50.0000	0.995543060
30.0000	40.0000	50.0000	0.558106240
40.0000	40.0000	50.0000	0.331268040
50.0000	40.0000	50.0000	0.155711400
60.0000	40.0000	50.0000	0.058587650
70.0000	40.0000	50.0000	0.093532495
80.0000	40.0000	50.0000	0.424098400
90.0000	40.0000	50.0000	0.697682500
100.0000	40.0000	50.0000	0.478659900
110.0000	40.0000	50.0000	0.181266140
120.0000	40.0000	50.0000	0.174468250
130.0000	40.0000	50.0000	0.463922230
140.0000	40.0000	50.0000	1.902463400
150.0000	40.0000	50.0000	3.648801300
160.0000	40.0000	50.0000	1.615087300
170.0000	40.0000	50.0000	0.766780300
180.0000	40.0000	50.0000	1.455170500
190.0000	40.0000	50.0000	1.598433400
200.0000	40.0000	50.0000	1.439104300
210.0000	40.0000	50.0000	2.386688700
220.0000	40.0000	50.0000	1.061982200
230.0000	40.0000	50.0000	0.439128130
240.0000	40.0000	50.0000	0.100159510
250.0000	40.0000	50.0000	0.064260810
260.0000	40.0000	50.0000	0.179532990
270.0000	40.0000	50.0000	0.596563800
280.0000	40.0000	50.0000	0.461802120
290.0000	40.0000	50.0000	0.263932230
300.0000	40.0000	50.0000	0.231426330
310.0000	40.0000	50.0000	0.433740230
320.0000	40.0000	50.0000	0.663536100
330.0000	40.0000	50.0000	0.536912560
340.0000	40.0000	50.0000	0.690345350
350.0000	40.0000	50.0000	0.332014140
360.0000	40.0000	50.0000	1.000000000
0.0000	50.0000	50.0000	1.004228400
10.0000	50.0000	50.0000	1.256069200
20.0000	50.0000	50.0000	1.440270500
30.0000	50.0000	50.0000	2.321305500
40.0000	50.0000	50.0000	1.836400600
50.0000	50.0000	50.0000	0.410702900
60.0000	50.0000	50.0000	0.151330900
70.0000	50.0000	50.0000	0.255528800
80.0000	50.0000	50.0000	2.097200200
90.0000	50.0000	50.0000	3.367954700
100.0000	50.0000	50.0000	0.744321760
110.0000	50.0000	50.0000	0.351658300
120.0000	50.0000	50.0000	0.488336700
130.0000	50.0000	50.0000	0.927252050
140.0000	50.0000	50.0000	4.239573500
150.0000	50.0000	50.0000	5.070918000
160.0000	50.0000	50.0000	0.519204740
170.0000	50.0000	50.0000	0.217718690
180.0000	50.0000	50.0000	0.601505640
190.0000	50.0000	50.0000	0.758108300
200.0000	50.0000	50.0000	1.071075300
210.0000	50.0000	50.0000	2.964968400
220.0000	50.0000	50.0000	2.690350300
230.0000	50.0000	50.0000	1.361016400
240.0000	50.0000	50.0000	0.506908830
250.0000	50.0000	50.0000	0.380178300
260.0000	50.0000	50.0000	0.930442500
270.0000	50.0000	50.0000	1.996452600
280.0000	50.0000	50.0000	0.952883660
290.0000	50.0000	50.0000	0.365221700
300.0000	50.0000	50.0000	0.340003520
310.0000	50.0000	50.0000	0.593958600
320.0000	50.0000	50.0000	1.456706500
330.0000	50.0000	50.0000	1.598625800
340.0000	50.0000	50.0000	0.535597440
350.0000	50.0000	50.0000	0.199079840
360.0000	50.0000	50.0000	1.000000000
0.0000	60.0000	50.0000	0.624288900
10.0000	60.0000	50.0000	0.835164900
20.0000	60.0000	50.0000	2.854449300
30.0000	60.0000	50.0000	7.220717400
40.0000	60.0000	50.0000	1.311333900
50.0000	60.0000	50.0000	0.264475580
60.0000	60.0000	50.0000	0.440691900
70.0000	60.0000	50.0000	1.101759800
80.0000	60.0000	50.0000	1.991174200
90.0000	60.0000	50.0000	2.709579500
100.0000	60.0000	50.0000	1.406525100
110.0000	60.0000	50.0000	0.863511740
120.0000	60.0000	50.0000	0.413323850
130.0000	60.0000	50.0000	0.398601230
140.0000	60.0000	50.0000	1.210038200
150.0000	60.0000	50.0000	1.182556200
160.0000	60.0000	50.0000	0.320822830
170.0000	60.0000	50.0000	0.237451050
180.0000	60.0000	50.0000	0.402840880
190.0000	60.0000	50.0000	0.712598740
200.0000	60.0000	50.0000	1.119783400
210.0000	60.0000	50.0000	1.708903200
220.0000	60.0000	50.0000	1.119699200
230.0000	60.0000	50.0000	0.521273500
240.0000	60.0000	50.0000	1.030202500
250.0000	60.0000	50.0000	2.439278800
260.0000	60.0000	50.0000	1.294247900
270.0000	60.0000	50.0000	1.502265200
280.0000	60.0000	50.0000	1.126678200
290.0000	60.0000	50.0000	0.369167120
300.0000	60.0000	50.0000	0.229356260
310.0000	60.0000	50.0000	0.202477660
320.0000	60.0000	50.0000	1.145792800
330.0000	60.0000	50.0000	2.702071700
340.0000	60.0000	50.0000	0.476927670
350.0000	60.0000	50.0000	0.215449800
360.0000	60.0000	50.0000	1.000000000
0.0000	70.0000	50.0000	0.469561820
10.0000	70.0000	50.0000	0.847156500
20.0000	70.0000	50.0000	4.163640000
30.0000	70.0000	50.0000	3.749507400
40.0000	70.0000	50.0000	0.361817360
50.0000	70.0000	50.0000	0.140323060
60.0000	70.0000	50.0000	0.485123160
70.0000	70.0000	50.0000	1.073410300
80.0000	70.0000	50.0000	1.110369900
90.0000	70.0000	50.0000	1.133017400
100.0000	70.0000	50.0000	0.938422260
110.0000	70.0000	50.0000	0.782676100
120.0000	70.0000	50.0000	0.178252790
130.0000	70.0000	50.0000	0.127569240
140.0000	70.0000	50.0000	0.279028800
150.0000	70.0000	50.0000	0.504731240
160.0000	70.0000	50.0000	0.950550560
170.0000	70.0000	50.0000	0.470554020
180.0000	70.0000	50.0000	0.439186220
190.0000	70.0000	50.0000	0.914301040
200.0000	70.0000	50.0000	0.804515840
210.0000	70.0000	50.0000	0.451518200
220.0000	70.0000	50.0000	0.197511390
230.0000	70.0000	50.0000	0.147023230
240.0000	70.0000	50.0000	0.706550060
250.0000	70.0000	50.0000	2.126768600
260.0000	70.0000	50.0000	0.678027200
270.0000	70.0000	50.0000	0.344652380
280.0000	70.0000	50.0000	0.246416930
290.0000	70.0000	50.0000	0.223171190
300.0000	70.0000	50.0000	0.102943720
310.0000	70.0000	50.0000	0.056751333
320.0000	70.0000	50.0000	0.472815600
330.0000	70.0000	50.0000	1.840779300
340.0000	70.0000	50.0000	0.683695600
350.0000	70.0000	50.0000	0.485983550
360.0000	70.0000	50.0000	1.000000000
0.0000	80.0000	50.0000	0.667905150
10.0000	80.0000	50.0000	1.013647800
20.0000	80.0000	50.0000	2.989359100
30.0000	80.0000	50.0000	0.980815230
40.0000	80.0000	50.0000	0.318165750
50.0000	80.0000	50.0000	0.314485850
60.0000	80.0000	50.0000	0.695419000
70.0000	80.0000	50.0000	1.448818700
80.0000	80.0000	50.0000	3.063531400
90.0000	80.0000	50.0000	3.601827900
100.0000	80.0000	50.0000	3.571679000
110.0000	80.0000	50.0000	1.921885000
120.0000	80.0000	50.0000	0.708167140
130.0000	80.0000	50.0000	1.132337700
140.0000	80.0000	50.0000	0.443601200
150.0000	80.0000	50.0000	0.506845500
160.0000	80.0000	50.0000	2.184389400
170.0000	80.0000	50.0000	0.626698600
180.0000	80.0000	50.0000	0.539753300
190.0000	80.0000	50.0000	1.217480300
200.0000	80.0000	50.0000	0.800205700
210.0000	80.0000	50.0000	0.297003000
220.0000	80.0000	50.0000	0.191613610
230.0000	80.0000	50.0000	0.302608160
240.0000	80.0000	50.0000	0.831990240
250.0000	80.0000	50.0000	1.622036500
260.0000	80.0000	50.0000	1.191679100
270.0000	80.0000	50.0000	0.615041400
280.0000	80.0000	50.0000	0.570106200
290.0000	80.0000	50.0000	0.704358100
300.0000	80.0000	50.0000	0.483052200
310.0000	80.0000	50.0000	0.519876300
320.0000	80.0000	50.0000	0.601015200
330.0000	80.0000	50.0000	0.871087100
340.0000	80.0000	50.0000	1.491097500
350.0000	80.0000	50.0000	1.133799300
360.0000	80.0000	50.0000	1.000000000
0.0000	90.0000	50.0000	0.572403600
10.0000	90.0000	50.0000	0.686608900
20.0000	90.0000	50.0000	3.078830200
30.0000	90.0000	50.0000	0.811400200
40.0000	90.0000	50.0000	0.504869940
50.0000	90.0000	50.0000	1.160626800
60.0000	90.0000	50.0000	1.516045100
70.0000	90.0000	50.0000	3.551174600
80.0000	90.0000	50.0000	6.256279000
90.0000	90.0000	50.0000	7.617196000
100.0000	90.0000	50.0000	10.535418500
110.0000	90.0000	50.0000	5.322588000
120.0000	90.0000	50.0000	1.850571000
130.0000	90.0000	50.0000	2.918358000
140.0000	90.0000	50.0000	0.665549500
150.0000	90.0000	50.0000	0.501705900
160.0000	90.0000	50.0000	2.241996500
170.0000	90.0000	50.0000	0.471804950
180.0000	90.0000	50.0000	0.581789430
190.0000	90.0000	50.0000	1.564650800
200.0000	90.0000	50.0000	1.245132700
210.0000	90.0000	50.0000	0.392143880
220.0000	90.0000	50.0000	0.371561260
230.0000	90.0000	50.0000	0.863590900
240.0000	90.0000	50.0000	1.179943700
250.0000	90.0000	50.0000	2.039963700
260.0000	90.0000	50.0000	1.320383400
270.0000	90.0000	50.0000	1.077378300
280.0000	90.0000	50.0000	1.651785400
290.0000	90.0000	50.0000	2.989293000
300.0000	90.0000	50.0000	1.625811200
310.0000	90.0000	50.0000	2.002212800
320.0000	90.0000	50.0000	0.786520000
330.0000	90.0000	50.0000	0.601810400
340.0000	90.0000	50.0000	1.563607800
350.0000	90.0000	50.0000	1.273749700
360.0000	90.0000	50.0000	1.000000000
0.0000	0.0000	60.0000	1.000000000
10.0000	0.0000	60.0000	1.000000000
20.0000	0.0000	60.0000	1.000000000
30.0000	0.0000	60.0000	1.000000000
40.0000	0.0000	60.0000	1.000000000
50.0000	0.0000	60.0000	1.000000000
60.0000	0.0000	60.0000	1.000000000
70.0000	0.0000	60.0000	1.000000000
80.0000	0.0000	60.0000	1.000000000
90.0000	0.0000	60.0000	1.000000000
100.0000	0.0000	60.0000	1.000000000
110.0000	0.0000	60.0000	1.000000000
120.0000	0.0000	60.0000	1.000000000
130.0000	0.0000	60.0000	1.000000000
140.0000	0.0000	60.0000	1.000000000
150.0000	0.0000	60.0000	1.000000000
160.0000	0.0000	60.0000	1.000000000
170.0000	0.0000	60.0000	1.000000000
180.0000	0.0000	60.0000	1.000000000
190.0000	0.0000	60.0000	1.000000000
200.0000	0.0000	60.0000	1.000000000
210.0000	0.0000	60.0000	1.000000000
220.0000	0.0000	60.0000	1.000000000
230.0000	0.0000	60.0000	1.000000000
240.0000	0.0000	60.0000	1.000000000
250.0000	0.0000	60.0000	1.000000000
260.0000	0.0000	60.0000	1.000000000
270.0000	0.0000	60.0000	1.000000000
280.0000	0.0000	60.0000	1.000000000
290.0000	0.0000	60.0000	1.000000000
300.0000	0.0000	60.0000	1.000000000
310.0000	0.0000	60.0000	1.000000000
320.0000	0.0000	60.0000	1.000000000
330.0000	0.0000	60.0000	1.000000000
340.0000	0.0000	60.0000	1.000000000
350.0000	0.0000	60.0000	1.000000000
360.0000	0.0000	60.0000	1.000000000
0.0000	10.0000	60.0000	0.817260900
10.0000	10.0000	60.0000	3.175331600
20.0000	10.0000	60.0000	0.635858000
30.0000	10.0000	60.0000	0.056936912
40.0000	10.0000	60.0000	0.171655120
50.0000	10.0000	60.0000	0.975655900
60.0000	10.0000	60.0000	2.266273300
70.0000	10.0000	60.0000	4.081704600
80.0000	10.0000	60.0000	5.226492400
90.0000	10.0000	60.0000	0.437908800
100.0000	10.0000	60.0000	0.045766450
110.0000	10.0000	60.0000	0.046922190
120.0000	10.0000	60.0000	0.058702704
130.0000	10.0000	60.0000	0.094590970
140.0000	10.0000	60.0000	0.305700600
150.0000	10.0000	60.0000	0.657031800
160.0000	10.0000	60.0000	1.235977500
170.0000	10.0000	60.0000	1.022653300
180.0000	10.0000	60.0000	0.306622530
190.0000	10.0000	60.0000	0.741812100
200.0000	10.0000	60.0000	0.173215720
210.0000	10.0000	60.0000	0.041995520
220.0000	10.0000	60.0000	0.156987650
230.0000	10.0000	60.0000	1.215701500
240.0000	10.0000	60.0000	1.139157500
250.0000	10.0000	60.0000	0.681270000
260.0000	10.0000	60.0000	2.491364000
270.0000	10.0000	60.0000	1.328969600
280.0000	10.0000	60.0000	0.312946000
290.0000	10.0000	60.0000	0.235521660
300.0000	10.0000	60.0000	0.093501970
310.0000	10.0000	60.0000	0.131036500
320.0000	10.0000	60.0000	0.867899200
330.0000	10.0000	60.0000	0.795589000
340.0000	10.0000	60.0000	1.089553200
350.0000	10.0000	60.0000	1.294175000
360.0000	10.0000	60.0000	1.000000000
0.0000	20.0000	60.0000	1.263219000
10.0000	20.0000	60.0000	1.440490600
20.0000	20.0000	60.0000	0.096648760
30.0000	20.0000	60.0000	0.030283837
40.0000	20.0000	60.0000	0.174812760
50.0000	20.0000	60.0000	0.531650000
60.0000	20.0000	60.0000	1.632299300
70.0000	20.0000	60.0000	2.476616600
80.0000	20.0000	60.0000	0.232052880
90.0000	20.0000	60.0000	0.071646450
100.0000	20.0000	60.0000	0.134056970
110.0000	20.0000	60.0000	0.129136860
120.0000	20.0000	60.0000	0.123789280
130.0000	20.0000	60.0000	0.208938790
140.0000	20.0000	60.0000	0.646354000
150.0000	20.0000	60.0000	1.693928700
160.0000	20.0000	60.0000	0.804727700
170.0000	20.0000	60.0000	0.761148400
180.0000	20.0000	60.0000	0.881396100
190.0000	20.0000	60.0000	0.491539300
200.0000	20.0000	60.0000	0.121331050
210.0000	20.0000	60.0000	0.061981260
220.0000	20.0000	60.0000	0.204729860
230.0000	20.0000	60.0000	0.417504670
240.0000	20.0000	60.0000	0.714913100
250.0000	20.0000	60.0000	0.357798200
260.0000	20.0000	60.0000	0.200753120
270.0000	20.0000	60.0000	0.297853170
280.0000	20.0000	60.0000	0.366705330
290.0000	20.0000	60.0000	0.166249510
300.0000	20.0000	60.0000	0.119055726
310.0000	20.0000	60.0000	0.266906100
320.0000	20.0000	60.0000	0.691555260
330.0000	20.0000	60.0000	1.811161400
340.0000	20.0000	60.0000	1.092272000
350.0000	20.0000	60.0000	0.731125000
360.0000	20.0000	60.0000	1.000000000
0.0000	30.0000	60.0000	1.078992700
10.0000	30.0000	60.0000	0.626204200
20.0000	30.0000	60.0000	0.050642546
30.0000	30.0000	60.0000	0.041014064
40.0000	30.0000	60.0000	0.098997094
50.0000	30.0000	60.0000	0.173253400
60.0000	30.0000	60.0000	0.393292730
70.0000	30.0000	60.0000	1.017575600
80.0000	30.0000	60.0000	0.378283020
90.0000	30.0000	60.0000	0.160933780
100.0000	30.0000	60.0000	0.262598660
110.0000	30.0000	60.0000	0.288440350
120.0000	30.0000	60.0000	0.340804700
130.0000	30.0000	60.0000	0.368001580
140.0000	30.0000	60.0000	0.846785070
150.0000	30.0000	60.0000	1.282901300
160.0000	30.0000	60.0000	0.656225500
170.0000	30.0000	60.0000	0.965438250
180.0000	30.0000	60.0000	2.075904000
190.0000	30.0000	60.0000	1.530599400
200.0000	30.0000	60.0000	0.546556200
210.0000	30.0000	60.0000	0.252956060
220.0000	30.0000	60.0000	0.314679180
230.0000	30.0000	60.0000	0.377543200
240.0000	30.0000	60.0000	0.456341480
250.0000	30.0000	60.0000	0.401398570
260.0000	30.0000	60.0000	0.254941020
270.0000	30.0000	60.0000	0.296965960
280.0000	30.0000	60.0000	0.242452260
290.0000	30.0000	60.0000	0.101286210
300.0000	30.0000	60.0000	0.242389350
310.0000	30.0000	60.0000	0.371199400
320.0000	30.0000	60.0000	0.389543770
330.0000	30.0000	60.0000	0.777364300
340.0000	30.0000	60.0000	0.747239650
350.0000	30.0000	60.0000	0.668661700
360.0000	30.0000	60.0000	1.000000000
0.0000	40.0000	60.0000	1.226089800
10.0000	40.0000	60.0000	0.721636240
20.0000	40.0000	60.0000	0.188192010
30.0000	40.0000	60.0000	0.175376490
40.0000	40.0000	60.0000	0.229732320
50.0000	40.0000	60.0000	0.172038610
60.0000	40.0000	60.0000	0.076599820
70.0000	40.0000	60.0000	0.273195860
80.0000	40.0000	60.0000	1.500176200
90.0000	40.0000	60.0000	1.305275800
100.0000	40.0000	60.0000	0.727709400
110.0000	40.0000	60.0000	0.517054800
120.0000	40.0000	60.0000	0.494743200
130.0000	40.0000	60.0000	0.934966270
140.0000	40.0000	60.0000	1.745734900
150.0000	40.0000	60.0000	0.916696400
160.0000	40.0000	60.0000	0.295067500
170.0000	40.0000	60.0000	0.731442500
180.0000	40.0000	60.0000	2.224235000
190.0000	40.0000	60.0000	1.267626300
200.0000	40.0000	60.0000	1.063589800
210.0000	40.0000	60.0000	1.333442100
220.0000	40.0000	60.0000	0.780451540
230.0000	40.0000	60.0000	0.381664500
240.0000	40.0000	60.0000	0.179116060
250.0000	40.0000	60.0000	0.211997730
260.0000	40.0000	60.0000	0.471359500
270.0000	40.0000	60.0000	0.993826200
280.0000	40.0000	60.0000	0.453012900
290.0000	40.0000	60.0000	0.315222740
300.0000	40.0000	60.0000	0.606666900
310.0000	40.0000	60.0000	0.676252070
320.0000	40.0000	60.0000	0.336264550
330.0000	40.0000	60.0000	0.264010070
340.0000	40.0000	60.0000	0.215417240
350.0000	40.0000	60.0000	0.360525880
360.0000	40.0000	60.0000	1.000000000
0.0000	50.0000	60.0000	1.852291200
10.0000	50.0000	60.0000	1.272744000
20.0000	50.0000	60.0000	0.519897200
30.0000	50.0000	60.0000	0.630550900
40.0000	50.0000	60.0000	0.977165500
50.0000	50.0000	60.0000	0.321069330
60.0000	50.0000	60.0000	0.086327550
70.0000	50.0000	60.0000	0.213725430
80.0000	50.0000	60.0000	3.226398200
90.0000	50.0000	60.0000	1.994087000
100.0000	50.0000	60.0000	0.556905450
110.0000	50.0000	60.0000	0.373797950
120.0000	50.0000	60.0000	0.484444980
130.0000	50.0000	60.0000	1.747248200
140.0000	50.0000	60.0000	2.897709000
150.0000	50.0000	60.0000	0.296328250
160.0000	50.0000	60.0000	0.049420570
170.0000	50.0000	60.0000	0.237597330
180.0000	50.0000	60.0000	1.373536000
190.0000	50.0000	60.0000	0.829388600
200.0000	50.0000	60.0000	0.508498400
210.0000	50.0000	60.0000	1.345685700
220.0000	50.0000	60.0000	1.597826700
230.0000	50.0000	60.0000	0.449052100
240.0000	50.0000	60.0000	0.207496580
250.0000	50.0000	60.0000	0.259884360
260.0000	50.0000	60.0000	0.500854800
270.0000	50.0000	60.0000	1.108246800
280.0000	50.0000	60.0000	0.472384000
290.0000	50.0000	60.0000	0.392495360
300.0000	50.0000	60.0000	0.706388830
310.0000	50.0000	60.0000	0.725340840
320.0000	50.0000	60.0000	0.502669700
330.0000	50.0000	60.0000	0.223609250
340.0000	50.0000	60.0000	0.120575786
350.0000	50.0000	60.0000	0.233725310
360.0000	50.0000	60.0000	1.000000000
0.0000	60.0000	60.0000	0.931920900
10.0000	60.0000	60.0000	0.950737060
20.0000	60.0000	60.0000	1.511953000
30.0000	60.0000	60.0000	1.897098500
40.0000	60.0000	60.0000	1.168499600
50.0000	60.0000	60.0000	0.531401340
60.0000	60.0000	60.0000	0.609676700
70.0000	60.0000	60.0000	1.428849200
80.0000	60.0000	60.0000	2.678856400
90.0000	60.0000	60.0000	2.227751500
100.0000	60.0000	60.0000	0.393962860
110.0000	60.0000	60.0000	0.229488780
120.0000	60.0000	60.0000	0.159064200
130.0000	60.0000	60.0000	0.340128450
140.0000	60.0000	60.0000	0.722653750
150.0000	60.0000	60.0000	0.315348900
160.0000	60.0000	60.0000	0.079489960
170.0000	60.0000	60.0000	0.217739820
180.0000	60.0000	60.0000	0.502485500
190.0000	60.0000	60.0000	0.727294270
200.0000	60.0000	60.0000	0.512052300
210.0000	60.0000	60.0000	0.899785900
220.0000	60.0000	60.0000	1.281461100
230.0000	60.0000	60.0000	0.629610300
240.0000	60.0000	60.0000	0.766675800
250.0000	60.0000	60.0000	1.458225600
260.0000	60.0000	60.0000	0.652969840
270.0000	60.0000	60.0000	0.442543200
280.0000	60.0000	60.0000	0.277536500
290.0000	60.0000	60.0000	0.199356180
300.0000	60.0000	60.0000	0.289327650
310.0000	60.0000	60.0000	0.318498020
320.0000	60.0000	60.0000	0.517434300
330.0000	60.0000	60.0000	0.512178060
340.0000	60.0000	60.0000	0.151649760
350.0000	60.0000	60.0000	0.185366720
360.0000	60.0000	60.0000	1.000000000
0.0000	70.0000	60.0000	0.335486740
10.0000	70.0000	60.0000	0.419938030
20.0000	70.0000	60.0000	1.047901500
30.0000	70.0000	60.0000	2.173557300
40.0000	70.0000	60.0000	0.939207430
50.0000	70.0000	60.0000	0.700004300
60.0000	70.0000	60.0000	2.075841000
70.0000	70.0000	60.0000	2.903293000
80.0000	70.0000	60.0000	1.614055500
90.0000	70.0000	60.0000	0.786293400
100.0000	70.0000	60.0000	0.264525650
110.0000	70.0000	60.0000	0.327904340
120.0000	70.0000	60.0000	0.179474340
130.0000	70.0000	60.0000	0.192410500
140.0000	70.0000	60.0000	0.437061700
150.0000	70.0000	60.0000	0.512709560
160.0000	70.0000	60.0000	0.315041840
170.0000	70.0000	60.0000	0.185623660
180.0000	70.0000	60.0000	0.224589930
190.0000	70.0000	60.0000	0.768882160
200.0000	70.0000	60.0000	0.386277970
210.0000	70.0000	60.0000	0.617549500
220.0000	70.0000	60.0000	0.579574300
230.0000	70.0000	60.0000	0.448547360
240.0000	70.0000	60.0000	1.384375800
250.0000	70.0000	60.0000	2.327575700
260.0000	70.0000	60.0000	0.379363270
270.0000	70.0000	60.0000	0.091927625
280.0000	70.0000	60.0000	0.101831370
290.0000	70.0000	60.0000	0.154673500
300.0000	70.0000	60.0000	0.131791160
310.0000	70.0000	60.0000	0.246658760
320.0000	70.0000	60.0000	0.665311750
330.0000	70.0000	60.0000	0.759513900
340.0000	70.0000	60.0000	0.277578950
350.0000	70.0000	60.0000	0.233694200
360.0000	70.0000	60.0000	1.000000000
0.0000	80.0000	60.0000	0.231684070
10.0000	80.0000	60.0000	0.327857550
20.0000	80.0000	60.0000	0.513838650
30.0000	80.0000	60.0000	0.750957700
40.0000	80.0000	60.0000	0.293415070
50.0000	80.0000	60.0000	0.205426870
60.0000	80.0000	60.0000	1.246692800
70.0000	80.0000	60.0000	2.626622000
80.0000	80.0000	60.0000	2.952399300
90.0000	80.0000	60.0000	1.315170400
100.0000	80.0000	60.0000	0.716380540
110.0000	80.0000	60.0000	1.107416900
120.0000	80.0000	60.0000	0.720533250
130.0000	80.0000	60.0000	0.627103700
140.0000	80.0000	60.0000	0.393205290
150.0000	80.0000	60.0000	0.245289360
160.0000	80.0000	60.0000	0.371588380
170.0000	80.0000	60.0000	0.155848230
180.0000	80.0000	60.0000	0.129783900
190.0000	80.0000	60.0000	0.438148620
200.0000	80.0000	60.0000	0.253360270
210.0000	80.0000	60.0000	0.434271280
220.0000	80.0000	60.0000	0.413520840
230.0000	80.0000	60.0000	0.345878270
240.0000	80.0000	60.0000	1.142271600
250.0000	80.0000	60.0000	1.264675700
260.0000	80.0000	60.0000	0.385116040
270.0000	80.0000	60.0000	0.135289280
280.0000	80.0000	60.0000	0.193317850
290.0000	80.0000	60.0000	0.728901000
300.0000	80.0000	60.0000	0.595112200
310.0000	80.0000	60.0000	0.972230140
320.0000	80.0000	60.0000	1.279585800
330.0000	80.0000	60.0000	0.455409260
340.0000	80.0000	60.0000	0.342116400
350.0000	80.0000	60.0000	0.454687740
360.0000	80.0000	60.0000	1.000000000
0.0000	90.0000	60.0000	0.186774360
10.0000	90.0000	60.0000	0.269316580
20.0000	90.0000	60.0000	0.376459120
30.0000	90.0000	60.0000	0.301514830
40.0000	90.0000	60.0000	0.087024584
50.0000	90.0000	60.0000	0.084487200
60.0000	90.0000	60.0000	1.071660600
70.0000	90.0000	60.0000	2.963076600
80.0000	90.0000	60.0000	4.820325400
90.0000	90.0000	60.0000	2.794679900
100.0000	90.0000	60.0000	2.006837600
110.0000	90.0000	60.0000	2.366731600
120.0000	90.0000	60.0000	0.977175000
130.0000	90.0000	60.0000	0.785033700
140.0000	90.0000	60.0000	0.289246950
150.0000	90.0000	60.0000	0.145895360
160.0000	90.0000	60.0000	0.384450260
170.0000	90.0000	60.0000	0.229405370
180.0000	90.0000	60.0000	0.136850700
190.0000	90.0000	60.0000	0.239980250
200.0000	90.0000	60.0000	0.199555070
210.0000	90.0000	60.0000	0.330673700
220.0000	90.0000	60.0000	0.355846140
230.0000	90.0000	60.0000	0.443641100
240.0000	90.0000	60.0000	1.175943700
250.0000	90.0000	60.0000	0.840100470
260.0000	90.0000	60.0000	0.388718550
270.0000	90.0000	60.0000	0.288100960
280.0000	90.0000	60.0000	0.682135760
290.0000	90.0000	60.0000	3.577159200
300.0000	90.0000	60.0000	1.735618100
310.0000	90.0000	60.0000	1.733609100
320.0000	90.0000	60.0000	1.278550500
330.0000	90.0000	60.0000	0.332328300
340.0000	90.0000	60.0000	0.322158400
350.0000	90.0000	60.0000	0.439278480
360.0000	90.0000	60.0000	1.000000000
