0.0000	0.0000	0.0000	0.147767420
10.0000	0.0000	0.0000	0.407784820
20.0000	0.0000	0.0000	1.791152800
30.0000	0.0000	0.0000	1.358244000
40.0000	0.0000	0.0000	0.774504700
50.0000	0.0000	0.0000	1.010929600
60.0000	0.0000	0.0000	1.691340700
70.0000	0.0000	0.0000	1.497642500
80.0000	0.0000	0.0000	0.207797700
90.0000	0.0000	0.0000	0.202097420
100.0000	0.0000	0.0000	0.595852200
110.0000	0.0000	0.0000	2.119221700
120.0000	0.0000	0.0000	3.099390700
130.0000	0.0000	0.0000	3.532214600
140.0000	0.0000	0.0000	4.054029000
150.0000	0.0000	0.0000	3.950736500
160.0000	0.0000	0.0000	1.792389400
170.0000	0.0000	0.0000	0.329952630
180.0000	0.0000	0.0000	0.159746630
190.0000	0.0000	0.0000	0.309321500
200.0000	0.0000	0.0000	1.571166900
210.0000	0.0000	0.0000	0.624263640
220.0000	0.0000	0.0000	0.313857500
230.0000	0.0000	0.0000	0.444862280
240.0000	0.0000	0.0000	0.972274500
250.0000	0.0000	0.0000	1.130149100
260.0000	0.0000	0.0000	0.197368670
270.0000	0.0000	0.0000	0.137984290
280.0000	0.0000	0.0000	0.310829640
290.0000	0.0000	0.0000	1.312605400
300.0000	0.0000	0.0000	2.212460000
310.0000	0.0000	0.0000	1.889759100
320.0000	0.0000	0.0000	2.254885700
330.0000	0.0000	0.0000	2.825204000
340.0000	0.0000	0.0000	1.138909200
350.0000	0.0000	0.0000	0.231941710
360.0000	0.0000	0.0000	1.000000000
0.0000	10.0000	0.0000	0.224280010
10.0000	10.0000	0.0000	1.262410000
20.0000	10.0000	0.0000	4.696776000
30.0000	10.0000	0.0000	0.641983000
40.0000	10.0000	0.0000	1.802415700
50.0000	10.0000	0.0000	4.681555000
60.0000	10.0000	0.0000	1.265106200
70.0000	10.0000	0.0000	1.533302700
80.0000	10.0000	0.0000	0.336762280
90.0000	10.0000	0.0000	0.481157800
100.0000	10.0000	0.0000	1.963279800
110.0000	10.0000	0.0000	3.310616500
120.0000	10.0000	0.0000	2.813361600
130.0000	10.0000	0.0000	2.902542000
140.0000	10.0000	0.0000	4.176925000
150.0000	10.0000	0.0000	5.861783500
160.0000	10.0000	0.0000	2.632464600
170.0000	10.0000	0.0000	0.661815940
180.0000	10.0000	0.0000	0.235163020
190.0000	10.0000	0.0000	1.747326400
200.0000	10.0000	0.0000	1.350817300
210.0000	10.0000	0.0000	0.317863600
220.0000	10.0000	0.0000	0.475344240
230.0000	10.0000	0.0000	1.607569700
240.0000	10.0000	0.0000	1.308983100
250.0000	10.0000	0.0000	1.099388700
260.0000	10.0000	0.0000	0.528564600
270.0000	10.0000	0.0000	0.584949850
280.0000	10.0000	0.0000	1.693750000
290.0000	10.0000	0.0000	3.214535200
300.0000	10.0000	0.0000	3.070398000
310.0000	10.0000	0.0000	3.570378800
320.0000	10.0000	0.0000	2.981431200
330.0000	10.0000	0.0000	2.282398000
340.0000	10.0000	0.0000	1.427638000
350.0000	10.0000	0.0000	0.584934900
360.0000	10.0000	0.0000	1.000000000
0.0000	20.0000	0.0000	0.370262200
10.0000	20.0000	0.0000	0.869098960
20.0000	20.0000	0.0000	2.782480000
30.0000	20.0000	0.0000	1.911226200
40.0000	20.0000	0.0000	1.569631900
50.0000	20.0000	0.0000	1.196162000
60.0000	20.0000	0.0000	0.080722466
70.0000	20.0000	0.0000	0.103246850
80.0000	20.0000	0.0000	0.151631250
90.0000	20.0000	0.0000	0.307583750
100.0000	20.0000	0.0000	1.334843800
110.0000	20.0000	0.0000	0.964787540
120.0000	20.0000	0.0000	1.069634600
130.0000	20.0000	0.0000	1.291566300
140.0000	20.0000	0.0000	0.568857100
150.0000	20.0000	0.0000	0.908394160
160.0000	20.0000	0.0000	1.666153200
170.0000	20.0000	0.0000	0.674296500
180.0000	20.0000	0.0000	0.361732930
190.0000	20.0000	0.0000	0.589675200
200.0000	20.0000	0.0000	0.940469900
210.0000	20.0000	0.0000	0.730928540
220.0000	20.0000	0.0000	0.354770840
230.0000	20.0000	0.0000	0.588896600
240.0000	20.0000	0.0000	0.381688480
250.0000	20.0000	0.0000	0.156999220
260.0000	20.0000	0.0000	0.125640270
270.0000	20.0000	0.0000	0.489451100
280.0000	20.0000	0.0000	1.133869600
290.0000	20.0000	0.0000	0.539332500
300.0000	20.0000	0.0000	1.425057200
310.0000	20.0000	0.0000	6.261971000
320.0000	20.0000	0.0000	1.120140800
330.0000	20.0000	0.0000	0.660070000
340.0000	20.0000	0.0000	0.958815500
350.0000	20.0000	0.0000	0.533707300
360.0000	20.0000	0.0000	1.000000000
0.0000	30.0000	0.0000	0.836698350
10.0000	30.0000	0.0000	1.489431400
20.0000	30.0000	0.0000	3.156882500
30.0000	30.0000	0.0000	1.729031000
40.0000	30.0000	0.0000	0.573451460
50.0000	30.0000	0.0000	0.209935960
60.0000	30.0000	0.0000	0.064371996
70.0000	30.0000	0.0000	0.088949450
80.0000	30.0000	0.0000	0.152856360
90.0000	30.0000	0.0000	0.327409700
100.0000	30.0000	0.0000	1.033857200
110.0000	30.0000	0.0000	0.308390050
120.0000	30.0000	0.0000	0.265625420
130.0000	30.0000	0.0000	0.909590240
140.0000	30.0000	0.0000	1.774801400
150.0000	30.0000	0.0000	3.276757000
160.0000	30.0000	0.0000	6.747880500
170.0000	30.0000	0.0000	2.198533800
180.0000	30.0000	0.0000	1.524654500
190.0000	30.0000	0.0000	1.835808800
200.0000	30.0000	0.0000	1.383961600
210.0000	30.0000	0.0000	0.607087970
220.0000	30.0000	0.0000	0.236203340
230.0000	30.0000	0.0000	0.146166970
240.0000	30.0000	0.0000	0.231408970
250.0000	30.0000	0.0000	0.162551270
260.0000	30.0000	0.0000	0.103180090
270.0000	30.0000	0.0000	0.257129900
280.0000	30.0000	0.0000	0.432229160
290.0000	30.0000	0.0000	0.154604020
300.0000	30.0000	0.0000	0.343536850
310.0000	30.0000	0.0000	0.908129040
320.0000	30.0000	0.0000	0.626838270
330.0000	30.0000	0.0000	0.968719500
340.0000	30.0000	0.0000	2.465600700
350.0000	30.0000	0.0000	1.146721100
360.0000	30.0000	0.0000	1.000000000
0.0000	40.0000	0.0000	3.044773300
10.0000	40.0000	0.0000	4.941710000
20.0000	40.0000	0.0000	5.179603000
30.0000	40.0000	0.0000	2.822929600
40.0000	40.0000	0.0000	2.740122300
50.0000	40.0000	0.0000	0.543508600
60.0000	40.0000	0.0000	0.980924960
70.0000	40.0000	0.0000	4.144002000
80.0000	40.0000	0.0000	1.136207100
90.0000	40.0000	0.0000	0.956156600
100.0000	40.0000	0.0000	1.547461600
110.0000	40.0000	0.0000	0.612398150
120.0000	40.0000	0.0000	0.402017680
130.0000	40.0000	0.0000	0.978711000
140.0000	40.0000	0.0000	2.755449500
150.0000	40.0000	0.0000	3.929977700
160.0000	40.0000	0.0000	7.063694500
170.0000	40.0000	0.0000	4.069306400
180.0000	40.0000	0.0000	3.875142800
190.0000	40.0000	0.0000	4.959031600
200.0000	40.0000	0.0000	1.970500300
210.0000	40.0000	0.0000	0.979081600
220.0000	40.0000	0.0000	1.077508700
230.0000	40.0000	0.0000	0.467295860
240.0000	40.0000	0.0000	0.662164750
250.0000	40.0000	0.0000	1.342036400
260.0000	40.0000	0.0000	0.550063700
270.0000	40.0000	0.0000	0.574326400
280.0000	40.0000	0.0000	0.943038800
290.0000	40.0000	0.0000	1.097367000
300.0000	40.0000	0.0000	0.732958300
310.0000	40.0000	0.0000	1.003319600
320.0000	40.0000	0.0000	1.957337100
330.0000	40.0000	0.0000	2.765869000
340.0000	40.0000	0.0000	5.193425700
350.0000	40.0000	0.0000	3.453233000
360.0000	40.0000	0.0000	1.000000000
0.0000	50.0000	0.0000	8.896184000
10.0000	50.0000	0.0000	10.348759000
20.0000	50.0000	0.0000	4.501845400
30.0000	50.0000	0.0000	2.834436000
40.0000	50.0000	0.0000	1.565857600
50.0000	50.0000	0.0000	0.418303850
60.0000	50.0000	0.0000	0.535455200
70.0000	50.0000	0.0000	1.651603900
80.0000	50.0000	0.0000	0.800453540
90.0000	50.0000	0.0000	0.928255100
100.0000	50.0000	0.0000	1.456793800
110.0000	50.0000	0.0000	0.904416300
120.0000	50.0000	0.0000	0.451773170
130.0000	50.0000	0.0000	0.502284940
140.0000	50.0000	0.0000	1.587372800
150.0000	50.0000	0.0000	2.273785400
160.0000	50.0000	0.0000	2.794278900
170.0000	50.0000	0.0000	1.479030700
180.0000	50.0000	0.0000	1.505183000
190.0000	50.0000	0.0000	2.605769600
200.0000	50.0000	0.0000	2.764914000
210.0000	50.0000	0.0000	2.767893800
220.0000	50.0000	0.0000	2.901132800
230.0000	50.0000	0.0000	0.745350300
240.0000	50.0000	0.0000	0.478616150
250.0000	50.0000	0.0000	0.457769660
260.0000	50.0000	0.0000	0.357123370
270.0000	50.0000	0.0000	0.776814040
280.0000	50.0000	0.0000	2.367292000
290.0000	50.0000	0.0000	2.226114500
300.0000	50.0000	0.0000	0.546049360
310.0000	50.0000	0.0000	0.638501170
320.0000	50.0000	0.0000	2.925946200
330.0000	50.0000	0.0000	3.235645000
340.0000	50.0000	0.0000	6.665080500
350.0000	50.0000	0.0000	7.159379500
360.0000	50.0000	0.0000	1.000000000
0.0000	60.0000	0.0000	3.888314700
10.0000	60.0000	0.0000	3.481593800
20.0000	60.0000	0.0000	1.863772000
30.0000	60.0000	0.0000	1.081149500
40.0000	60.0000	0.0000	0.542858960
50.0000	60.0000	0.0000	0.257325860
60.0000	60.0000	0.0000	0.217786920
70.0000	60.0000	0.0000	0.457238880
80.0000	60.0000	0.0000	0.366136600
90.0000	60.0000	0.0000	0.351957100
100.0000	60.0000	0.0000	0.335937230
110.0000	60.0000	0.0000	0.175059970
120.0000	60.0000	0.0000	0.357278820
130.0000	60.0000	0.0000	0.486708850
140.0000	60.0000	0.0000	1.039535600
150.0000	60.0000	0.0000	1.858087200
160.0000	60.0000	0.0000	1.038698200
170.0000	60.0000	0.0000	0.444301130
180.0000	60.0000	0.0000	0.369933460
190.0000	60.0000	0.0000	1.032657300
200.0000	60.0000	0.0000	3.004927000
210.0000	60.0000	0.0000	2.325043400
220.0000	60.0000	0.0000	2.510315700
230.0000	60.0000	0.0000	0.949224300
240.0000	60.0000	0.0000	0.179830830
250.0000	60.0000	0.0000	0.213541970
260.0000	60.0000	0.0000	0.222780670
270.0000	60.0000	0.0000	0.344638170
280.0000	60.0000	0.0000	0.680773140
290.0000	60.0000	0.0000	0.361265660
300.0000	60.0000	0.0000	0.213966270
310.0000	60.0000	0.0000	0.103699070
320.0000	60.0000	0.0000	0.325685300
330.0000	60.0000	0.0000	1.529808900
340.0000	60.0000	0.0000	3.357741800
350.0000	60.0000	0.0000	4.674117000
360.0000	60.0000	0.0000	1.000000000
0.0000	70.0000	0.0000	0.422988360
10.0000	70.0000	0.0000	0.514953430
20.0000	70.0000	0.0000	1.049621300
30.0000	70.0000	0.0000	0.838882740
40.0000	70.0000	0.0000	0.547004000
50.0000	70.0000	0.0000	0.524580240
60.0000	70.0000	0.0000	0.469438080
70.0000	70.0000	0.0000	0.480229940
80.0000	70.0000	0.0000	0.256778450
90.0000	70.0000	0.0000	0.273499100
100.0000	70.0000	0.0000	0.203999270
110.0000	70.0000	0.0000	0.164452500
120.0000	70.0000	0.0000	0.782321000
130.0000	70.0000	0.0000	1.044417100
140.0000	70.0000	0.0000	1.101914200
150.0000	70.0000	0.0000	1.646813900
160.0000	70.0000	0.0000	1.737382500
170.0000	70.0000	0.0000	0.427092520
180.0000	70.0000	0.0000	0.258072020
190.0000	70.0000	0.0000	0.750248200
200.0000	70.0000	0.0000	1.844552800
210.0000	70.0000	0.0000	1.484958400
220.0000	70.0000	0.0000	3.421691200
230.0000	70.0000	0.0000	3.736253500
240.0000	70.0000	0.0000	0.366665240
250.0000	70.0000	0.0000	0.272068020
260.0000	70.0000	0.0000	0.189684800
270.0000	70.0000	0.0000	0.265922040
280.0000	70.0000	0.0000	0.335604200
290.0000	70.0000	0.0000	0.299135400
300.0000	70.0000	0.0000	0.794314700
310.0000	70.0000	0.0000	0.491564240
320.0000	70.0000	0.0000	0.497956420
330.0000	70.0000	0.0000	1.778334000
340.0000	70.0000	0.0000	2.274495100
350.0000	70.0000	0.0000	1.271630600
360.0000	70.0000	0.0000	1.000000000
0.0000	80.0000	0.0000	0.142367820
10.0000	80.0000	0.0000	0.223004920
20.0000	80.0000	0.0000	1.514053800
30.0000	80.0000	0.0000	1.965132800
40.0000	80.0000	0.0000	1.171478400
50.0000	80.0000	0.0000	1.120343600
60.0000	80.0000	0.0000	1.243110800
70.0000	80.0000	0.0000	0.628386800
80.0000	80.0000	0.0000	0.170173810
90.0000	80.0000	0.0000	0.186369690
100.0000	80.0000	0.0000	0.319971530
110.0000	80.0000	0.0000	0.776455160
120.0000	80.0000	0.0000	1.673350800
130.0000	80.0000	0.0000	2.143085500
140.0000	80.0000	0.0000	2.356594600
150.0000	80.0000	0.0000	2.276523000
160.0000	80.0000	0.0000	2.673548700
170.0000	80.0000	0.0000	0.396241640
180.0000	80.0000	0.0000	0.204139620
190.0000	80.0000	0.0000	0.684765100
200.0000	80.0000	0.0000	1.799745000
210.0000	80.0000	0.0000	2.526171200
220.0000	80.0000	0.0000	4.210605600
230.0000	80.0000	0.0000	4.057114000
240.0000	80.0000	0.0000	1.323204900
250.0000	80.0000	0.0000	0.542202400
260.0000	80.0000	0.0000	0.149652140
270.0000	80.0000	0.0000	0.200383510
280.0000	80.0000	0.0000	0.367641840
290.0000	80.0000	0.0000	0.839577100
300.0000	80.0000	0.0000	1.558304300
310.0000	80.0000	0.0000	0.893824040
320.0000	80.0000	0.0000	0.852668400
330.0000	80.0000	0.0000	1.752159400
340.0000	80.0000	0.0000	1.958072700
350.0000	80.0000	0.0000	0.645066600
360.0000	80.0000	0.0000	1.000000000
0.0000	90.0000	0.0000	0.153492330
10.0000	90.0000	0.0000	0.201134820
20.0000	90.0000	0.0000	1.637159500
30.0000	90.0000	0.0000	2.806857800
40.0000	90.0000	0.0000	2.215727300
50.0000	90.0000	0.0000	2.647569700
60.0000	90.0000	0.0000	3.522815200
70.0000	90.0000	0.0000	1.354800000
80.0000	90.0000	0.0000	0.266943250
90.0000	90.0000	0.0000	0.213046280
100.0000	90.0000	0.0000	0.513053000
110.0000	90.0000	0.0000	2.548061100
120.0000	90.0000	0.0000	2.191695200
130.0000	90.0000	0.0000	2.543103500
140.0000	90.0000	0.0000	3.528975500
150.0000	90.0000	0.0000	3.314216600
160.0000	90.0000	0.0000	2.649684400
170.0000	90.0000	0.0000	0.219256250
180.0000	90.0000	0.0000	0.192443620
190.0000	90.0000	0.0000	0.720799200
200.0000	90.0000	0.0000	2.780132000
210.0000	90.0000	0.0000	3.743451600
220.0000	90.0000	0.0000	3.979653100
230.0000	90.0000	0.0000	4.476740000
240.0000	90.0000	0.0000	4.209997000
250.0000	90.0000	0.0000	2.046352100
260.0000	90.0000	0.0000	0.318436920
270.0000	90.0000	0.0000	0.225532550
280.0000	90.0000	0.0000	0.544074000
290.0000	90.0000	0.0000	2.795789500
300.0000	90.0000	0.0000	1.294129600
310.0000	90.0000	0.0000	0.688798070
320.0000	90.0000	0.0000	0.938184700
330.0000	90.0000	0.0000	1.697341700
340.0000	90.0000	0.0000	1.368940500
350.0000	90.0000	0.0000	0.507641900
360.0000	90.0000	0.0000	1.000000000
0.0000	0.0000	10.0000	1.000000000
10.0000	0.0000	10.0000	1.000000000
20.0000	0.0000	10.0000	1.000000000
30.0000	0.0000	10.0000	1.000000000
40.0000	0.0000	10.0000	1.000000000
50.0000	0.0000	10.0000	1.000000000
60.0000	0.0000	10.0000	1.000000000
70.0000	0.0000	10.0000	1.000000000
80.0000	0.0000	10.0000	1.000000000
90.0000	0.0000	10.0000	1.000000000
100.0000	0.0000	10.0000	1.000000000
110.0000	0.0000	10.0000	1.000000000
120.0000	0.0000	10.0000	1.000000000
130.0000	0.0000	10.0000	1.000000000
140.0000	0.0000	10.0000	1.000000000
150.0000	0.0000	10.0000	1.000000000
160.0000	0.0000	10.0000	1.000000000
170.0000	0.0000	10.0000	1.000000000
180.0000	0.0000	10.0000	1.000000000
190.0000	0.0000	10.0000	1.000000000
200.0000	0.0000	10.0000	1.000000000
210.0000	0.0000	10.0000	1.000000000
220.0000	0.0000	10.0000	1.000000000
230.0000	0.0000	10.0000	1.000000000
240.0000	0.0000	10.0000	1.000000000
250.0000	0.0000	10.0000	1.000000000
260.0000	0.0000	10.0000	1.000000000
270.0000	0.0000	10.0000	1.000000000
280.0000	0.0000	10.0000	1.000000000
290.0000	0.0000	10.0000	1.000000000
300.0000	0.0000	10.0000	1.000000000
310.0000	0.0000	10.0000	1.000000000
320.0000	0.0000	10.0000	1.000000000
330.0000	0.0000	10.0000	1.000000000
340.0000	0.0000	10.0000	1.000000000
350.0000	0.0000	10.0000	1.000000000
360.0000	0.0000	10.0000	1.000000000
0.0000	10.0000	10.0000	0.593512200
10.0000	10.0000	10.0000	3.171051700
20.0000	10.0000	10.0000	5.438815000
30.0000	10.0000	10.0000	1.494600500
40.0000	10.0000	10.0000	1.897507100
50.0000	10.0000	10.0000	1.699984700
60.0000	10.0000	10.0000	0.261961250
70.0000	10.0000	10.0000	0.347171960
80.0000	10.0000	10.0000	0.263476130
90.0000	10.0000	10.0000	0.378116850
100.0000	10.0000	10.0000	1.574448800
110.0000	10.0000	10.0000	1.771868800
120.0000	10.0000	10.0000	1.849218000
130.0000	10.0000	10.0000	2.505756100
140.0000	10.0000	10.0000	3.423261600
150.0000	10.0000	10.0000	2.598805400
160.0000	10.0000	10.0000	1.250040000
170.0000	10.0000	10.0000	0.750476060
180.0000	10.0000	10.0000	0.710065500
190.0000	10.0000	10.0000	2.600889400
200.0000	10.0000	10.0000	1.348143800
210.0000	10.0000	10.0000	0.490993600
220.0000	10.0000	10.0000	0.768643500
230.0000	10.0000	10.0000	1.533535200
240.0000	10.0000	10.0000	0.376634570
250.0000	10.0000	10.0000	0.282100700
260.0000	10.0000	10.0000	0.517829700
270.0000	10.0000	10.0000	0.524299200
280.0000	10.0000	10.0000	2.235400200
290.0000	10.0000	10.0000	2.413118400
300.0000	10.0000	10.0000	2.374340800
310.0000	10.0000	10.0000	4.104028700
320.0000	10.0000	10.0000	2.677160500
330.0000	10.0000	10.0000	1.164865900
340.0000	10.0000	10.0000	0.919524850
350.0000	10.0000	10.0000	0.613287030
360.0000	10.0000	10.0000	1.000000000
0.0000	20.0000	10.0000	0.909658400
10.0000	20.0000	10.0000	2.757403100
20.0000	20.0000	10.0000	3.139174200
30.0000	20.0000	10.0000	1.645985100
40.0000	20.0000	10.0000	1.702506200
50.0000	20.0000	10.0000	1.272637000
60.0000	20.0000	10.0000	0.098859710
70.0000	20.0000	10.0000	0.092465650
80.0000	20.0000	10.0000	0.196446250
90.0000	20.0000	10.0000	0.190230520
100.0000	20.0000	10.0000	0.905541960
110.0000	20.0000	10.0000	0.780848300
120.0000	20.0000	10.0000	0.661473400
130.0000	20.0000	10.0000	1.034411000
140.0000	20.0000	10.0000	1.038064400
150.0000	20.0000	10.0000	1.158850600
160.0000	20.0000	10.0000	0.831564370
170.0000	20.0000	10.0000	0.675630800
180.0000	20.0000	10.0000	0.742433970
190.0000	20.0000	10.0000	1.148100400
200.0000	20.0000	10.0000	0.933494200
210.0000	20.0000	10.0000	0.480013400
220.0000	20.0000	10.0000	0.575461700
230.0000	20.0000	10.0000	1.026149200
240.0000	20.0000	10.0000	0.253202300
250.0000	20.0000	10.0000	0.147596280
260.0000	20.0000	10.0000	0.496953000
270.0000	20.0000	10.0000	0.449265180
280.0000	20.0000	10.0000	1.184264900
290.0000	20.0000	10.0000	1.450560900
300.0000	20.0000	10.0000	2.624979500
310.0000	20.0000	10.0000	2.576020000
320.0000	20.0000	10.0000	1.309352300
330.0000	20.0000	10.0000	1.301116200
340.0000	20.0000	10.0000	0.574318500
350.0000	20.0000	10.0000	0.433286850
360.0000	20.0000	10.0000	1.000000000
0.0000	30.0000	10.0000	1.131431800
10.0000	30.0000	10.0000	1.820442700
20.0000	30.0000	10.0000	1.389051200
30.0000	30.0000	10.0000	0.747067300
40.0000	30.0000	10.0000	0.576346900
50.0000	30.0000	10.0000	0.360782400
60.0000	30.0000	10.0000	0.173566430
70.0000	30.0000	10.0000	0.139621260
80.0000	30.0000	10.0000	0.267871920
90.0000	30.0000	10.0000	0.555750400
100.0000	30.0000	10.0000	1.554863600
110.0000	30.0000	10.0000	0.550286600
120.0000	30.0000	10.0000	0.381706700
130.0000	30.0000	10.0000	0.937425730
140.0000	30.0000	10.0000	1.272075400
150.0000	30.0000	10.0000	2.066047200
160.0000	30.0000	10.0000	1.747249400
170.0000	30.0000	10.0000	1.451392000
180.0000	30.0000	10.0000	1.750270100
190.0000	30.0000	10.0000	1.707773300
200.0000	30.0000	10.0000	0.595248040
210.0000	30.0000	10.0000	0.343683500
220.0000	30.0000	10.0000	0.332111900
230.0000	30.0000	10.0000	0.315845550
240.0000	30.0000	10.0000	0.280987860
250.0000	30.0000	10.0000	0.263239000
260.0000	30.0000	10.0000	0.326928300
270.0000	30.0000	10.0000	0.274730060
280.0000	30.0000	10.0000	0.298202930
290.0000	30.0000	10.0000	0.268089740
300.0000	30.0000	10.0000	0.497423170
310.0000	30.0000	10.0000	1.017652200
320.0000	30.0000	10.0000	1.276424200
330.0000	30.0000	10.0000	1.593362200
340.0000	30.0000	10.0000	0.599765000
350.0000	30.0000	10.0000	0.328024720
360.0000	30.0000	10.0000	1.000000000
0.0000	40.0000	10.0000	2.474893300
10.0000	40.0000	10.0000	2.976225400
20.0000	40.0000	10.0000	1.883810500
30.0000	40.0000	10.0000	0.936970530
40.0000	40.0000	10.0000	0.484397100
50.0000	40.0000	10.0000	0.481423800
60.0000	40.0000	10.0000	1.093643800
70.0000	40.0000	10.0000	1.199261300
80.0000	40.0000	10.0000	1.284447900
90.0000	40.0000	10.0000	2.628351700
100.0000	40.0000	10.0000	2.643281700
110.0000	40.0000	10.0000	0.604531350
120.0000	40.0000	10.0000	0.354809000
130.0000	40.0000	10.0000	0.768035800
140.0000	40.0000	10.0000	1.535502200
150.0000	40.0000	10.0000	2.666751000
160.0000	40.0000	10.0000	3.532314500
170.0000	40.0000	10.0000	3.019140200
180.0000	40.0000	10.0000	3.248798100
190.0000	40.0000	10.0000	2.758518000
200.0000	40.0000	10.0000	0.894229700
210.0000	40.0000	10.0000	0.447491020
220.0000	40.0000	10.0000	0.465036330
230.0000	40.0000	10.0000	0.396787300
240.0000	40.0000	10.0000	0.433587760
250.0000	40.0000	10.0000	0.516753900
260.0000	40.0000	10.0000	0.769334850
270.0000	40.0000	10.0000	1.232477900
280.0000	40.0000	10.0000	1.165512300
290.0000	40.0000	10.0000	0.619125370
300.0000	40.0000	10.0000	0.635301800
310.0000	40.0000	10.0000	1.499700500
320.0000	40.0000	10.0000	2.258107000
330.0000	40.0000	10.0000	2.202138200
340.0000	40.0000	10.0000	1.408172600
350.0000	40.0000	10.0000	1.002551900
360.0000	40.0000	10.0000	1.000000000
0.0000	50.0000	10.0000	6.013054000
10.0000	50.0000	10.0000	5.159409500
20.0000	50.0000	10.0000	2.179289000
30.0000	50.0000	10.0000	2.507257500
40.0000	50.0000	10.0000	0.931475900
50.0000	50.0000	10.0000	0.486918630
60.0000	50.0000	10.0000	1.048924400
70.0000	50.0000	10.0000	1.289942100
80.0000	50.0000	10.0000	1.052314600
90.0000	50.0000	10.0000	1.517284800
100.0000	50.0000	10.0000	0.996201400
110.0000	50.0000	10.0000	0.419249920
120.0000	50.0000	10.0000	0.271343860
130.0000	50.0000	10.0000	0.362258940
140.0000	50.0000	10.0000	1.193184600
150.0000	50.0000	10.0000	1.804375900
160.0000	50.0000	10.0000	2.037742900
170.0000	50.0000	10.0000	1.371650200
180.0000	50.0000	10.0000	1.223685300
190.0000	50.0000	10.0000	1.481448700
200.0000	50.0000	10.0000	1.011305200
210.0000	50.0000	10.0000	0.852971550
220.0000	50.0000	10.0000	0.932305460
230.0000	50.0000	10.0000	0.819843770
240.0000	50.0000	10.0000	0.903918740
250.0000	50.0000	10.0000	0.722672700
260.0000	50.0000	10.0000	0.686922430
270.0000	50.0000	10.0000	1.578741600
280.0000	50.0000	10.0000	2.280109200
290.0000	50.0000	10.0000	1.058630000
300.0000	50.0000	10.0000	0.397511180
310.0000	50.0000	10.0000	0.436635880
320.0000	50.0000	10.0000	1.309367500
330.0000	50.0000	10.0000	1.938464400
340.0000	50.0000	10.0000	2.927639700
350.0000	50.0000	10.0000	4.015816000
360.0000	50.0000	10.0000	1.000000000
0.0000	60.0000	10.0000	2.661404100
10.0000	60.0000	10.0000	2.302675200
20.0000	60.0000	10.0000	1.247675000
30.0000	60.0000	10.0000	1.100567300
40.0000	60.0000	10.0000	0.573071240
50.0000	60.0000	10.0000	0.255768400
60.0000	60.0000	10.0000	0.229041410
70.0000	60.0000	10.0000	0.479605320
80.0000	60.0000	10.0000	0.392646670
90.0000	60.0000	10.0000	0.358740700
100.0000	60.0000	10.0000	0.285986270
110.0000	60.0000	10.0000	0.264651700
120.0000	60.0000	10.0000	0.479654760
130.0000	60.0000	10.0000	0.411317900
140.0000	60.0000	10.0000	0.812985500
150.0000	60.0000	10.0000	1.308407900
160.0000	60.0000	10.0000	0.849477900
170.0000	60.0000	10.0000	0.347207600
180.0000	60.0000	10.0000	0.231571320
190.0000	60.0000	10.0000	0.594813600
200.0000	60.0000	10.0000	1.235514600
210.0000	60.0000	10.0000	1.142028300
220.0000	60.0000	10.0000	1.634410000
230.0000	60.0000	10.0000	0.840643760
240.0000	60.0000	10.0000	0.275760230
250.0000	60.0000	10.0000	0.360606220
260.0000	60.0000	10.0000	0.359940770
270.0000	60.0000	10.0000	0.459275750
280.0000	60.0000	10.0000	0.614512000
290.0000	60.0000	10.0000	0.471497700
300.0000	60.0000	10.0000	0.401855530
310.0000	60.0000	10.0000	0.233694760
320.0000	60.0000	10.0000	0.579726200
330.0000	60.0000	10.0000	1.955061200
340.0000	60.0000	10.0000	2.719998600
350.0000	60.0000	10.0000	3.230860500
360.0000	60.0000	10.0000	1.000000000
0.0000	70.0000	10.0000	0.329526660
10.0000	70.0000	10.0000	0.469561900
20.0000	70.0000	10.0000	0.673274900
30.0000	70.0000	10.0000	0.595291000
40.0000	70.0000	10.0000	0.715735400
50.0000	70.0000	10.0000	0.479566280
60.0000	70.0000	10.0000	0.278561170
70.0000	70.0000	10.0000	0.412636550
80.0000	70.0000	10.0000	0.308039930
90.0000	70.0000	10.0000	0.201820750
100.0000	70.0000	10.0000	0.164384960
110.0000	70.0000	10.0000	0.336414160
120.0000	70.0000	10.0000	0.977930250
130.0000	70.0000	10.0000	0.858738800
140.0000	70.0000	10.0000	0.992162350
150.0000	70.0000	10.0000	1.552579900
160.0000	70.0000	10.0000	0.923087360
170.0000	70.0000	10.0000	0.214431780
180.0000	70.0000	10.0000	0.151019480
190.0000	70.0000	10.0000	0.422781680
200.0000	70.0000	10.0000	0.816886250
210.0000	70.0000	10.0000	1.117594100
220.0000	70.0000	10.0000	3.021389500
230.0000	70.0000	10.0000	1.503971500
240.0000	70.0000	10.0000	0.202681180
250.0000	70.0000	10.0000	0.249659870
260.0000	70.0000	10.0000	0.265192000
270.0000	70.0000	10.0000	0.202899130
280.0000	70.0000	10.0000	0.200345830
290.0000	70.0000	10.0000	0.458405050
300.0000	70.0000	10.0000	1.067448900
310.0000	70.0000	10.0000	0.447972700
320.0000	70.0000	10.0000	0.626411300
330.0000	70.0000	10.0000	1.813403000
340.0000	70.0000	10.0000	1.257846800
350.0000	70.0000	10.0000	0.596550050
360.0000	70.0000	10.0000	1.000000000
0.0000	80.0000	10.0000	0.118846340
10.0000	80.0000	10.0000	0.179995150
20.0000	80.0000	10.0000	0.610307400
30.0000	80.0000	10.0000	0.978572900
40.0000	80.0000	10.0000	1.628690500
50.0000	80.0000	10.0000	1.780247000
60.0000	80.0000	10.0000	1.005103800
70.0000	80.0000	10.0000	0.550477000
80.0000	80.0000	10.0000	0.244602870
90.0000	80.0000	10.0000	0.164903610
100.0000	80.0000	10.0000	0.301183800
110.0000	80.0000	10.0000	1.160875300
120.0000	80.0000	10.0000	1.681030900
130.0000	80.0000	10.0000	1.479534100
140.0000	80.0000	10.0000	1.848250900
150.0000	80.0000	10.0000	1.934368300
160.0000	80.0000	10.0000	0.866506640
170.0000	80.0000	10.0000	0.197505710
180.0000	80.0000	10.0000	0.144858380
190.0000	80.0000	10.0000	0.308536140
200.0000	80.0000	10.0000	0.575158100
210.0000	80.0000	10.0000	1.277957100
220.0000	80.0000	10.0000	2.789976400
230.0000	80.0000	10.0000	2.405936200
240.0000	80.0000	10.0000	0.979941960
250.0000	80.0000	10.0000	0.522014700
260.0000	80.0000	10.0000	0.205387040
270.0000	80.0000	10.0000	0.170115430
280.0000	80.0000	10.0000	0.283967500
290.0000	80.0000	10.0000	0.830830300
300.0000	80.0000	10.0000	1.185501900
310.0000	80.0000	10.0000	0.539339500
320.0000	80.0000	10.0000	0.720764640
330.0000	80.0000	10.0000	1.826110400
340.0000	80.0000	10.0000	0.905833600
350.0000	80.0000	10.0000	0.240424040
360.0000	80.0000	10.0000	1.000000000
0.0000	90.0000	10.0000	0.130027280
10.0000	90.0000	10.0000	0.142221930
20.0000	90.0000	10.0000	0.678283150
30.0000	90.0000	10.0000	1.346236200
40.0000	90.0000	10.0000	2.301050200
50.0000	90.0000	10.0000	3.105271000
60.0000	90.0000	10.0000	2.912329000
70.0000	90.0000	10.0000	0.947150200
80.0000	90.0000	10.0000	0.321762600
90.0000	90.0000	10.0000	0.221715470
100.0000	90.0000	10.0000	0.643413700
110.0000	90.0000	10.0000	3.730252500
120.0000	90.0000	10.0000	2.560490000
130.0000	90.0000	10.0000	2.242570000
140.0000	90.0000	10.0000	3.043981300
150.0000	90.0000	10.0000	2.299066500
160.0000	90.0000	10.0000	0.598241750
170.0000	90.0000	10.0000	0.137675570
180.0000	90.0000	10.0000	0.150509310
190.0000	90.0000	10.0000	0.309118240
200.0000	90.0000	10.0000	0.619632300
210.0000	90.0000	10.0000	1.242426200
220.0000	90.0000	10.0000	2.127050000
230.0000	90.0000	10.0000	2.115990900
240.0000	90.0000	10.0000	2.609393100
250.0000	90.0000	10.0000	1.628699800
260.0000	90.0000	10.0000	0.346636560
270.0000	90.0000	10.0000	0.214381370
280.0000	90.0000	10.0000	0.621363300
290.0000	90.0000	10.0000	1.928557600
300.0000	90.0000	10.0000	1.130204100
310.0000	90.0000	10.0000	0.535409330
320.0000	90.0000	10.0000	0.769001070
330.0000	90.0000	10.0000	2.294788000
340.0000	90.0000	10.0000	0.821572500
350.0000	90.0000	10.0000	0.224659890
360.0000	90.0000	10.0000	1.000000000
0.0000	0.0000	20.0000	1.000000000
10.0000	0.0000	20.0000	1.000000000
20.0000	0.0000	20.0000	1.000000000
30.0000	0.0000	20.0000	1.000000000
40.0000	0.0000	20.0000	1.000000000
50.0000	0.0000	20.0000	1.000000000
60.0000	0.0000	20.0000	1.000000000
70.0000	0.0000	20.0000	1.000000000
80.0000	0.0000	20.0000	1.000000000
90.0000	0.0000	20.0000	1.000000000
100.0000	0.0000	20.0000	1.000000000
110.0000	0.0000	20.0000	1.000000000
120.0000	0.0000	20.0000	1.000000000
130.0000	0.0000	20.0000	1.000000000
140.0000	0.0000	20.0000	1.000000000
150.0000	0.0000	20.0000	1.000000000
160.0000	0.0000	20.0000	1.000000000
170.0000	0.0000	20.0000	1.000000000
180.0000	0.0000	20.0000	1.000000000
190.0000	0.0000	20.0000	1.000000000
200.0000	0.0000	20.0000	1.000000000
210.0000	0.0000	20.0000	1.000000000
220.0000	0.0000	20.0000	1.000000000
230.0000	0.0000	20.0000	1.000000000
240.0000	0.0000	20.0000	1.000000000
250.0000	0.0000	20.0000	1.000000000
260.0000	0.0000	20.0000	1.000000000
270.0000	0.0000	20.0000	1.000000000
280.0000	0.0000	20.0000	1.000000000
290.0000	0.0000	20.0000	1.000000000
300.0000	0.0000	20.0000	1.000000000
310.0000	0.0000	20.0000	1.000000000
320.0000	0.0000	20.0000	1.000000000
330.0000	0.0000	20.0000	1.000000000
340.0000	0.0000	20.0000	1.000000000
350.0000	0.0000	20.0000	1.000000000
360.0000	0.0000	20.0000	1.000000000
0.0000	10.0000	20.0000	1.534514400
10.0000	10.0000	20.0000	5.295701000
20.0000	10.0000	20.0000	4.320889500
30.0000	10.0000	20.0000	2.016406300
40.0000	10.0000	20.0000	0.937926700
50.0000	10.0000	20.0000	0.116198870
60.0000	10.0000	20.0000	0.029565413
70.0000	10.0000	20.0000	0.044423826
80.0000	10.0000	20.0000	0.049466810
90.0000	10.0000	20.0000	0.086816240
100.0000	10.0000	20.0000	0.520579100
110.0000	10.0000	20.0000	1.004504000
120.0000	10.0000	20.0000	0.714983900
130.0000	10.0000	20.0000	0.918046360
140.0000	10.0000	20.0000	0.634267150
150.0000	10.0000	20.0000	0.171180160
160.0000	10.0000	20.0000	0.471302900
170.0000	10.0000	20.0000	1.323435500
180.0000	10.0000	20.0000	2.102855000
190.0000	10.0000	20.0000	1.380803700
200.0000	10.0000	20.0000	0.769908550
210.0000	10.0000	20.0000	0.616887570
220.0000	10.0000	20.0000	1.372424500
230.0000	10.0000	20.0000	0.370345230
240.0000	10.0000	20.0000	0.049210176
250.0000	10.0000	20.0000	0.034640204
260.0000	10.0000	20.0000	0.041311026
270.0000	10.0000	20.0000	0.118231930
280.0000	10.0000	20.0000	0.823056340
290.0000	10.0000	20.0000	1.213653800
300.0000	10.0000	20.0000	1.571431800
310.0000	10.0000	20.0000	2.256386800
320.0000	10.0000	20.0000	0.446199920
330.0000	10.0000	20.0000	0.156096460
340.0000	10.0000	20.0000	0.452649060
350.0000	10.0000	20.0000	0.984413000
360.0000	10.0000	20.0000	1.000000000
0.0000	20.0000	20.0000	2.107859600
10.0000	20.0000	20.0000	4.287199000
20.0000	20.0000	20.0000	2.250030000
30.0000	20.0000	20.0000	1.370643900
40.0000	20.0000	20.0000	0.903462200
50.0000	20.0000	20.0000	0.363497440
60.0000	20.0000	20.0000	0.126274360
70.0000	20.0000	20.0000	0.110090755
80.0000	20.0000	20.0000	0.111106880
90.0000	20.0000	20.0000	0.131776700
100.0000	20.0000	20.0000	0.363171900
110.0000	20.0000	20.0000	0.542432500
120.0000	20.0000	20.0000	0.475713430
130.0000	20.0000	20.0000	0.644918860
140.0000	20.0000	20.0000	0.617476340
150.0000	20.0000	20.0000	0.327534940
160.0000	20.0000	20.0000	0.332864730
170.0000	20.0000	20.0000	0.748535100
180.0000	20.0000	20.0000	1.136967100
190.0000	20.0000	20.0000	0.997352600
200.0000	20.0000	20.0000	0.588337700
210.0000	20.0000	20.0000	0.495349020
220.0000	20.0000	20.0000	0.768738300
230.0000	20.0000	20.0000	0.466428640
240.0000	20.0000	20.0000	0.124608226
250.0000	20.0000	20.0000	0.168408320
260.0000	20.0000	20.0000	0.197221830
270.0000	20.0000	20.0000	0.101850860
280.0000	20.0000	20.0000	0.360953570
290.0000	20.0000	20.0000	3.038486200
300.0000	20.0000	20.0000	2.683186800
310.0000	20.0000	20.0000	0.857282300
320.0000	20.0000	20.0000	0.695116200
330.0000	20.0000	20.0000	0.307460580
340.0000	20.0000	20.0000	0.210675940
350.0000	20.0000	20.0000	0.386792450
360.0000	20.0000	20.0000	1.000000000
0.0000	30.0000	20.0000	1.523480900
10.0000	30.0000	20.0000	1.707605600
20.0000	30.0000	20.0000	0.656817000
30.0000	30.0000	20.0000	0.566027340
40.0000	30.0000	20.0000	0.477331400
50.0000	30.0000	20.0000	0.375919130
60.0000	30.0000	20.0000	0.410753130
70.0000	30.0000	20.0000	0.171208200
80.0000	30.0000	20.0000	0.194412680
90.0000	30.0000	20.0000	0.308724430
100.0000	30.0000	20.0000	0.457447140
110.0000	30.0000	20.0000	0.652738150
120.0000	30.0000	20.0000	0.795872030
130.0000	30.0000	20.0000	0.550344700
140.0000	30.0000	20.0000	0.638596700
150.0000	30.0000	20.0000	0.825277200
160.0000	30.0000	20.0000	0.653508900
170.0000	30.0000	20.0000	0.998427000
180.0000	30.0000	20.0000	1.847257500
190.0000	30.0000	20.0000	1.173003700
200.0000	30.0000	20.0000	0.350479250
210.0000	30.0000	20.0000	0.434015500
220.0000	30.0000	20.0000	0.527711450
230.0000	30.0000	20.0000	0.408873740
240.0000	30.0000	20.0000	0.384003500
250.0000	30.0000	20.0000	0.255081060
260.0000	30.0000	20.0000	0.312697140
270.0000	30.0000	20.0000	0.176661210
280.0000	30.0000	20.0000	0.454069700
290.0000	30.0000	20.0000	1.698779800
300.0000	30.0000	20.0000	1.506246200
310.0000	30.0000	20.0000	1.181573700
320.0000	30.0000	20.0000	1.483528300
330.0000	30.0000	20.0000	0.420935420
340.0000	30.0000	20.0000	0.079768800
350.0000	30.0000	20.0000	0.115092830
360.0000	30.0000	20.0000	1.000000000
0.0000	40.0000	20.0000	1.571908400
10.0000	40.0000	20.0000	1.074909400
20.0000	40.0000	20.0000	0.314632030
30.0000	40.0000	20.0000	0.273226800
40.0000	40.0000	20.0000	0.184399960
50.0000	40.0000	20.0000	0.418411170
60.0000	40.0000	20.0000	1.371075200
70.0000	40.0000	20.0000	0.698972170
80.0000	40.0000	20.0000	0.751296200
90.0000	40.0000	20.0000	1.525679200
100.0000	40.0000	20.0000	0.962503500
110.0000	40.0000	20.0000	0.515973500
120.0000	40.0000	20.0000	0.323291060
130.0000	40.0000	20.0000	0.376212150
140.0000	40.0000	20.0000	0.940582450
150.0000	40.0000	20.0000	1.452295100
160.0000	40.0000	20.0000	1.619260700
170.0000	40.0000	20.0000	1.708203100
180.0000	40.0000	20.0000	2.179987200
190.0000	40.0000	20.0000	1.031475200
200.0000	40.0000	20.0000	0.238194210
210.0000	40.0000	20.0000	0.242456530
220.0000	40.0000	20.0000	0.430122000
230.0000	40.0000	20.0000	0.570466160
240.0000	40.0000	20.0000	0.647085850
250.0000	40.0000	20.0000	0.497592750
260.0000	40.0000	20.0000	0.645497140
270.0000	40.0000	20.0000	1.440263900
280.0000	40.0000	20.0000	1.578043500
290.0000	40.0000	20.0000	0.897653040
300.0000	40.0000	20.0000	0.666866200
310.0000	40.0000	20.0000	1.222787300
320.0000	40.0000	20.0000	1.181682600
330.0000	40.0000	20.0000	0.483385770
340.0000	40.0000	20.0000	0.258397160
350.0000	40.0000	20.0000	0.295693760
360.0000	40.0000	20.0000	1.000000000
0.0000	50.0000	20.0000	2.142335000
10.0000	50.0000	20.0000	1.023726100
20.0000	50.0000	20.0000	0.246748250
30.0000	50.0000	20.0000	0.330851380
40.0000	50.0000	20.0000	0.365115500
50.0000	50.0000	20.0000	0.627856730
60.0000	50.0000	20.0000	1.136607600
70.0000	50.0000	20.0000	0.670734400
80.0000	50.0000	20.0000	0.733887900
90.0000	50.0000	20.0000	1.050042200
100.0000	50.0000	20.0000	0.623756100
110.0000	50.0000	20.0000	0.251616270
120.0000	50.0000	20.0000	0.148004170
130.0000	50.0000	20.0000	0.306313480
140.0000	50.0000	20.0000	1.355320100
150.0000	50.0000	20.0000	1.282710900
160.0000	50.0000	20.0000	0.873116500
170.0000	50.0000	20.0000	0.636734900
180.0000	50.0000	20.0000	0.834146500
190.0000	50.0000	20.0000	0.719608000
200.0000	50.0000	20.0000	0.224786610
210.0000	50.0000	20.0000	0.199998130
220.0000	50.0000	20.0000	0.636771700
230.0000	50.0000	20.0000	1.167876200
240.0000	50.0000	20.0000	1.154663300
250.0000	50.0000	20.0000	0.657040830
260.0000	50.0000	20.0000	0.640383360
270.0000	50.0000	20.0000	1.763367500
280.0000	50.0000	20.0000	2.701242000
290.0000	50.0000	20.0000	0.756423350
300.0000	50.0000	20.0000	0.212803000
310.0000	50.0000	20.0000	0.328931330
320.0000	50.0000	20.0000	0.925017650
330.0000	50.0000	20.0000	1.182991100
340.0000	50.0000	20.0000	1.552899000
350.0000	50.0000	20.0000	1.943754100
360.0000	50.0000	20.0000	1.000000000
0.0000	60.0000	20.0000	1.137347600
10.0000	60.0000	20.0000	0.861314900
20.0000	60.0000	20.0000	0.384384130
30.0000	60.0000	20.0000	0.444787830
40.0000	60.0000	20.0000	0.521950840
50.0000	60.0000	20.0000	0.460579540
60.0000	60.0000	20.0000	0.341474830
70.0000	60.0000	20.0000	0.313333750
80.0000	60.0000	20.0000	0.237622170
90.0000	60.0000	20.0000	0.378113660
100.0000	60.0000	20.0000	0.305043670
110.0000	60.0000	20.0000	0.510780450
120.0000	60.0000	20.0000	0.503050300
130.0000	60.0000	20.0000	0.445950360
140.0000	60.0000	20.0000	1.078035500
150.0000	60.0000	20.0000	1.278180000
160.0000	60.0000	20.0000	0.484079540
170.0000	60.0000	20.0000	0.205982210
180.0000	60.0000	20.0000	0.165659740
190.0000	60.0000	20.0000	0.349072520
200.0000	60.0000	20.0000	0.407892230
210.0000	60.0000	20.0000	0.430564800
220.0000	60.0000	20.0000	0.941852000
230.0000	60.0000	20.0000	1.051500100
240.0000	60.0000	20.0000	0.541438940
250.0000	60.0000	20.0000	0.391192000
260.0000	60.0000	20.0000	0.275198070
270.0000	60.0000	20.0000	0.463245480
280.0000	60.0000	20.0000	0.899733400
290.0000	60.0000	20.0000	0.996610940
300.0000	60.0000	20.0000	0.614626200
310.0000	60.0000	20.0000	0.616749760
320.0000	60.0000	20.0000	1.543149600
330.0000	60.0000	20.0000	1.923633000
340.0000	60.0000	20.0000	2.032368700
350.0000	60.0000	20.0000	2.184916500
360.0000	60.0000	20.0000	1.000000000
0.0000	70.0000	20.0000	0.323316800
10.0000	70.0000	20.0000	0.486132300
20.0000	70.0000	20.0000	0.383602560
30.0000	70.0000	20.0000	0.318209800
40.0000	70.0000	20.0000	0.820884100
50.0000	70.0000	20.0000	0.539954300
60.0000	70.0000	20.0000	0.345716950
70.0000	70.0000	20.0000	0.491445800
80.0000	70.0000	20.0000	0.178734200
90.0000	70.0000	20.0000	0.143160850
100.0000	70.0000	20.0000	0.211863380
110.0000	70.0000	20.0000	0.632137900
120.0000	70.0000	20.0000	0.897943900
130.0000	70.0000	20.0000	0.594998200
140.0000	70.0000	20.0000	0.998788240
150.0000	70.0000	20.0000	1.568183300
160.0000	70.0000	20.0000	0.396232780
170.0000	70.0000	20.0000	0.118013844
180.0000	70.0000	20.0000	0.113211090
190.0000	70.0000	20.0000	0.282177360
200.0000	70.0000	20.0000	0.319879620
210.0000	70.0000	20.0000	0.453539520
220.0000	70.0000	20.0000	1.122117300
230.0000	70.0000	20.0000	0.693559600
240.0000	70.0000	20.0000	0.213229900
250.0000	70.0000	20.0000	0.295773600
260.0000	70.0000	20.0000	0.230717060
270.0000	70.0000	20.0000	0.236476870
280.0000	70.0000	20.0000	0.412868000
290.0000	70.0000	20.0000	1.028618000
300.0000	70.0000	20.0000	1.313547600
310.0000	70.0000	20.0000	0.644322400
320.0000	70.0000	20.0000	1.115813400
330.0000	70.0000	20.0000	1.720228200
340.0000	70.0000	20.0000	0.737857200
350.0000	70.0000	20.0000	0.517251550
360.0000	70.0000	20.0000	1.000000000
0.0000	80.0000	20.0000	0.213045160
10.0000	80.0000	20.0000	0.252097580
20.0000	80.0000	20.0000	0.230295300
30.0000	80.0000	20.0000	0.394273500
40.0000	80.0000	20.0000	2.439051900
50.0000	80.0000	20.0000	1.711135000
60.0000	80.0000	20.0000	0.711512600
70.0000	80.0000	20.0000	0.870519460
80.0000	80.0000	20.0000	0.245476280
90.0000	80.0000	20.0000	0.134422020
100.0000	80.0000	20.0000	0.313238400
110.0000	80.0000	20.0000	1.471607000
120.0000	80.0000	20.0000	1.635619200
130.0000	80.0000	20.0000	0.934394100
140.0000	80.0000	20.0000	1.124797300
150.0000	80.0000	20.0000	1.057490200
160.0000	80.0000	20.0000	0.270937500
170.0000	80.0000	20.0000	0.122219210
180.0000	80.0000	20.0000	0.122835870
190.0000	80.0000	20.0000	0.254441230
200.0000	80.0000	20.0000	0.224524630
210.0000	80.0000	20.0000	0.447808180
220.0000	80.0000	20.0000	0.990957800
230.0000	80.0000	20.0000	0.854058900
240.0000	80.0000	20.0000	0.563815000
250.0000	80.0000	20.0000	0.629212100
260.0000	80.0000	20.0000	0.322721480
270.0000	80.0000	20.0000	0.257865970
280.0000	80.0000	20.0000	0.467506560
290.0000	80.0000	20.0000	1.231039900
300.0000	80.0000	20.0000	1.177119900
310.0000	80.0000	20.0000	0.343170140
320.0000	80.0000	20.0000	0.472230140
330.0000	80.0000	20.0000	1.408041700
340.0000	80.0000	20.0000	0.379058750
350.0000	80.0000	20.0000	0.204381350
360.0000	80.0000	20.0000	1.000000000
0.0000	90.0000	20.0000	0.232527610
10.0000	90.0000	20.0000	0.190117660
20.0000	90.0000	20.0000	0.237357940
30.0000	90.0000	20.0000	0.560434700
40.0000	90.0000	20.0000	3.570458400
50.0000	90.0000	20.0000	2.625738400
60.0000	90.0000	20.0000	1.287572300
70.0000	90.0000	20.0000	1.260588900
80.0000	90.0000	20.0000	0.359023780
90.0000	90.0000	20.0000	0.233759670
100.0000	90.0000	20.0000	0.793071750
110.0000	90.0000	20.0000	3.938983000
120.0000	90.0000	20.0000	2.536755300
130.0000	90.0000	20.0000	1.262038000
140.0000	90.0000	20.0000	1.157012000
150.0000	90.0000	20.0000	0.537134470
160.0000	90.0000	20.0000	0.149734880
170.0000	90.0000	20.0000	0.115147450
180.0000	90.0000	20.0000	0.143873290
190.0000	90.0000	20.0000	0.286252770
200.0000	90.0000	20.0000	0.309138400
210.0000	90.0000	20.0000	0.576288600
220.0000	90.0000	20.0000	0.729346500
230.0000	90.0000	20.0000	0.642889140
240.0000	90.0000	20.0000	1.302134900
250.0000	90.0000	20.0000	1.394604100
260.0000	90.0000	20.0000	0.527195040
270.0000	90.0000	20.0000	0.386805770
280.0000	90.0000	20.0000	0.784608700
290.0000	90.0000	20.0000	1.600240100
300.0000	90.0000	20.0000	1.007008100
310.0000	90.0000	20.0000	0.306389330
320.0000	90.0000	20.0000	0.411198740
330.0000	90.0000	20.0000	1.318215300
340.0000	90.0000	20.0000	0.318710900
350.0000	90.0000	20.0000	0.176643670
360.0000	90.0000	20.0000	1.000000000
0.0000	0.0000	30.0000	1.000000000
10.0000	0.0000	30.0000	1.000000000
20.0000	0.0000	30.0000	1.000000000
30.0000	0.0000	30.0000	1.000000000
40.0000	0.0000	30.0000	1.000000000
50.0000	0.0000	30.0000	1.000000000
60.0000	0.0000	30.0000	1.000000000
70.0000	0.0000	30.0000	1.000000000
80.0000	0.0000	30.0000	1.000000000
90.0000	0.0000	30.0000	1.000000000
100.0000	0.0000	30.0000	1.000000000
110.0000	0.0000	30.0000	1.000000000
120.0000	0.0000	30.0000	1.000000000
130.0000	0.0000	30.0000	1.000000000
140.0000	0.0000	30.0000	1.000000000
150.0000	0.0000	30.0000	1.000000000
160.0000	0.0000	30.0000	1.000000000
170.0000	0.0000	30.0000	1.000000000
180.0000	0.0000	30.0000	1.000000000
190.0000	0.0000	30.0000	1.000000000
200.0000	0.0000	30.0000	1.000000000
210.0000	0.0000	30.0000	1.000000000
220.0000	0.0000	30.0000	1.000000000
230.0000	0.0000	30.0000	1.000000000
240.0000	0.0000	30.0000	1.000000000
250.0000	0.0000	30.0000	1.000000000
260.0000	0.0000	30.0000	1.000000000
270.0000	0.0000	30.0000	1.000000000
280.0000	0.0000	30.0000	1.000000000
290.0000	0.0000	30.0000	1.000000000
300.0000	0.0000	30.0000	1.000000000
310.0000	0.0000	30.0000	1.000000000
320.0000	0.0000	30.0000	1.000000000
330.0000	0.0000	30.0000	1.000000000
340.0000	0.0000	30.0000	1.000000000
350.0000	0.0000	30.0000	1.000000000
360.0000	0.0000	30.0000	1.000000000
0.0000	10.0000	30.0000	0.621518970
10.0000	10.0000	30.0000	3.135377000
20.0000	10.0000	30.0000	3.636313000
30.0000	10.0000	30.0000	0.839734000
40.0000	10.0000	30.0000	0.289275620
50.0000	10.0000	30.0000	0.074900344
60.0000	10.0000	30.0000	0.095526380
70.0000	10.0000	30.0000	0.147701310
80.0000	10.0000	30.0000	0.197060560
90.0000	10.0000	30.0000	0.978252100
100.0000	10.0000	30.0000	3.686687000
110.0000	10.0000	30.0000	1.844410100
120.0000	10.0000	30.0000	1.004726000
130.0000	10.0000	30.0000	0.580321100
140.0000	10.0000	30.0000	0.213393290
150.0000	10.0000	30.0000	0.109721210
160.0000	10.0000	30.0000	0.553360340
170.0000	10.0000	30.0000	2.481068800
180.0000	10.0000	30.0000	0.387055280
190.0000	10.0000	30.0000	0.611590450
200.0000	10.0000	30.0000	0.750793040
210.0000	10.0000	30.0000	1.091582900
220.0000	10.0000	30.0000	0.997429100
230.0000	10.0000	30.0000	0.099119810
240.0000	10.0000	30.0000	0.069787950
250.0000	10.0000	30.0000	0.085769540
260.0000	10.0000	30.0000	0.101402030
270.0000	10.0000	30.0000	0.623520300
280.0000	10.0000	30.0000	2.206996400
290.0000	10.0000	30.0000	1.438997600
300.0000	10.0000	30.0000	1.516902300
310.0000	10.0000	30.0000	0.587626640
320.0000	10.0000	30.0000	0.181256940
330.0000	10.0000	30.0000	0.116119890
340.0000	10.0000	30.0000	0.469407230
350.0000	10.0000	30.0000	1.636033500
360.0000	10.0000	30.0000	1.000000000
0.0000	20.0000	30.0000	1.730414500
10.0000	20.0000	30.0000	2.048515800
20.0000	20.0000	30.0000	1.560036700
30.0000	20.0000	30.0000	1.180028400
40.0000	20.0000	30.0000	0.440010900
50.0000	20.0000	30.0000	0.187579240
60.0000	20.0000	30.0000	0.138772620
70.0000	20.0000	30.0000	0.266990400
80.0000	20.0000	30.0000	0.307792040
90.0000	20.0000	30.0000	0.310828420
100.0000	20.0000	30.0000	0.550213400
110.0000	20.0000	30.0000	0.544627500
120.0000	20.0000	30.0000	0.537654040
130.0000	20.0000	30.0000	0.431489440
140.0000	20.0000	30.0000	0.302581130
150.0000	20.0000	30.0000	0.148999810
160.0000	20.0000	30.0000	0.282456730
170.0000	20.0000	30.0000	1.220225500
180.0000	20.0000	30.0000	0.683320200
190.0000	20.0000	30.0000	0.398753460
200.0000	20.0000	30.0000	0.504887340
210.0000	20.0000	30.0000	1.078457600
220.0000	20.0000	30.0000	0.627799200
230.0000	20.0000	30.0000	0.238924070
240.0000	20.0000	30.0000	0.181829720
250.0000	20.0000	30.0000	0.331125600
260.0000	20.0000	30.0000	0.300334100
270.0000	20.0000	30.0000	0.173271540
280.0000	20.0000	30.0000	0.363643900
290.0000	20.0000	30.0000	1.352336200
300.0000	20.0000	30.0000	1.296772600
310.0000	20.0000	30.0000	0.481750400
320.0000	20.0000	30.0000	0.306901400
330.0000	20.0000	30.0000	0.090870820
340.0000	20.0000	30.0000	0.140219300
350.0000	20.0000	30.0000	0.751693840
360.0000	20.0000	30.0000	1.000000000
0.0000	30.0000	30.0000	1.411715600
10.0000	30.0000	30.0000	0.992441200
20.0000	30.0000	30.0000	0.681284100
30.0000	30.0000	30.0000	0.787324250
40.0000	30.0000	30.0000	0.384338500
50.0000	30.0000	30.0000	0.204148890
60.0000	30.0000	30.0000	0.219936850
70.0000	30.0000	30.0000	0.283787040
80.0000	30.0000	30.0000	0.301330570
90.0000	30.0000	30.0000	0.324150920
100.0000	30.0000	30.0000	0.303037970
110.0000	30.0000	30.0000	0.410393060
120.0000	30.0000	30.0000	0.415306840
130.0000	30.0000	30.0000	0.337222250
140.0000	30.0000	30.0000	0.442044900
150.0000	30.0000	30.0000	0.425173880
160.0000	30.0000	30.0000	0.576968400
170.0000	30.0000	30.0000	1.346219000
180.0000	30.0000	30.0000	1.352959400
190.0000	30.0000	30.0000	0.575504900
200.0000	30.0000	30.0000	0.415173080
210.0000	30.0000	30.0000	1.041322200
220.0000	30.0000	30.0000	0.797780160
230.0000	30.0000	30.0000	0.439013540
240.0000	30.0000	30.0000	0.364629900
250.0000	30.0000	30.0000	0.330597000
260.0000	30.0000	30.0000	0.423132570
270.0000	30.0000	30.0000	0.218251570
280.0000	30.0000	30.0000	0.470778970
290.0000	30.0000	30.0000	1.500874900
300.0000	30.0000	30.0000	1.015302200
310.0000	30.0000	30.0000	0.534345700
320.0000	30.0000	30.0000	0.280128750
330.0000	30.0000	30.0000	0.067345570
340.0000	30.0000	30.0000	0.097043190
350.0000	30.0000	30.0000	0.510019960
360.0000	30.0000	30.0000	1.000000000
0.0000	40.0000	30.0000	1.403985300
10.0000	40.0000	30.0000	0.786420200
20.0000	40.0000	30.0000	0.374000730
30.0000	40.0000	30.0000	0.491275670
40.0000	40.0000	30.0000	0.320087670
50.0000	40.0000	30.0000	0.372554540
60.0000	40.0000	30.0000	0.420460280
70.0000	40.0000	30.0000	0.473365130
80.0000	40.0000	30.0000	0.750335160
90.0000	40.0000	30.0000	0.905241130
100.0000	40.0000	30.0000	0.354511620
110.0000	40.0000	30.0000	0.266791200
120.0000	40.0000	30.0000	0.221345990
130.0000	40.0000	30.0000	0.441855340
140.0000	40.0000	30.0000	0.922801260
150.0000	40.0000	30.0000	0.919496800
160.0000	40.0000	30.0000	1.388781500
170.0000	40.0000	30.0000	1.481543100
180.0000	40.0000	30.0000	1.740410900
190.0000	40.0000	30.0000	0.668006960
200.0000	40.0000	30.0000	0.298998060
210.0000	40.0000	30.0000	1.042786400
220.0000	40.0000	30.0000	1.532501100
230.0000	40.0000	30.0000	0.857940260
240.0000	40.0000	30.0000	0.547546860
250.0000	40.0000	30.0000	0.423851130
260.0000	40.0000	30.0000	0.724528700
270.0000	40.0000	30.0000	1.376041400
280.0000	40.0000	30.0000	1.320187800
290.0000	40.0000	30.0000	0.484952100
300.0000	40.0000	30.0000	0.266156080
310.0000	40.0000	30.0000	0.379731800
320.0000	40.0000	30.0000	0.405963870
330.0000	40.0000	30.0000	0.290692540
340.0000	40.0000	30.0000	0.456402480
350.0000	40.0000	30.0000	0.873663700
360.0000	40.0000	30.0000	1.000000000
0.0000	50.0000	30.0000	1.923865700
10.0000	50.0000	30.0000	0.828140140
20.0000	50.0000	30.0000	0.197214370
30.0000	50.0000	30.0000	0.297860260
40.0000	50.0000	30.0000	0.474997580
50.0000	50.0000	30.0000	0.685881440
60.0000	50.0000	30.0000	0.502333500
70.0000	50.0000	30.0000	0.415069520
80.0000	50.0000	30.0000	0.613542400
90.0000	50.0000	30.0000	1.038114800
100.0000	50.0000	30.0000	0.551887900
110.0000	50.0000	30.0000	0.240874230
120.0000	50.0000	30.0000	0.251162300
130.0000	50.0000	30.0000	0.669560250
140.0000	50.0000	30.0000	1.676902000
150.0000	50.0000	30.0000	1.115667500
160.0000	50.0000	30.0000	0.848034300
170.0000	50.0000	30.0000	0.762688760
180.0000	50.0000	30.0000	0.972636040
190.0000	50.0000	30.0000	0.442860450
200.0000	50.0000	30.0000	0.172954630
210.0000	50.0000	30.0000	0.620546340
220.0000	50.0000	30.0000	1.820122700
230.0000	50.0000	30.0000	0.941596750
240.0000	50.0000	30.0000	0.724301000
250.0000	50.0000	30.0000	0.547552050
260.0000	50.0000	30.0000	0.699210000
270.0000	50.0000	30.0000	2.907165500
280.0000	50.0000	30.0000	3.698844000
290.0000	50.0000	30.0000	0.333577630
300.0000	50.0000	30.0000	0.185690760
310.0000	50.0000	30.0000	0.414980530
320.0000	50.0000	30.0000	0.867608100
330.0000	50.0000	30.0000	0.797197700
340.0000	50.0000	30.0000	1.385631100
350.0000	50.0000	30.0000	1.631943300
360.0000	50.0000	30.0000	1.000000000
0.0000	60.0000	30.0000	1.324055900
10.0000	60.0000	30.0000	0.646301000
20.0000	60.0000	30.0000	0.156984370
30.0000	60.0000	30.0000	0.338434040
40.0000	60.0000	30.0000	0.610438470
50.0000	60.0000	30.0000	0.432011720
60.0000	60.0000	30.0000	0.302129980
70.0000	60.0000	30.0000	0.201579850
80.0000	60.0000	30.0000	0.208955140
90.0000	60.0000	30.0000	0.758818500
100.0000	60.0000	30.0000	0.713657860
110.0000	60.0000	30.0000	0.932438300
120.0000	60.0000	30.0000	0.625435700
130.0000	60.0000	30.0000	0.659620700
140.0000	60.0000	30.0000	1.690693400
150.0000	60.0000	30.0000	1.648883900
160.0000	60.0000	30.0000	0.691807750
170.0000	60.0000	30.0000	0.547605340
180.0000	60.0000	30.0000	0.343274770
190.0000	60.0000	30.0000	0.230028940
200.0000	60.0000	30.0000	0.206119700
210.0000	60.0000	30.0000	0.457421270
220.0000	60.0000	30.0000	0.774039570
230.0000	60.0000	30.0000	0.599224750
240.0000	60.0000	30.0000	0.473649080
250.0000	60.0000	30.0000	0.413846820
260.0000	60.0000	30.0000	0.325630780
270.0000	60.0000	30.0000	1.471542100
280.0000	60.0000	30.0000	2.858231000
290.0000	60.0000	30.0000	1.264437100
300.0000	60.0000	30.0000	0.519968800
310.0000	60.0000	30.0000	0.698158700
320.0000	60.0000	30.0000	1.833394300
330.0000	60.0000	30.0000	1.792209000
340.0000	60.0000	30.0000	2.353402100
350.0000	60.0000	30.0000	1.991534700
360.0000	60.0000	30.0000	1.000000000
0.0000	70.0000	30.0000	0.498612170
10.0000	70.0000	30.0000	0.370998380
20.0000	70.0000	30.0000	0.279633800
30.0000	70.0000	30.0000	0.548212300
40.0000	70.0000	30.0000	0.803907200
50.0000	70.0000	30.0000	0.568034100
60.0000	70.0000	30.0000	0.437548250
70.0000	70.0000	30.0000	0.341776400
80.0000	70.0000	30.0000	0.120302446
90.0000	70.0000	30.0000	0.167641680
100.0000	70.0000	30.0000	0.433312920
110.0000	70.0000	30.0000	1.614222400
120.0000	70.0000	30.0000	1.129159000
130.0000	70.0000	30.0000	0.536656860
140.0000	70.0000	30.0000	0.862934050
150.0000	70.0000	30.0000	1.070348000
160.0000	70.0000	30.0000	0.445184020
170.0000	70.0000	30.0000	0.354583800
180.0000	70.0000	30.0000	0.215819220
190.0000	70.0000	30.0000	0.259005130
200.0000	70.0000	30.0000	0.349074000
210.0000	70.0000	30.0000	0.386320700
220.0000	70.0000	30.0000	0.485454320
230.0000	70.0000	30.0000	0.469187970
240.0000	70.0000	30.0000	0.271432200
250.0000	70.0000	30.0000	0.389658660
260.0000	70.0000	30.0000	0.327894300
270.0000	70.0000	30.0000	0.641867200
280.0000	70.0000	30.0000	1.571687700
290.0000	70.0000	30.0000	2.260066000
300.0000	70.0000	30.0000	1.122501600
310.0000	70.0000	30.0000	0.545465400
320.0000	70.0000	30.0000	0.966259840
330.0000	70.0000	30.0000	1.935291300
340.0000	70.0000	30.0000	1.256922500
350.0000	70.0000	30.0000	1.436059700
360.0000	70.0000	30.0000	1.000000000
0.0000	80.0000	30.0000	0.350843970
10.0000	80.0000	30.0000	0.261245760
20.0000	80.0000	30.0000	0.227066470
30.0000	80.0000	30.0000	0.384885220
40.0000	80.0000	30.0000	1.154858600
50.0000	80.0000	30.0000	1.185303400
60.0000	80.0000	30.0000	1.015669700
70.0000	80.0000	30.0000	1.585426700
80.0000	80.0000	30.0000	0.315281870
90.0000	80.0000	30.0000	0.166835160
100.0000	80.0000	30.0000	0.574518200
110.0000	80.0000	30.0000	2.268680300
120.0000	80.0000	30.0000	1.467724700
130.0000	80.0000	30.0000	0.470876160
140.0000	80.0000	30.0000	0.452965260
150.0000	80.0000	30.0000	0.369262900
160.0000	80.0000	30.0000	0.263032170
170.0000	80.0000	30.0000	0.251386460
180.0000	80.0000	30.0000	0.212213740
190.0000	80.0000	30.0000	0.471639700
200.0000	80.0000	30.0000	0.557041650
210.0000	80.0000	30.0000	0.362952400
220.0000	80.0000	30.0000	0.458387170
230.0000	80.0000	30.0000	0.811668800
240.0000	80.0000	30.0000	0.760759830
250.0000	80.0000	30.0000	1.121650800
260.0000	80.0000	30.0000	0.790330300
270.0000	80.0000	30.0000	0.915645600
280.0000	80.0000	30.0000	1.575050700
290.0000	80.0000	30.0000	2.577795500
300.0000	80.0000	30.0000	1.192099800
310.0000	80.0000	30.0000	0.304114940
320.0000	80.0000	30.0000	0.369773540
330.0000	80.0000	30.0000	0.620696000
340.0000	80.0000	30.0000	0.398056700
350.0000	80.0000	30.0000	0.631022800
360.0000	80.0000	30.0000	1.000000000
0.0000	90.0000	30.0000	0.309588280
10.0000	90.0000	30.0000	0.210335930
20.0000	90.0000	30.0000	0.128611280
30.0000	90.0000	30.0000	0.252556980
40.0000	90.0000	30.0000	1.030229900
50.0000	90.0000	30.0000	1.203998000
60.0000	90.0000	30.0000	1.189110300
70.0000	90.0000	30.0000	2.364086200
80.0000	90.0000	30.0000	0.665134500
90.0000	90.0000	30.0000	0.369737900
100.0000	90.0000	30.0000	1.380102500
110.0000	90.0000	30.0000	4.219771400
120.0000	90.0000	30.0000	2.075099000
130.0000	90.0000	30.0000	0.766509230
140.0000	90.0000	30.0000	0.419422660
150.0000	90.0000	30.0000	0.194661590
160.0000	90.0000	30.0000	0.175397680
170.0000	90.0000	30.0000	0.187540040
180.0000	90.0000	30.0000	0.231816660
190.0000	90.0000	30.0000	0.658901200
200.0000	90.0000	30.0000	0.764178930
210.0000	90.0000	30.0000	0.414053170
220.0000	90.0000	30.0000	0.410026850
230.0000	90.0000	30.0000	1.034881200
240.0000	90.0000	30.0000	1.792226200
250.0000	90.0000	30.0000	3.213384200
260.0000	90.0000	30.0000	1.607042300
270.0000	90.0000	30.0000	1.302138000
280.0000	90.0000	30.0000	1.936743900
290.0000	90.0000	30.0000	2.650825000
300.0000	90.0000	30.0000	0.929479800
310.0000	90.0000	30.0000	0.263417960
320.0000	90.0000	30.0000	0.217034920
330.0000	90.0000	30.0000	0.343281180
340.0000	90.0000	30.0000	0.253220920
350.0000	90.0000	30.0000	0.372012940
360.0000	90.0000	30.0000	1.000000000
0.0000	0.0000	40.0000	1.000000000
10.0000	0.0000	40.0000	1.000000000
20.0000	0.0000	40.0000	1.000000000
30.0000	0.0000	40.0000	1.000000000
40.0000	0.0000	40.0000	1.000000000
50.0000	0.0000	40.0000	1.000000000
60.0000	0.0000	40.0000	1.000000000
70.0000	0.0000	40.0000	1.000000000
80.0000	0.0000	40.0000	1.000000000
90.0000	0.0000	40.0000	1.000000000
100.0000	0.0000	40.0000	1.000000000
110.0000	0.0000	40.0000	1.000000000
120.0000	0.0000	40.0000	1.000000000
130.0000	0.0000	40.0000	1.000000000
140.0000	0.0000	40.0000	1.000000000
150.0000	0.0000	40.0000	1.000000000
160.0000	0.0000	40.0000	1.000000000
170.0000	0.0000	40.0000	1.000000000
180.0000	0.0000	40.0000	1.000000000
190.0000	0.0000	40.0000	1.000000000
200.0000	0.0000	40.0000	1.000000000
210.0000	0.0000	40.0000	1.000000000
220.0000	0.0000	40.0000	1.000000000
230.0000	0.0000	40.0000	1.000000000
240.0000	0.0000	40.0000	1.000000000
250.0000	0.0000	40.0000	1.000000000
260.0000	0.0000	40.0000	1.000000000
270.0000	0.0000	40.0000	1.000000000
280.0000	0.0000	40.0000	1.000000000
290.0000	0.0000	40.0000	1.000000000
300.0000	0.0000	40.0000	1.000000000
310.0000	0.0000	40.0000	1.000000000
320.0000	0.0000	40.0000	1.000000000
330.0000	0.0000	40.0000	1.000000000
340.0000	0.0000	40.0000	1.000000000
350.0000	0.0000	40.0000	1.000000000
360.0000	0.0000	40.0000	1.000000000
0.0000	10.0000	40.0000	0.579336640
10.0000	10.0000	40.0000	2.424559600
20.0000	10.0000	40.0000	3.666375200
30.0000	10.0000	40.0000	0.198049700
40.0000	10.0000	40.0000	0.065586070
50.0000	10.0000	40.0000	0.069129650
60.0000	10.0000	40.0000	0.176790680
70.0000	10.0000	40.0000	0.664291200
80.0000	10.0000	40.0000	1.769119900
90.0000	10.0000	40.0000	5.962191600
100.0000	10.0000	40.0000	8.775708000
110.0000	10.0000	40.0000	1.934982700
120.0000	10.0000	40.0000	0.652828100
130.0000	10.0000	40.0000	0.133953470
140.0000	10.0000	40.0000	0.074140094
150.0000	10.0000	40.0000	0.074620110
160.0000	10.0000	40.0000	1.277862000
170.0000	10.0000	40.0000	1.930182100
180.0000	10.0000	40.0000	0.283409200
190.0000	10.0000	40.0000	0.722269600
200.0000	10.0000	40.0000	1.309120700
210.0000	10.0000	40.0000	0.439434400
220.0000	10.0000	40.0000	0.072562195
230.0000	10.0000	40.0000	0.066511475
240.0000	10.0000	40.0000	0.138624740
250.0000	10.0000	40.0000	0.389275250
260.0000	10.0000	40.0000	1.632611200
270.0000	10.0000	40.0000	5.450775000
280.0000	10.0000	40.0000	7.459012000
290.0000	10.0000	40.0000	1.446126800
300.0000	10.0000	40.0000	0.577734500
310.0000	10.0000	40.0000	0.138634300
320.0000	10.0000	40.0000	0.073827700
330.0000	10.0000	40.0000	0.087724990
340.0000	10.0000	40.0000	1.072257600
350.0000	10.0000	40.0000	2.104607000
360.0000	10.0000	40.0000	1.000000000
0.0000	20.0000	40.0000	1.008123300
10.0000	20.0000	40.0000	1.452427700
20.0000	20.0000	40.0000	1.609964800
30.0000	20.0000	40.0000	0.399187740
40.0000	20.0000	40.0000	0.125673410
50.0000	20.0000	40.0000	0.138173480
60.0000	20.0000	40.0000	0.235093560
70.0000	20.0000	40.0000	0.338736800
80.0000	20.0000	40.0000	0.905020060
90.0000	20.0000	40.0000	3.941202000
100.0000	20.0000	40.0000	1.373246400
110.0000	20.0000	40.0000	0.321742270
120.0000	20.0000	40.0000	0.357509970
130.0000	20.0000	40.0000	0.226527990
140.0000	20.0000	40.0000	0.128217830
150.0000	20.0000	40.0000	0.175753620
160.0000	20.0000	40.0000	0.669263240
170.0000	20.0000	40.0000	1.162196200
180.0000	20.0000	40.0000	0.447406170
190.0000	20.0000	40.0000	0.495125900
200.0000	20.0000	40.0000	1.047058500
210.0000	20.0000	40.0000	0.617080150
220.0000	20.0000	40.0000	0.152774450
230.0000	20.0000	40.0000	0.223299340
240.0000	20.0000	40.0000	0.510026000
250.0000	20.0000	40.0000	0.332361130
260.0000	20.0000	40.0000	0.758044300
270.0000	20.0000	40.0000	3.280372600
280.0000	20.0000	40.0000	0.878611700
290.0000	20.0000	40.0000	0.314400080
300.0000	20.0000	40.0000	0.601441100
310.0000	20.0000	40.0000	0.256257300
320.0000	20.0000	40.0000	0.122722400
330.0000	20.0000	40.0000	0.150549900
340.0000	20.0000	40.0000	0.483149380
350.0000	20.0000	40.0000	1.345903200
360.0000	20.0000	40.0000	1.000000000
0.0000	30.0000	40.0000	0.881995900
10.0000	30.0000	40.0000	0.774906750
20.0000	30.0000	40.0000	1.487951600
30.0000	30.0000	40.0000	0.637246800
40.0000	30.0000	40.0000	0.228539570
50.0000	30.0000	40.0000	0.224468200
60.0000	30.0000	40.0000	0.215813170
70.0000	30.0000	40.0000	0.260013200
80.0000	30.0000	40.0000	0.446821480
90.0000	30.0000	40.0000	0.837592660
100.0000	30.0000	40.0000	0.630247500
110.0000	30.0000	40.0000	0.241780040
120.0000	30.0000	40.0000	0.265288560
130.0000	30.0000	40.0000	0.336105670
140.0000	30.0000	40.0000	0.334798800
150.0000	30.0000	40.0000	0.629800260
160.0000	30.0000	40.0000	0.945135700
170.0000	30.0000	40.0000	1.015032900
180.0000	30.0000	40.0000	0.883275500
190.0000	30.0000	40.0000	0.797588940
200.0000	30.0000	40.0000	1.218302700
210.0000	30.0000	40.0000	1.311070900
220.0000	30.0000	40.0000	0.746304600
230.0000	30.0000	40.0000	0.474755670
240.0000	30.0000	40.0000	0.334075270
250.0000	30.0000	40.0000	0.240812230
260.0000	30.0000	40.0000	0.344875700
270.0000	30.0000	40.0000	0.761966760
280.0000	30.0000	40.0000	0.522442340
290.0000	30.0000	40.0000	0.377105740
300.0000	30.0000	40.0000	0.540894450
310.0000	30.0000	40.0000	0.304889650
320.0000	30.0000	40.0000	0.186253880
330.0000	30.0000	40.0000	0.246434120
340.0000	30.0000	40.0000	0.589811200
350.0000	30.0000	40.0000	1.316865800
360.0000	30.0000	40.0000	1.000000000
0.0000	40.0000	40.0000	0.819655500
10.0000	40.0000	40.0000	0.791228650
20.0000	40.0000	40.0000	1.630735200
30.0000	40.0000	40.0000	1.128428200
40.0000	40.0000	40.0000	0.575091300
50.0000	40.0000	40.0000	0.344704840
60.0000	40.0000	40.0000	0.207108320
70.0000	40.0000	40.0000	0.278054100
80.0000	40.0000	40.0000	0.424548800
90.0000	40.0000	40.0000	0.685517900
100.0000	40.0000	40.0000	0.441403720
110.0000	40.0000	40.0000	0.197521570
120.0000	40.0000	40.0000	0.240544210
130.0000	40.0000	40.0000	0.571516800
140.0000	40.0000	40.0000	0.860395550
150.0000	40.0000	40.0000	1.687589500
160.0000	40.0000	40.0000	2.008364000
170.0000	40.0000	40.0000	1.021806200
180.0000	40.0000	40.0000	0.999945760
190.0000	40.0000	40.0000	0.851150800
200.0000	40.0000	40.0000	1.220003400
210.0000	40.0000	40.0000	3.371425000
220.0000	40.0000	40.0000	2.568382700
230.0000	40.0000	40.0000	0.858127700
240.0000	40.0000	40.0000	0.322026300
250.0000	40.0000	40.0000	0.208617400
260.0000	40.0000	40.0000	0.335340170
270.0000	40.0000	40.0000	0.844868300
280.0000	40.0000	40.0000	0.715822300
290.0000	40.0000	40.0000	0.215506060
300.0000	40.0000	40.0000	0.123377986
310.0000	40.0000	40.0000	0.145453240
320.0000	40.0000	40.0000	0.282353820
330.0000	40.0000	40.0000	0.513732500
340.0000	40.0000	40.0000	1.039186500
350.0000	40.0000	40.0000	1.155805600
360.0000	40.0000	40.0000	1.000000000
0.0000	50.0000	40.0000	1.020138100
10.0000	50.0000	40.0000	0.855062000
20.0000	50.0000	40.0000	0.934101000
30.0000	50.0000	40.0000	2.129515600
40.0000	50.0000	40.0000	1.534723900
50.0000	50.0000	40.0000	0.507746600
60.0000	50.0000	40.0000	0.300932940
70.0000	50.0000	40.0000	0.360560920
80.0000	50.0000	40.0000	0.862276200
90.0000	50.0000	40.0000	1.726461800
100.0000	50.0000	40.0000	0.810862800
110.0000	50.0000	40.0000	0.365390030
120.0000	50.0000	40.0000	0.553187500
130.0000	50.0000	40.0000	1.101487000
140.0000	50.0000	40.0000	1.848322600
150.0000	50.0000	40.0000	2.843523000
160.0000	50.0000	40.0000	2.267602200
170.0000	50.0000	40.0000	0.735674600
180.0000	50.0000	40.0000	0.551584840
190.0000	50.0000	40.0000	0.370642840
200.0000	50.0000	40.0000	0.673154200
210.0000	50.0000	40.0000	3.964078000
220.0000	50.0000	40.0000	2.954703000
230.0000	50.0000	40.0000	0.779192200
240.0000	50.0000	40.0000	0.579022650
250.0000	50.0000	40.0000	0.531827750
260.0000	50.0000	40.0000	0.916825700
270.0000	50.0000	40.0000	3.397760000
280.0000	50.0000	40.0000	2.262915400
290.0000	50.0000	40.0000	0.379378830
300.0000	50.0000	40.0000	0.266295600
310.0000	50.0000	40.0000	0.457271250
320.0000	50.0000	40.0000	1.067225300
330.0000	50.0000	40.0000	1.429362900
340.0000	50.0000	40.0000	1.312947600
350.0000	50.0000	40.0000	0.681271500
360.0000	50.0000	40.0000	1.000000000
0.0000	60.0000	40.0000	0.874265850
10.0000	60.0000	40.0000	0.676125800
20.0000	60.0000	40.0000	0.660351340
30.0000	60.0000	40.0000	3.117474300
40.0000	60.0000	40.0000	1.428141100
50.0000	60.0000	40.0000	0.267667620
60.0000	60.0000	40.0000	0.321652260
70.0000	60.0000	40.0000	0.372753700
80.0000	60.0000	40.0000	0.611016600
90.0000	60.0000	40.0000	1.482262500
100.0000	60.0000	40.0000	1.515157200
110.0000	60.0000	40.0000	1.457481300
120.0000	60.0000	40.0000	0.861288100
130.0000	60.0000	40.0000	0.748605130
140.0000	60.0000	40.0000	1.513035700
150.0000	60.0000	40.0000	2.089399300
160.0000	60.0000	40.0000	1.570740000
170.0000	60.0000	40.0000	0.793622900
180.0000	60.0000	40.0000	0.315874800
190.0000	60.0000	40.0000	0.222714230
200.0000	60.0000	40.0000	0.509570360
210.0000	60.0000	40.0000	1.597267600
220.0000	60.0000	40.0000	0.856465900
230.0000	60.0000	40.0000	0.313065050
240.0000	60.0000	40.0000	0.603101730
250.0000	60.0000	40.0000	1.030180100
260.0000	60.0000	40.0000	0.948937060
270.0000	60.0000	40.0000	2.511054000
280.0000	60.0000	40.0000	3.190019000
290.0000	60.0000	40.0000	1.046331900
300.0000	60.0000	40.0000	0.457718820
310.0000	60.0000	40.0000	0.440781950
320.0000	60.0000	40.0000	1.328950600
330.0000	60.0000	40.0000	3.562732700
340.0000	60.0000	40.0000	2.471317800
350.0000	60.0000	40.0000	0.829093200
360.0000	60.0000	40.0000	1.000000000
0.0000	70.0000	40.0000	0.611538800
10.0000	70.0000	40.0000	0.687508170
20.0000	70.0000	40.0000	1.362652700
30.0000	70.0000	40.0000	1.770964000
40.0000	70.0000	40.0000	0.539616350
50.0000	70.0000	40.0000	0.180119870
60.0000	70.0000	40.0000	0.299930600
70.0000	70.0000	40.0000	0.360931750
80.0000	70.0000	40.0000	0.276727970
90.0000	70.0000	40.0000	0.543491700
100.0000	70.0000	40.0000	1.327957400
110.0000	70.0000	40.0000	2.295507000
120.0000	70.0000	40.0000	0.817014930
130.0000	70.0000	40.0000	0.301116600
140.0000	70.0000	40.0000	0.350493160
150.0000	70.0000	40.0000	0.511925800
160.0000	70.0000	40.0000	0.962784900
170.0000	70.0000	40.0000	0.932318900
180.0000	70.0000	40.0000	0.408531300
190.0000	70.0000	40.0000	0.457548380
200.0000	70.0000	40.0000	0.693307800
210.0000	70.0000	40.0000	0.538247600
220.0000	70.0000	40.0000	0.258832720
230.0000	70.0000	40.0000	0.175668880
240.0000	70.0000	40.0000	0.426998000
250.0000	70.0000	40.0000	1.007306700
260.0000	70.0000	40.0000	0.724316660
270.0000	70.0000	40.0000	1.207317500
280.0000	70.0000	40.0000	1.649162300
290.0000	70.0000	40.0000	1.169463200
300.0000	70.0000	40.0000	0.529246330
310.0000	70.0000	40.0000	0.189977780
320.0000	70.0000	40.0000	0.478350800
330.0000	70.0000	40.0000	2.111855000
340.0000	70.0000	40.0000	1.595759300
350.0000	70.0000	40.0000	1.083723000
360.0000	70.0000	40.0000	1.000000000
0.0000	80.0000	40.0000	0.626688540
10.0000	80.0000	40.0000	0.646562160
20.0000	80.0000	40.0000	1.367916800
30.0000	80.0000	40.0000	0.829051140
40.0000	80.0000	40.0000	0.767699540
50.0000	80.0000	40.0000	1.337957400
60.0000	80.0000	40.0000	1.319287400
70.0000	80.0000	40.0000	1.730361700
80.0000	80.0000	40.0000	0.795572160
90.0000	80.0000	40.0000	0.997617540
100.0000	80.0000	40.0000	3.048203200
110.0000	80.0000	40.0000	3.588032700
120.0000	80.0000	40.0000	1.233866900
130.0000	80.0000	40.0000	0.578885600
140.0000	80.0000	40.0000	0.334630430
150.0000	80.0000	40.0000	0.441248570
160.0000	80.0000	40.0000	1.179098700
170.0000	80.0000	40.0000	0.877597700
180.0000	80.0000	40.0000	0.736586800
190.0000	80.0000	40.0000	1.445763000
200.0000	80.0000	40.0000	1.979580400
210.0000	80.0000	40.0000	0.515872600
220.0000	80.0000	40.0000	0.374472500
230.0000	80.0000	40.0000	0.659400640
240.0000	80.0000	40.0000	0.983631600
250.0000	80.0000	40.0000	1.970585100
260.0000	80.0000	40.0000	1.978988400
270.0000	80.0000	40.0000	2.205412400
280.0000	80.0000	40.0000	2.326719500
290.0000	80.0000	40.0000	1.673925800
300.0000	80.0000	40.0000	0.677171300
310.0000	80.0000	40.0000	0.290890570
320.0000	80.0000	40.0000	0.339278040
330.0000	80.0000	40.0000	0.603222130
340.0000	80.0000	40.0000	0.753112900
350.0000	80.0000	40.0000	0.889601600
360.0000	80.0000	40.0000	1.000000000
0.0000	90.0000	40.0000	0.593896000
10.0000	90.0000	40.0000	0.440827400
20.0000	90.0000	40.0000	0.800496000
30.0000	90.0000	40.0000	0.684151500
40.0000	90.0000	40.0000	1.052825000
50.0000	90.0000	40.0000	2.480184300
60.0000	90.0000	40.0000	2.138221700
70.0000	90.0000	40.0000	4.174075600
80.0000	90.0000	40.0000	1.857110500
90.0000	90.0000	40.0000	2.049143800
100.0000	90.0000	40.0000	6.551583300
110.0000	90.0000	40.0000	6.974949400
120.0000	90.0000	40.0000	2.318605400
130.0000	90.0000	40.0000	2.118354800
140.0000	90.0000	40.0000	0.637720400
150.0000	90.0000	40.0000	0.722303100
160.0000	90.0000	40.0000	1.965092900
170.0000	90.0000	40.0000	0.687547900
180.0000	90.0000	40.0000	0.819364400
190.0000	90.0000	40.0000	2.007861100
200.0000	90.0000	40.0000	2.824315800
210.0000	90.0000	40.0000	0.610939860
220.0000	90.0000	40.0000	0.590170860
230.0000	90.0000	40.0000	1.622825300
240.0000	90.0000	40.0000	2.107305300
250.0000	90.0000	40.0000	5.027057000
260.0000	90.0000	40.0000	3.328200300
270.0000	90.0000	40.0000	2.919586200
280.0000	90.0000	40.0000	3.450578000
290.0000	90.0000	40.0000	2.844981000
300.0000	90.0000	40.0000	0.983083250
310.0000	90.0000	40.0000	0.665421700
320.0000	90.0000	40.0000	0.452270980
330.0000	90.0000	40.0000	0.474127740
340.0000	90.0000	40.0000	0.925108500
350.0000	90.0000	40.0000	1.154981000
360.0000	90.0000	40.0000	1.000000000
0.0000	0.0000	50.0000	1.000000000
10.0000	0.0000	50.0000	1.000000000
20.0000	0.0000	50.0000	1.000000000
30.0000	0.0000	50.0000	1.000000000
40.0000	0.0000	50.0000	1.000000000
50.0000	0.0000	50.0000	1.000000000
60.0000	0.0000	50.0000	1.000000000
70.0000	0.0000	50.0000	1.000000000
80.0000	0.0000	50.0000	1.000000000
90.0000	0.0000	50.0000	1.000000000
100.0000	0.0000	50.0000	1.000000000
110.0000	0.0000	50.0000	1.000000000
120.0000	0.0000	50.0000	1.000000000
130.0000	0.0000	50.0000	1.000000000
140.0000	0.0000	50.0000	1.000000000
150.0000	0.0000	50.0000	1.000000000
160.0000	0.0000	50.0000	1.000000000
170.0000	0.0000	50.0000	1.000000000
180.0000	0.0000	50.0000	1.000000000
190.0000	0.0000	50.0000	1.000000000
200.0000	0.0000	50.0000	1.000000000
210.0000	0.0000	50.0000	1.000000000
220.0000	0.0000	50.0000	1.000000000
230.0000	0.0000	50.0000	1.000000000
240.0000	0.0000	50.0000	1.000000000
250.0000	0.0000	50.0000	1.000000000
260.0000	0.0000	50.0000	1.000000000
270.0000	0.0000	50.0000	1.000000000
280.0000	0.0000	50.0000	1.000000000
290.0000	0.0000	50.0000	1.000000000
300.0000	0.0000	50.0000	1.000000000
310.0000	0.0000	50.0000	1.000000000
320.0000	0.0000	50.0000	1.000000000
330.0000	0.0000	50.0000	1.000000000
340.0000	0.0000	50.0000	1.000000000
350.0000	0.0000	50.0000	1.000000000
360.0000	0.0000	50.0000	1.000000000
0.0000	10.0000	50.0000	0.576354740
10.0000	10.0000	50.0000	2.738000400
20.0000	10.0000	50.0000	2.321501000
30.0000	10.0000	50.0000	0.067776720
40.0000	10.0000	50.0000	0.058813230
50.0000	10.0000	50.0000	0.129709120
60.0000	10.0000	50.0000	0.811079700
70.0000	10.0000	50.0000	2.134345800
80.0000	10.0000	50.0000	2.826636600
90.0000	10.0000	50.0000	5.559303000
100.0000	10.0000	50.0000	4.897207300
110.0000	10.0000	50.0000	0.295020580
120.0000	10.0000	50.0000	0.096100520
130.0000	10.0000	50.0000	0.077618630
140.0000	10.0000	50.0000	0.092878446
150.0000	10.0000	50.0000	0.243949040
160.0000	10.0000	50.0000	2.041635300
170.0000	10.0000	50.0000	1.197344500
180.0000	10.0000	50.0000	0.388317470
190.0000	10.0000	50.0000	1.213053600
200.0000	10.0000	50.0000	0.699967900
210.0000	10.0000	50.0000	0.057989540
220.0000	10.0000	50.0000	0.055307053
230.0000	10.0000	50.0000	0.229303900
240.0000	10.0000	50.0000	1.095959100
250.0000	10.0000	50.0000	1.219639100
260.0000	10.0000	50.0000	2.448634000
270.0000	10.0000	50.0000	5.986907000
280.0000	10.0000	50.0000	6.504882000
290.0000	10.0000	50.0000	0.467968370
300.0000	10.0000	50.0000	0.125404430
310.0000	10.0000	50.0000	0.080583130
320.0000	10.0000	50.0000	0.101574930
330.0000	10.0000	50.0000	0.287451120
340.0000	10.0000	50.0000	1.566822300
350.0000	10.0000	50.0000	1.599901100
360.0000	10.0000	50.0000	1.000000000
0.0000	20.0000	50.0000	0.991055300
10.0000	20.0000	50.0000	1.709425600
20.0000	20.0000	50.0000	0.752680300
30.0000	20.0000	50.0000	0.130090920
40.0000	20.0000	50.0000	0.091817600
50.0000	20.0000	50.0000	0.166280090
60.0000	20.0000	50.0000	0.358254100
70.0000	20.0000	50.0000	0.483143540
80.0000	20.0000	50.0000	1.063791300
90.0000	20.0000	50.0000	3.513658300
100.0000	20.0000	50.0000	1.214994100
110.0000	20.0000	50.0000	0.260007740
120.0000	20.0000	50.0000	0.268743200
130.0000	20.0000	50.0000	0.175984560
140.0000	20.0000	50.0000	0.125471980
150.0000	20.0000	50.0000	0.390711160
160.0000	20.0000	50.0000	1.200623900
170.0000	20.0000	50.0000	0.854763800
180.0000	20.0000	50.0000	0.600826140
190.0000	20.0000	50.0000	0.887456400
200.0000	20.0000	50.0000	0.802750470
210.0000	20.0000	50.0000	0.183118390
220.0000	20.0000	50.0000	0.091711200
230.0000	20.0000	50.0000	0.305805530
240.0000	20.0000	50.0000	0.591895160
250.0000	20.0000	50.0000	0.298383860
260.0000	20.0000	50.0000	0.658772770
270.0000	20.0000	50.0000	3.404306700
280.0000	20.0000	50.0000	1.021402700
290.0000	20.0000	50.0000	0.253059120
300.0000	20.0000	50.0000	0.380845580
310.0000	20.0000	50.0000	0.225400670
320.0000	20.0000	50.0000	0.153074710
330.0000	20.0000	50.0000	0.406366020
340.0000	20.0000	50.0000	1.074480400
350.0000	20.0000	50.0000	1.125245500
360.0000	20.0000	50.0000	1.000000000
0.0000	30.0000	50.0000	0.817925100
10.0000	30.0000	50.0000	0.917634200
20.0000	30.0000	50.0000	0.626385700
30.0000	30.0000	50.0000	0.260741030
40.0000	30.0000	50.0000	0.107626910
50.0000	30.0000	50.0000	0.226852090
60.0000	30.0000	50.0000	0.391740260
70.0000	30.0000	50.0000	0.338437830
80.0000	30.0000	50.0000	0.511194050
90.0000	30.0000	50.0000	0.838744200
100.0000	30.0000	50.0000	0.641254700
110.0000	30.0000	50.0000	0.230930250
120.0000	30.0000	50.0000	0.223667140
130.0000	30.0000	50.0000	0.261291000
140.0000	30.0000	50.0000	0.418817850
150.0000	30.0000	50.0000	1.062208700
160.0000	30.0000	50.0000	1.470768300
170.0000	30.0000	50.0000	0.866940200
180.0000	30.0000	50.0000	1.207747300
190.0000	30.0000	50.0000	1.797232700
200.0000	30.0000	50.0000	1.542573000
210.0000	30.0000	50.0000	0.946197700
220.0000	30.0000	50.0000	0.369622380
230.0000	30.0000	50.0000	0.345945270
240.0000	30.0000	50.0000	0.398524280
250.0000	30.0000	50.0000	0.228976850
260.0000	30.0000	50.0000	0.325794400
270.0000	30.0000	50.0000	0.747648360
280.0000	30.0000	50.0000	0.457416240
290.0000	30.0000	50.0000	0.225212410
300.0000	30.0000	50.0000	0.306970500
310.0000	30.0000	50.0000	0.439168900
320.0000	30.0000	50.0000	0.316318720
330.0000	30.0000	50.0000	0.480525500
340.0000	30.0000	50.0000	1.121185700
350.0000	30.0000	50.0000	0.730527100
360.0000	30.0000	50.0000	1.000000000
0.0000	40.0000	50.0000	0.724749300
10.0000	40.0000	50.0000	0.934688570
20.0000	40.0000	50.0000	1.224638500
30.0000	40.0000	50.0000	0.668849500
40.0000	40.0000	50.0000	0.349251500
50.0000	40.0000	50.0000	0.180197670
60.0000	40.0000	50.0000	0.137646420
70.0000	40.0000	50.0000	0.196457060
80.0000	40.0000	50.0000	0.594511900
90.0000	40.0000	50.0000	0.832463600
100.0000	40.0000	50.0000	0.477186020
110.0000	40.0000	50.0000	0.245017080
120.0000	40.0000	50.0000	0.302035700
130.0000	40.0000	50.0000	0.598701700
140.0000	40.0000	50.0000	1.872040200
150.0000	40.0000	50.0000	3.346443700
160.0000	40.0000	50.0000	1.495801400
170.0000	40.0000	50.0000	0.757859230
180.0000	40.0000	50.0000	1.314003700
190.0000	40.0000	50.0000	1.585263000
200.0000	40.0000	50.0000	1.666328500
210.0000	40.0000	50.0000	2.584849600
220.0000	40.0000	50.0000	1.446528300
230.0000	40.0000	50.0000	0.613619150
240.0000	40.0000	50.0000	0.197159100
250.0000	40.0000	50.0000	0.135123600
260.0000	40.0000	50.0000	0.314391550
270.0000	40.0000	50.0000	0.691457200
280.0000	40.0000	50.0000	0.433688880
290.0000	40.0000	50.0000	0.307973860
300.0000	40.0000	50.0000	0.261034220
310.0000	40.0000	50.0000	0.334138240
320.0000	40.0000	50.0000	0.613435700
330.0000	40.0000	50.0000	0.723524100
340.0000	40.0000	50.0000	0.946546900
350.0000	40.0000	50.0000	0.481602100
360.0000	40.0000	50.0000	1.000000000
0.0000	50.0000	50.0000	0.885300000
10.0000	50.0000	50.0000	1.082989600
20.0000	50.0000	50.0000	1.476839500
30.0000	50.0000	50.0000	2.112355700
40.0000	50.0000	50.0000	1.493906100
50.0000	50.0000	50.0000	0.488841700
60.0000	50.0000	50.0000	0.245429220
70.0000	50.0000	50.0000	0.350745770
80.0000	50.0000	50.0000	1.833993200
90.0000	50.0000	50.0000	2.974135000
100.0000	50.0000	50.0000	0.866739000
110.0000	50.0000	50.0000	0.458241080
120.0000	50.0000	50.0000	0.601586460
130.0000	50.0000	50.0000	0.973448400
140.0000	50.0000	50.0000	3.373288600
150.0000	50.0000	50.0000	4.233141400
160.0000	50.0000	50.0000	0.757677140
170.0000	50.0000	50.0000	0.401958850
180.0000	50.0000	50.0000	0.667714830
190.0000	50.0000	50.0000	0.794158340
200.0000	50.0000	50.0000	1.402736700
210.0000	50.0000	50.0000	2.619395000
220.0000	50.0000	50.0000	2.340171800
230.0000	50.0000	50.0000	1.205143900
240.0000	50.0000	50.0000	0.533693970
250.0000	50.0000	50.0000	0.440164740
260.0000	50.0000	50.0000	0.926547650
270.0000	50.0000	50.0000	1.868369800
280.0000	50.0000	50.0000	1.003384100
290.0000	50.0000	50.0000	0.440295500
300.0000	50.0000	50.0000	0.309272700
310.0000	50.0000	50.0000	0.449309970
320.0000	50.0000	50.0000	1.354056800
330.0000	50.0000	50.0000	1.535017800
340.0000	50.0000	50.0000	0.587781000
350.0000	50.0000	50.0000	0.260212660
360.0000	50.0000	50.0000	1.000000000
0.0000	60.0000	50.0000	0.765641700
10.0000	60.0000	50.0000	0.963460100
20.0000	60.0000	50.0000	2.530495600
30.0000	60.0000	50.0000	5.598009000
40.0000	60.0000	50.0000	1.235368800
50.0000	60.0000	50.0000	0.396867130
60.0000	60.0000	50.0000	0.563406000
70.0000	60.0000	50.0000	1.022941700
80.0000	60.0000	50.0000	2.062076800
90.0000	60.0000	50.0000	2.846367000
100.0000	60.0000	50.0000	1.552390500
110.0000	60.0000	50.0000	0.969883000
120.0000	60.0000	50.0000	0.505029260
130.0000	60.0000	50.0000	0.413998370
140.0000	60.0000	50.0000	1.220838500
150.0000	60.0000	50.0000	1.464945200
160.0000	60.0000	50.0000	0.460809980
170.0000	60.0000	50.0000	0.382021640
180.0000	60.0000	50.0000	0.372460660
190.0000	60.0000	50.0000	0.485814600
200.0000	60.0000	50.0000	1.278099100
210.0000	60.0000	50.0000	1.726014900
220.0000	60.0000	50.0000	1.073795700
230.0000	60.0000	50.0000	0.561688100
240.0000	60.0000	50.0000	0.964964300
250.0000	60.0000	50.0000	2.020731000
260.0000	60.0000	50.0000	1.425380700
270.0000	60.0000	50.0000	1.560089500
280.0000	60.0000	50.0000	1.069888200
290.0000	60.0000	50.0000	0.404287460
300.0000	60.0000	50.0000	0.293006120
310.0000	60.0000	50.0000	0.300683980
320.0000	60.0000	50.0000	1.279989600
330.0000	60.0000	50.0000	2.220097000
340.0000	60.0000	50.0000	0.536694000
350.0000	60.0000	50.0000	0.266367500
360.0000	60.0000	50.0000	1.000000000
0.0000	70.0000	50.0000	0.574554900
10.0000	70.0000	50.0000	0.894090300
20.0000	70.0000	50.0000	3.171168000
30.0000	70.0000	50.0000	2.978254300
40.0000	70.0000	50.0000	0.364934900
50.0000	70.0000	50.0000	0.220510000
60.0000	70.0000	50.0000	0.755238060
70.0000	70.0000	50.0000	1.199829300
80.0000	70.0000	50.0000	1.443177000
90.0000	70.0000	50.0000	1.807067500
100.0000	70.0000	50.0000	1.264018800
110.0000	70.0000	50.0000	0.928333600
120.0000	70.0000	50.0000	0.301079360
130.0000	70.0000	50.0000	0.185259250
140.0000	70.0000	50.0000	0.295726600
150.0000	70.0000	50.0000	0.551931500
160.0000	70.0000	50.0000	0.819707750
170.0000	70.0000	50.0000	0.549807670
180.0000	70.0000	50.0000	0.437753700
190.0000	70.0000	50.0000	0.629905400
200.0000	70.0000	50.0000	0.747243640
210.0000	70.0000	50.0000	0.567810800
220.0000	70.0000	50.0000	0.280203040
230.0000	70.0000	50.0000	0.222592520
240.0000	70.0000	50.0000	0.903085770
250.0000	70.0000	50.0000	2.085378200
260.0000	70.0000	50.0000	1.056979000
270.0000	70.0000	50.0000	0.609411840
280.0000	70.0000	50.0000	0.306713100
290.0000	70.0000	50.0000	0.276507680
300.0000	70.0000	50.0000	0.253692870
310.0000	70.0000	50.0000	0.152576160
320.0000	70.0000	50.0000	0.561737240
330.0000	70.0000	50.0000	1.639664300
340.0000	70.0000	50.0000	0.829389630
350.0000	70.0000	50.0000	0.612727640
360.0000	70.0000	50.0000	1.000000000
0.0000	80.0000	50.0000	0.655641800
10.0000	80.0000	50.0000	0.899695340
20.0000	80.0000	50.0000	2.202746600
30.0000	80.0000	50.0000	0.943190400
40.0000	80.0000	50.0000	0.360385900
50.0000	80.0000	50.0000	0.397149260
60.0000	80.0000	50.0000	1.104053600
70.0000	80.0000	50.0000	2.100026400
80.0000	80.0000	50.0000	3.301674600
90.0000	80.0000	50.0000	4.009969000
100.0000	80.0000	50.0000	3.863314000
110.0000	80.0000	50.0000	2.369794100
120.0000	80.0000	50.0000	1.231891200
130.0000	80.0000	50.0000	1.342999000
140.0000	80.0000	50.0000	0.436218650
150.0000	80.0000	50.0000	0.565430500
160.0000	80.0000	50.0000	1.916604800
170.0000	80.0000	50.0000	0.768926440
180.0000	80.0000	50.0000	0.683983860
190.0000	80.0000	50.0000	1.053286700
200.0000	80.0000	50.0000	0.631990130
210.0000	80.0000	50.0000	0.359209800
220.0000	80.0000	50.0000	0.265402260
230.0000	80.0000	50.0000	0.367680520
240.0000	80.0000	50.0000	1.130773100
250.0000	80.0000	50.0000	1.781007800
260.0000	80.0000	50.0000	1.484672900
270.0000	80.0000	50.0000	0.794291730
280.0000	80.0000	50.0000	0.574248970
290.0000	80.0000	50.0000	0.852435900
300.0000	80.0000	50.0000	0.750939400
310.0000	80.0000	50.0000	0.615302900
320.0000	80.0000	50.0000	0.569964500
330.0000	80.0000	50.0000	0.943598400
340.0000	80.0000	50.0000	1.320950400
350.0000	80.0000	50.0000	0.923553800
360.0000	80.0000	50.0000	1.000000000
0.0000	90.0000	50.0000	0.639323600
10.0000	90.0000	50.0000	0.737049800
20.0000	90.0000	50.0000	2.336722100
30.0000	90.0000	50.0000	0.834824560
40.0000	90.0000	50.0000	0.614173530
50.0000	90.0000	50.0000	1.423080600
60.0000	90.0000	50.0000	1.914076700
70.0000	90.0000	50.0000	4.648964400
80.0000	90.0000	50.0000	5.715722000
90.0000	90.0000	50.0000	6.569991600
100.0000	90.0000	50.0000	9.023203000
110.0000	90.0000	50.0000	6.307056400
120.0000	90.0000	50.0000	2.759921300
130.0000	90.0000	50.0000	2.892828700
140.0000	90.0000	50.0000	0.698951660
150.0000	90.0000	50.0000	0.637780300
160.0000	90.0000	50.0000	2.185380700
170.0000	90.0000	50.0000	0.600541900
180.0000	90.0000	50.0000	0.762240400
190.0000	90.0000	50.0000	1.477606900
200.0000	90.0000	50.0000	1.018833600
210.0000	90.0000	50.0000	0.477616970
220.0000	90.0000	50.0000	0.443429900
230.0000	90.0000	50.0000	0.852601900
240.0000	90.0000	50.0000	1.508422100
250.0000	90.0000	50.0000	2.433036300
260.0000	90.0000	50.0000	1.455201300
270.0000	90.0000	50.0000	1.060127900
280.0000	90.0000	50.0000	1.344838500
290.0000	90.0000	50.0000	2.878369600
300.0000	90.0000	50.0000	1.659323900
310.0000	90.0000	50.0000	1.649939700
320.0000	90.0000	50.0000	0.778459500
330.0000	90.0000	50.0000	0.712323000
340.0000	90.0000	50.0000	1.226363800
350.0000	90.0000	50.0000	0.781581700
360.0000	90.0000	50.0000	1.000000000
0.0000	0.0000	60.0000	1.000000000
10.0000	0.0000	60.0000	1.000000000
20.0000	0.0000	60.0000	1.000000000
30.0000	0.0000	60.0000	1.000000000
40.0000	0.0000	60.0000	1.000000000
50.0000	0.0000	60.0000	1.000000000
60.0000	0.0000	60.0000	1.000000000
70.0000	0.0000	60.0000	1.000000000
80.0000	0.0000	60.0000	1.000000000
90.0000	0.0000	60.0000	1.000000000
100.0000	0.0000	60.0000	1.000000000
110.0000	0.0000	60.0000	1.000000000
120.0000	0.0000	60.0000	1.000000000
130.0000	0.0000	60.0000	1.000000000
140.0000	0.0000	60.0000	1.000000000
150.0000	0.0000	60.0000	1.000000000
160.0000	0.0000	60.0000	1.000000000
170.0000	0.0000	60.0000	1.000000000
180.0000	0.0000	60.0000	1.000000000
190.0000	0.0000	60.0000	1.000000000
200.0000	0.0000	60.0000	1.000000000
210.0000	0.0000	60.0000	1.000000000
220.0000	0.0000	60.0000	1.000000000
230.0000	0.0000	60.0000	1.000000000
240.0000	0.0000	60.0000	1.000000000
250.0000	0.0000	60.0000	1.000000000
260.0000	0.0000	60.0000	1.000000000
270.0000	0.0000	60.0000	1.000000000
280.0000	0.0000	60.0000	1.000000000
290.0000	0.0000	60.0000	1.000000000
300.0000	0.0000	60.0000	1.000000000
310.0000	0.0000	60.0000	1.000000000
320.0000	0.0000	60.0000	1.000000000
330.0000	0.0000	60.0000	1.000000000
340.0000	0.0000	60.0000	1.000000000
350.0000	0.0000	60.0000	1.000000000
360.0000	0.0000	60.0000	1.000000000
0.0000	10.0000	60.0000	0.751852400
10.0000	10.0000	60.0000	3.194401500
20.0000	10.0000	60.0000	0.797111150
30.0000	10.0000	60.0000	0.094545215
40.0000	10.0000	60.0000	0.194374350
50.0000	10.0000	60.0000	0.527187900
60.0000	10.0000	60.0000	1.234607700
70.0000	10.0000	60.0000	2.342269400
80.0000	10.0000	60.0000	2.842867100
90.0000	10.0000	60.0000	0.499502100
100.0000	10.0000	60.0000	0.098982150
110.0000	10.0000	60.0000	0.084359950
120.0000	10.0000	60.0000	0.082135160
130.0000	10.0000	60.0000	0.111383770
140.0000	10.0000	60.0000	0.339475200
150.0000	10.0000	60.0000	0.871730100
160.0000	10.0000	60.0000	1.508364100
170.0000	10.0000	60.0000	1.395347400
180.0000	10.0000	60.0000	0.572090270
190.0000	10.0000	60.0000	1.069250600
200.0000	10.0000	60.0000	0.296980600
210.0000	10.0000	60.0000	0.088444330
220.0000	10.0000	60.0000	0.241745870
230.0000	10.0000	60.0000	0.977004050
240.0000	10.0000	60.0000	1.183387200
250.0000	10.0000	60.0000	0.905848440
260.0000	10.0000	60.0000	2.836248200
270.0000	10.0000	60.0000	1.163698900
280.0000	10.0000	60.0000	0.195581140
290.0000	10.0000	60.0000	0.176193500
300.0000	10.0000	60.0000	0.093681800
310.0000	10.0000	60.0000	0.140134510
320.0000	10.0000	60.0000	0.567445100
330.0000	10.0000	60.0000	0.741396670
340.0000	10.0000	60.0000	1.456562900
350.0000	10.0000	60.0000	1.721880100
360.0000	10.0000	60.0000	1.000000000
0.0000	20.0000	60.0000	1.732599100
10.0000	20.0000	60.0000	1.782494000
20.0000	20.0000	60.0000	0.177200590
30.0000	20.0000	60.0000	0.069117405
40.0000	20.0000	60.0000	0.281306330
50.0000	20.0000	60.0000	0.496275130
60.0000	20.0000	60.0000	1.127115700
70.0000	20.0000	60.0000	1.851803500
80.0000	20.0000	60.0000	0.394119800
90.0000	20.0000	60.0000	0.150103880
100.0000	20.0000	60.0000	0.183585180
110.0000	20.0000	60.0000	0.179597910
120.0000	20.0000	60.0000	0.195268510
130.0000	20.0000	60.0000	0.228139600
140.0000	20.0000	60.0000	0.505273000
150.0000	20.0000	60.0000	1.315718000
160.0000	20.0000	60.0000	0.926995300
170.0000	20.0000	60.0000	0.975877340
180.0000	20.0000	60.0000	0.939855800
190.0000	20.0000	60.0000	0.614674800
200.0000	20.0000	60.0000	0.227427880
210.0000	20.0000	60.0000	0.112774370
220.0000	20.0000	60.0000	0.258167560
230.0000	20.0000	60.0000	0.468405870
240.0000	20.0000	60.0000	0.692854000
250.0000	20.0000	60.0000	0.437139870
260.0000	20.0000	60.0000	0.249705500
270.0000	20.0000	60.0000	0.364441400
280.0000	20.0000	60.0000	0.439813080
290.0000	20.0000	60.0000	0.228573780
300.0000	20.0000	60.0000	0.185247330
310.0000	20.0000	60.0000	0.247227310
320.0000	20.0000	60.0000	0.501668630
330.0000	20.0000	60.0000	1.243528800
340.0000	20.0000	60.0000	1.185823900
350.0000	20.0000	60.0000	1.167759800
360.0000	20.0000	60.0000	1.000000000
0.0000	30.0000	60.0000	1.173451200
10.0000	30.0000	60.0000	0.791695300
20.0000	30.0000	60.0000	0.103594880
30.0000	30.0000	60.0000	0.072122170
40.0000	30.0000	60.0000	0.154537680
50.0000	30.0000	60.0000	0.336699750
60.0000	30.0000	60.0000	0.629222330
70.0000	30.0000	60.0000	1.091481300
80.0000	30.0000	60.0000	0.507885900
90.0000	30.0000	60.0000	0.267866080
100.0000	30.0000	60.0000	0.334862500
110.0000	30.0000	60.0000	0.347391600
120.0000	30.0000	60.0000	0.380958350
130.0000	30.0000	60.0000	0.344907580
140.0000	30.0000	60.0000	0.730398600
150.0000	30.0000	60.0000	1.173419700
160.0000	30.0000	60.0000	0.656074760
170.0000	30.0000	60.0000	0.979919850
180.0000	30.0000	60.0000	1.736464100
190.0000	30.0000	60.0000	1.532250900
200.0000	30.0000	60.0000	0.851206660
210.0000	30.0000	60.0000	0.421704740
220.0000	30.0000	60.0000	0.436055400
230.0000	30.0000	60.0000	0.454015000
240.0000	30.0000	60.0000	0.438846000
250.0000	30.0000	60.0000	0.349030820
260.0000	30.0000	60.0000	0.219833960
270.0000	30.0000	60.0000	0.288488950
280.0000	30.0000	60.0000	0.451622750
290.0000	30.0000	60.0000	0.181487080
300.0000	30.0000	60.0000	0.245637450
310.0000	30.0000	60.0000	0.306609960
320.0000	30.0000	60.0000	0.403734600
330.0000	30.0000	60.0000	0.740879060
340.0000	30.0000	60.0000	0.696756240
350.0000	30.0000	60.0000	0.771602200
360.0000	30.0000	60.0000	1.000000000
0.0000	40.0000	60.0000	1.033111200
10.0000	40.0000	60.0000	0.847393630
20.0000	40.0000	60.0000	0.372272820
30.0000	40.0000	60.0000	0.222750480
40.0000	40.0000	60.0000	0.248414380
50.0000	40.0000	60.0000	0.331798580
60.0000	40.0000	60.0000	0.249686930
70.0000	40.0000	60.0000	0.438302810
80.0000	40.0000	60.0000	1.407661400
90.0000	40.0000	60.0000	1.471045300
100.0000	40.0000	60.0000	0.865026240
110.0000	40.0000	60.0000	0.511984350
120.0000	40.0000	60.0000	0.522028450
130.0000	40.0000	60.0000	0.923645260
140.0000	40.0000	60.0000	1.628273700
150.0000	40.0000	60.0000	0.850579500
160.0000	40.0000	60.0000	0.335659060
170.0000	40.0000	60.0000	0.890390200
180.0000	40.0000	60.0000	2.212911800
190.0000	40.0000	60.0000	1.771713700
200.0000	40.0000	60.0000	1.767674000
210.0000	40.0000	60.0000	1.551974900
220.0000	40.0000	60.0000	0.920401300
230.0000	40.0000	60.0000	0.467660800
240.0000	40.0000	60.0000	0.222146590
250.0000	40.0000	60.0000	0.217768370
260.0000	40.0000	60.0000	0.441724930
270.0000	40.0000	60.0000	0.739339800
280.0000	40.0000	60.0000	0.550779760
290.0000	40.0000	60.0000	0.397965500
300.0000	40.0000	60.0000	0.487110260
310.0000	40.0000	60.0000	0.531227900
320.0000	40.0000	60.0000	0.417718860
330.0000	40.0000	60.0000	0.410216960
340.0000	40.0000	60.0000	0.341027470
350.0000	40.0000	60.0000	0.524800060
360.0000	40.0000	60.0000	1.000000000
0.0000	50.0000	60.0000	1.518796100
10.0000	50.0000	60.0000	1.295281800
20.0000	50.0000	60.0000	0.858928500
30.0000	50.0000	60.0000	0.866580100
40.0000	50.0000	60.0000	0.965842840
50.0000	50.0000	60.0000	0.409498000
60.0000	50.0000	60.0000	0.195083170
70.0000	50.0000	60.0000	0.425618260
80.0000	50.0000	60.0000	2.885139500
90.0000	50.0000	60.0000	2.395990800
100.0000	50.0000	60.0000	0.690558000
110.0000	50.0000	60.0000	0.481853540
120.0000	50.0000	60.0000	0.696711840
130.0000	50.0000	60.0000	1.485495700
140.0000	50.0000	60.0000	2.308588700
150.0000	50.0000	60.0000	0.445081620
160.0000	50.0000	60.0000	0.142218000
170.0000	50.0000	60.0000	0.477767620
180.0000	50.0000	60.0000	1.255876900
190.0000	50.0000	60.0000	0.922140600
200.0000	50.0000	60.0000	0.877217230
210.0000	50.0000	60.0000	1.390056300
220.0000	50.0000	60.0000	1.511033200
230.0000	50.0000	60.0000	0.632549760
240.0000	50.0000	60.0000	0.294594680
250.0000	50.0000	60.0000	0.307627620
260.0000	50.0000	60.0000	0.623910550
270.0000	50.0000	60.0000	1.002528300
280.0000	50.0000	60.0000	0.529968440
290.0000	50.0000	60.0000	0.444922330
300.0000	50.0000	60.0000	0.554437900
310.0000	50.0000	60.0000	0.613559370
320.0000	50.0000	60.0000	0.534741460
330.0000	50.0000	60.0000	0.278055880
340.0000	50.0000	60.0000	0.185000520
350.0000	50.0000	60.0000	0.339236700
360.0000	50.0000	60.0000	1.000000000
0.0000	60.0000	60.0000	1.178101500
10.0000	60.0000	60.0000	1.097854100
20.0000	60.0000	60.0000	1.809768400
30.0000	60.0000	60.0000	2.675613400
40.0000	60.0000	60.0000	1.162205500
50.0000	60.0000	60.0000	0.523831700
60.0000	60.0000	60.0000	0.722519000
70.0000	60.0000	60.0000	1.510742300
80.0000	60.0000	60.0000	2.583092200
90.0000	60.0000	60.0000	2.389774800
100.0000	60.0000	60.0000	0.496358000
110.0000	60.0000	60.0000	0.387085900
120.0000	60.0000	60.0000	0.333565700
130.0000	60.0000	60.0000	0.470855400
140.0000	60.0000	60.0000	0.820085470
150.0000	60.0000	60.0000	0.451999750
160.0000	60.0000	60.0000	0.172481860
170.0000	60.0000	60.0000	0.376879420
180.0000	60.0000	60.0000	0.406764100
190.0000	60.0000	60.0000	0.432248180
200.0000	60.0000	60.0000	0.656128300
210.0000	60.0000	60.0000	1.150498700
220.0000	60.0000	60.0000	1.176192400
230.0000	60.0000	60.0000	0.641801950
240.0000	60.0000	60.0000	0.758128900
250.0000	60.0000	60.0000	1.329415300
260.0000	60.0000	60.0000	0.818453600
270.0000	60.0000	60.0000	0.549034200
280.0000	60.0000	60.0000	0.292574320
290.0000	60.0000	60.0000	0.248902130
300.0000	60.0000	60.0000	0.340960000
310.0000	60.0000	60.0000	0.404861270
320.0000	60.0000	60.0000	0.575138700
330.0000	60.0000	60.0000	0.460360140
340.0000	60.0000	60.0000	0.178122070
350.0000	60.0000	60.0000	0.239767730
360.0000	60.0000	60.0000	1.000000000
0.0000	70.0000	60.0000	0.456473170
10.0000	70.0000	60.0000	0.491852050
20.0000	70.0000	60.0000	1.158013700
30.0000	70.0000	60.0000	2.329656100
40.0000	70.0000	60.0000	0.777664700
50.0000	70.0000	60.0000	0.655663500
60.0000	70.0000	60.0000	1.971496100
70.0000	70.0000	60.0000	2.443269700
80.0000	70.0000	60.0000	2.002660000
90.0000	70.0000	60.0000	1.049949200
100.0000	70.0000	60.0000	0.357816070
110.0000	70.0000	60.0000	0.472458120
120.0000	70.0000	60.0000	0.287999630
130.0000	70.0000	60.0000	0.282977580
140.0000	70.0000	60.0000	0.445569220
150.0000	70.0000	60.0000	0.449762430
160.0000	70.0000	60.0000	0.293513300
170.0000	70.0000	60.0000	0.286926200
180.0000	70.0000	60.0000	0.231771770
190.0000	70.0000	60.0000	0.414895680
200.0000	70.0000	60.0000	0.430826800
210.0000	70.0000	60.0000	0.825096130
220.0000	70.0000	60.0000	0.594937100
230.0000	70.0000	60.0000	0.428728430
240.0000	70.0000	60.0000	1.095490700
250.0000	70.0000	60.0000	1.928168400
260.0000	70.0000	60.0000	0.553321700
270.0000	70.0000	60.0000	0.155345560
280.0000	70.0000	60.0000	0.120368965
290.0000	70.0000	60.0000	0.252190400
300.0000	70.0000	60.0000	0.322651500
310.0000	70.0000	60.0000	0.431423840
320.0000	70.0000	60.0000	0.756809830
330.0000	70.0000	60.0000	0.728156900
340.0000	70.0000	60.0000	0.337073700
350.0000	70.0000	60.0000	0.351964680
360.0000	70.0000	60.0000	1.000000000
0.0000	80.0000	60.0000	0.275748500
10.0000	80.0000	60.0000	0.324861700
20.0000	80.0000	60.0000	0.483536100
30.0000	80.0000	60.0000	0.720709260
40.0000	80.0000	60.0000	0.350786860
50.0000	80.0000	60.0000	0.316721800
60.0000	80.0000	60.0000	1.456337200
70.0000	80.0000	60.0000	2.494861600
80.0000	80.0000	60.0000	3.046350200
90.0000	80.0000	60.0000	1.513517300
100.0000	80.0000	60.0000	0.893461400
110.0000	80.0000	60.0000	1.250967900
120.0000	80.0000	60.0000	0.818191050
130.0000	80.0000	60.0000	0.672958550
140.0000	80.0000	60.0000	0.382888880
150.0000	80.0000	60.0000	0.254412620
160.0000	80.0000	60.0000	0.374215840
170.0000	80.0000	60.0000	0.287639500
180.0000	80.0000	60.0000	0.220405920
190.0000	80.0000	60.0000	0.358555760
200.0000	80.0000	60.0000	0.238301900
210.0000	80.0000	60.0000	0.462282450
220.0000	80.0000	60.0000	0.458171800
230.0000	80.0000	60.0000	0.438030540
240.0000	80.0000	60.0000	1.188358400
250.0000	80.0000	60.0000	1.193137000
260.0000	80.0000	60.0000	0.460431600
270.0000	80.0000	60.0000	0.181871150
280.0000	80.0000	60.0000	0.217135970
290.0000	80.0000	60.0000	0.941687640
300.0000	80.0000	60.0000	0.912376100
310.0000	80.0000	60.0000	1.089973200
320.0000	80.0000	60.0000	1.164564300
330.0000	80.0000	60.0000	0.518948100
340.0000	80.0000	60.0000	0.392257270
350.0000	80.0000	60.0000	0.490674530
360.0000	80.0000	60.0000	1.000000000
0.0000	90.0000	60.0000	0.257646020
10.0000	90.0000	60.0000	0.303963330
20.0000	90.0000	60.0000	0.342111140
30.0000	90.0000	60.0000	0.332876830
40.0000	90.0000	60.0000	0.141900630
50.0000	90.0000	60.0000	0.188402900
60.0000	90.0000	60.0000	1.286780000
70.0000	90.0000	60.0000	2.711151800
80.0000	90.0000	60.0000	4.029322000
90.0000	90.0000	60.0000	2.673029200
100.0000	90.0000	60.0000	2.135005000
110.0000	90.0000	60.0000	2.317841000
120.0000	90.0000	60.0000	1.209943400
130.0000	90.0000	60.0000	0.953680160
140.0000	90.0000	60.0000	0.353907610
150.0000	90.0000	60.0000	0.211754710
160.0000	90.0000	60.0000	0.434230800
170.0000	90.0000	60.0000	0.360249520
180.0000	90.0000	60.0000	0.261778350
190.0000	90.0000	60.0000	0.267273130
200.0000	90.0000	60.0000	0.154773670
210.0000	90.0000	60.0000	0.343735550
220.0000	90.0000	60.0000	0.486020180
230.0000	90.0000	60.0000	0.789423600
240.0000	90.0000	60.0000	1.808497200
250.0000	90.0000	60.0000	0.968703270
260.0000	90.0000	60.0000	0.425235000
270.0000	90.0000	60.0000	0.303855780
280.0000	90.0000	60.0000	0.609639600
290.0000	90.0000	60.0000	2.743871000
300.0000	90.0000	60.0000	1.732760000
310.0000	90.0000	60.0000	1.663850200
320.0000	90.0000	60.0000	1.106554400
330.0000	90.0000	60.0000	0.336705450
340.0000	90.0000	60.0000	0.346076000
350.0000	90.0000	60.0000	0.444125030
360.0000	90.0000	60.0000	1.000000000
