0.0000	0.0000	0.0000	0.161508550
10.0000	0.0000	0.0000	0.399793540
20.0000	0.0000	0.0000	1.872308100
30.0000	0.0000	0.0000	1.531679600
40.0000	0.0000	0.0000	0.721319700
50.0000	0.0000	0.0000	0.741262850
60.0000	0.0000	0.0000	1.005050800
70.0000	0.0000	0.0000	1.335290800
80.0000	0.0000	0.0000	0.295293240
90.0000	0.0000	0.0000	0.242582440
100.0000	0.0000	0.0000	0.642847700
110.0000	0.0000	0.0000	2.384847900
120.0000	0.0000	0.0000	3.745676800
130.0000	0.0000	0.0000	3.831932500
140.0000	0.0000	0.0000	3.930351000
150.0000	0.0000	0.0000	3.486227300
160.0000	0.0000	0.0000	1.729187400
170.0000	0.0000	0.0000	0.352761750
180.0000	0.0000	0.0000	0.167275940
190.0000	0.0000	0.0000	0.358845950
200.0000	0.0000	0.0000	1.980006200
210.0000	0.0000	0.0000	0.868112900
220.0000	0.0000	0.0000	0.440756230
230.0000	0.0000	0.0000	0.464093030
240.0000	0.0000	0.0000	0.726474940
250.0000	0.0000	0.0000	0.835474200
260.0000	0.0000	0.0000	0.168975070
270.0000	0.0000	0.0000	0.121623404
280.0000	0.0000	0.0000	0.287761180
290.0000	0.0000	0.0000	1.340843700
300.0000	0.0000	0.0000	2.491194000
310.0000	0.0000	0.0000	2.070763600
320.0000	0.0000	0.0000	2.302350800
330.0000	0.0000	0.0000	2.614036300
340.0000	0.0000	0.0000	1.113969100
350.0000	0.0000	0.0000	0.269087260
360.0000	0.0000	0.0000	1.000000000
0.0000	10.0000	0.0000	0.208725800
10.0000	10.0000	0.0000	1.449259900
20.0000	10.0000	0.0000	6.069709000
30.0000	10.0000	0.0000	0.554074350
40.0000	10.0000	0.0000	1.676831800
50.0000	10.0000	0.0000	3.370001800
60.0000	10.0000	0.0000	0.971313300
70.0000	10.0000	0.0000	1.996696000
80.0000	10.0000	0.0000	0.421855480
90.0000	10.0000	0.0000	0.405112180
100.0000	10.0000	0.0000	1.707275000
110.0000	10.0000	0.0000	3.996413200
120.0000	10.0000	0.0000	3.299881500
130.0000	10.0000	0.0000	3.224056000
140.0000	10.0000	0.0000	4.700750000
150.0000	10.0000	0.0000	6.528126700
160.0000	10.0000	0.0000	2.862753000
170.0000	10.0000	0.0000	0.627508900
180.0000	10.0000	0.0000	0.201095150
190.0000	10.0000	0.0000	1.928387600
200.0000	10.0000	0.0000	1.354776600
210.0000	10.0000	0.0000	0.355600900
220.0000	10.0000	0.0000	0.509739000
230.0000	10.0000	0.0000	1.305665300
240.0000	10.0000	0.0000	1.192595500
250.0000	10.0000	0.0000	1.518141500
260.0000	10.0000	0.0000	0.663414700
270.0000	10.0000	0.0000	0.533079300
280.0000	10.0000	0.0000	1.517854900
290.0000	10.0000	0.0000	2.847006600
300.0000	10.0000	0.0000	3.475217800
310.0000	10.0000	0.0000	4.084208500
320.0000	10.0000	0.0000	3.185548500
330.0000	10.0000	0.0000	2.815903400
340.0000	10.0000	0.0000	1.742501100
350.0000	10.0000	0.0000	0.641948700
360.0000	10.0000	0.0000	1.000000000
0.0000	20.0000	0.0000	0.327056970
10.0000	20.0000	0.0000	0.948334040
20.0000	20.0000	0.0000	3.056764400
30.0000	20.0000	0.0000	1.628001700
40.0000	20.0000	0.0000	1.571855800
50.0000	20.0000	0.0000	1.352250800
60.0000	20.0000	0.0000	0.108476385
70.0000	20.0000	0.0000	0.139460770
80.0000	20.0000	0.0000	0.152666360
90.0000	20.0000	0.0000	0.236640830
100.0000	20.0000	0.0000	1.091318200
110.0000	20.0000	0.0000	1.066574300
120.0000	20.0000	0.0000	1.103039300
130.0000	20.0000	0.0000	1.201426900
140.0000	20.0000	0.0000	0.447452250
150.0000	20.0000	0.0000	1.049543900
160.0000	20.0000	0.0000	2.240552400
170.0000	20.0000	0.0000	0.632395860
180.0000	20.0000	0.0000	0.315084800
190.0000	20.0000	0.0000	0.585004450
200.0000	20.0000	0.0000	0.985322100
210.0000	20.0000	0.0000	0.617713450
220.0000	20.0000	0.0000	0.267698300
230.0000	20.0000	0.0000	0.495381950
240.0000	20.0000	0.0000	0.317779180
250.0000	20.0000	0.0000	0.156246890
260.0000	20.0000	0.0000	0.143564950
270.0000	20.0000	0.0000	0.429497630
280.0000	20.0000	0.0000	1.104636100
290.0000	20.0000	0.0000	0.581734300
300.0000	20.0000	0.0000	1.655883200
310.0000	20.0000	0.0000	6.506732000
320.0000	20.0000	0.0000	1.088445700
330.0000	20.0000	0.0000	0.722519040
340.0000	20.0000	0.0000	0.759847000
350.0000	20.0000	0.0000	0.394125000
360.0000	20.0000	0.0000	1.000000000
0.0000	30.0000	0.0000	0.841119350
10.0000	30.0000	0.0000	1.524000500
20.0000	30.0000	0.0000	3.061660500
30.0000	30.0000	0.0000	1.736679900
40.0000	30.0000	0.0000	0.610063200
50.0000	30.0000	0.0000	0.212140110
60.0000	30.0000	0.0000	0.077272980
70.0000	30.0000	0.0000	0.110640240
80.0000	30.0000	0.0000	0.154308200
90.0000	30.0000	0.0000	0.261205900
100.0000	30.0000	0.0000	0.763235700
110.0000	30.0000	0.0000	0.251119350
120.0000	30.0000	0.0000	0.241046650
130.0000	30.0000	0.0000	0.865618650
140.0000	30.0000	0.0000	1.607335100
150.0000	30.0000	0.0000	3.326207600
160.0000	30.0000	0.0000	8.334028000
170.0000	30.0000	0.0000	2.377493400
180.0000	30.0000	0.0000	1.692558300
190.0000	30.0000	0.0000	2.098783500
200.0000	30.0000	0.0000	1.183544500
210.0000	30.0000	0.0000	0.442705570
220.0000	30.0000	0.0000	0.181836350
230.0000	30.0000	0.0000	0.117242960
240.0000	30.0000	0.0000	0.193247500
250.0000	30.0000	0.0000	0.166787240
260.0000	30.0000	0.0000	0.082427030
270.0000	30.0000	0.0000	0.196186540
280.0000	30.0000	0.0000	0.437115880
290.0000	30.0000	0.0000	0.175117210
300.0000	30.0000	0.0000	0.352204800
310.0000	30.0000	0.0000	0.754899560
320.0000	30.0000	0.0000	0.552846250
330.0000	30.0000	0.0000	1.068893800
340.0000	30.0000	0.0000	2.225419500
350.0000	30.0000	0.0000	0.991174300
360.0000	30.0000	0.0000	1.000000000
0.0000	40.0000	0.0000	3.657127000
10.0000	40.0000	0.0000	6.123669000
20.0000	40.0000	0.0000	4.797919000
30.0000	40.0000	0.0000	2.735772400
40.0000	40.0000	0.0000	4.112109000
50.0000	40.0000	0.0000	0.743159350
60.0000	40.0000	0.0000	1.223897000
70.0000	40.0000	0.0000	3.814091400
80.0000	40.0000	0.0000	1.068905500
90.0000	40.0000	0.0000	0.850031200
100.0000	40.0000	0.0000	1.234880600
110.0000	40.0000	0.0000	0.536350200
120.0000	40.0000	0.0000	0.390102400
130.0000	40.0000	0.0000	0.983116600
140.0000	40.0000	0.0000	2.721836300
150.0000	40.0000	0.0000	3.506524300
160.0000	40.0000	0.0000	5.944534000
170.0000	40.0000	0.0000	3.669991500
180.0000	40.0000	0.0000	4.065713400
190.0000	40.0000	0.0000	5.428191700
200.0000	40.0000	0.0000	1.383255600
210.0000	40.0000	0.0000	0.711443540
220.0000	40.0000	0.0000	1.200316400
230.0000	40.0000	0.0000	0.478081320
240.0000	40.0000	0.0000	0.778278200
250.0000	40.0000	0.0000	2.023744000
260.0000	40.0000	0.0000	0.506812330
270.0000	40.0000	0.0000	0.478622440
280.0000	40.0000	0.0000	1.035226700
290.0000	40.0000	0.0000	1.476001400
300.0000	40.0000	0.0000	0.926114440
310.0000	40.0000	0.0000	1.137357100
320.0000	40.0000	0.0000	2.037987500
330.0000	40.0000	0.0000	3.132067200
340.0000	40.0000	0.0000	5.706807000
350.0000	40.0000	0.0000	3.905851000
360.0000	40.0000	0.0000	1.000000000
0.0000	50.0000	0.0000	10.572075000
10.0000	50.0000	0.0000	13.164541000
20.0000	50.0000	0.0000	4.537422000
30.0000	50.0000	0.0000	2.407559400
40.0000	50.0000	0.0000	1.632257800
50.0000	50.0000	0.0000	0.453860580
60.0000	50.0000	0.0000	0.618297460
70.0000	50.0000	0.0000	1.519178600
80.0000	50.0000	0.0000	0.585976100
90.0000	50.0000	0.0000	0.719314600
100.0000	50.0000	0.0000	1.334284100
110.0000	50.0000	0.0000	1.003198000
120.0000	50.0000	0.0000	0.462227600
130.0000	50.0000	0.0000	0.501473000
140.0000	50.0000	0.0000	1.538748400
150.0000	50.0000	0.0000	1.976360300
160.0000	50.0000	0.0000	2.626264000
170.0000	50.0000	0.0000	1.567016100
180.0000	50.0000	0.0000	1.598022900
190.0000	50.0000	0.0000	2.767031000
200.0000	50.0000	0.0000	2.441940300
210.0000	50.0000	0.0000	2.774908500
220.0000	50.0000	0.0000	3.484180200
230.0000	50.0000	0.0000	0.742897750
240.0000	50.0000	0.0000	0.512270750
250.0000	50.0000	0.0000	0.628153150
260.0000	50.0000	0.0000	0.344525040
270.0000	50.0000	0.0000	0.692128800
280.0000	50.0000	0.0000	2.778322200
290.0000	50.0000	0.0000	3.000100900
300.0000	50.0000	0.0000	0.719540360
310.0000	50.0000	0.0000	0.794037800
320.0000	50.0000	0.0000	2.751338000
330.0000	50.0000	0.0000	3.199195600
340.0000	50.0000	0.0000	5.810915000
350.0000	50.0000	0.0000	6.585322400
360.0000	50.0000	0.0000	1.000000000
0.0000	60.0000	0.0000	4.216534000
10.0000	60.0000	0.0000	3.820237200
20.0000	60.0000	0.0000	2.072994000
30.0000	60.0000	0.0000	0.934752000
40.0000	60.0000	0.0000	0.415513070
50.0000	60.0000	0.0000	0.208182690
60.0000	60.0000	0.0000	0.188900190
70.0000	60.0000	0.0000	0.488347600
80.0000	60.0000	0.0000	0.292700170
90.0000	60.0000	0.0000	0.229097140
100.0000	60.0000	0.0000	0.303383470
110.0000	60.0000	0.0000	0.195021610
120.0000	60.0000	0.0000	0.333919080
130.0000	60.0000	0.0000	0.357149200
140.0000	60.0000	0.0000	0.850927050
150.0000	60.0000	0.0000	1.761058900
160.0000	60.0000	0.0000	0.970875600
170.0000	60.0000	0.0000	0.414175150
180.0000	60.0000	0.0000	0.380023180
190.0000	60.0000	0.0000	1.328902100
200.0000	60.0000	0.0000	3.423209400
210.0000	60.0000	0.0000	2.365935600
220.0000	60.0000	0.0000	2.996544000
230.0000	60.0000	0.0000	0.993851540
240.0000	60.0000	0.0000	0.182179810
250.0000	60.0000	0.0000	0.211795930
260.0000	60.0000	0.0000	0.206780820
270.0000	60.0000	0.0000	0.310851660
280.0000	60.0000	0.0000	0.715395800
290.0000	60.0000	0.0000	0.385310230
300.0000	60.0000	0.0000	0.215758670
310.0000	60.0000	0.0000	0.089705370
320.0000	60.0000	0.0000	0.252614140
330.0000	60.0000	0.0000	1.576672100
340.0000	60.0000	0.0000	3.765824300
350.0000	60.0000	0.0000	4.923051000
360.0000	60.0000	0.0000	1.000000000
0.0000	70.0000	0.0000	0.387277330
10.0000	70.0000	0.0000	0.465014160
20.0000	70.0000	0.0000	1.104456200
30.0000	70.0000	0.0000	0.946625300
40.0000	70.0000	0.0000	0.484100280
50.0000	70.0000	0.0000	0.468786360
60.0000	70.0000	0.0000	0.357832820
70.0000	70.0000	0.0000	0.496617560
80.0000	70.0000	0.0000	0.274896740
90.0000	70.0000	0.0000	0.201338320
100.0000	70.0000	0.0000	0.225702200
110.0000	70.0000	0.0000	0.222025960
120.0000	70.0000	0.0000	0.832246900
130.0000	70.0000	0.0000	0.781840000
140.0000	70.0000	0.0000	0.883424300
150.0000	70.0000	0.0000	1.876481200
160.0000	70.0000	0.0000	1.730123800
170.0000	70.0000	0.0000	0.354675470
180.0000	70.0000	0.0000	0.234604870
190.0000	70.0000	0.0000	0.946227550
200.0000	70.0000	0.0000	2.559801000
210.0000	70.0000	0.0000	1.515109100
220.0000	70.0000	0.0000	4.367082000
230.0000	70.0000	0.0000	4.208747400
240.0000	70.0000	0.0000	0.256772600
250.0000	70.0000	0.0000	0.216125560
260.0000	70.0000	0.0000	0.212343450
270.0000	70.0000	0.0000	0.260086980
280.0000	70.0000	0.0000	0.291856600
290.0000	70.0000	0.0000	0.258377200
300.0000	70.0000	0.0000	0.640584900
310.0000	70.0000	0.0000	0.374627320
320.0000	70.0000	0.0000	0.392338340
330.0000	70.0000	0.0000	1.819667100
340.0000	70.0000	0.0000	2.750114400
350.0000	70.0000	0.0000	1.365425700
360.0000	70.0000	0.0000	1.000000000
0.0000	80.0000	0.0000	0.108734820
10.0000	80.0000	0.0000	0.169129150
20.0000	80.0000	0.0000	1.294432000
30.0000	80.0000	0.0000	2.566144000
40.0000	80.0000	0.0000	1.338768100
50.0000	80.0000	0.0000	1.164451800
60.0000	80.0000	0.0000	0.950531500
70.0000	80.0000	0.0000	0.557537400
80.0000	80.0000	0.0000	0.188652290
90.0000	80.0000	0.0000	0.162046610
100.0000	80.0000	0.0000	0.380539770
110.0000	80.0000	0.0000	1.118148200
120.0000	80.0000	0.0000	2.000564600
130.0000	80.0000	0.0000	2.186368000
140.0000	80.0000	0.0000	2.185283400
150.0000	80.0000	0.0000	2.542454200
160.0000	80.0000	0.0000	3.435446300
170.0000	80.0000	0.0000	0.428450470
180.0000	80.0000	0.0000	0.205317210
190.0000	80.0000	0.0000	0.793379900
200.0000	80.0000	0.0000	2.405878300
210.0000	80.0000	0.0000	3.317264300
220.0000	80.0000	0.0000	4.584562300
230.0000	80.0000	0.0000	3.563897000
240.0000	80.0000	0.0000	0.786583500
250.0000	80.0000	0.0000	0.464094820
260.0000	80.0000	0.0000	0.171291630
270.0000	80.0000	0.0000	0.183338630
280.0000	80.0000	0.0000	0.338923480
290.0000	80.0000	0.0000	0.786774160
300.0000	80.0000	0.0000	1.544847000
310.0000	80.0000	0.0000	0.907587700
320.0000	80.0000	0.0000	0.753466840
330.0000	80.0000	0.0000	1.666397700
340.0000	80.0000	0.0000	1.986938100
350.0000	80.0000	0.0000	0.575754300
360.0000	80.0000	0.0000	1.000000000
0.0000	90.0000	0.0000	0.115705310
10.0000	90.0000	0.0000	0.138924080
20.0000	90.0000	0.0000	1.420304400
30.0000	90.0000	0.0000	3.744289900
40.0000	90.0000	0.0000	2.355921500
50.0000	90.0000	0.0000	2.744916400
60.0000	90.0000	0.0000	3.033856600
70.0000	90.0000	0.0000	1.215993000
80.0000	90.0000	0.0000	0.297458440
90.0000	90.0000	0.0000	0.199043500
100.0000	90.0000	0.0000	0.577142800
110.0000	90.0000	0.0000	3.529466900
120.0000	90.0000	0.0000	2.459570000
130.0000	90.0000	0.0000	2.819723000
140.0000	90.0000	0.0000	3.346968400
150.0000	90.0000	0.0000	3.085577700
160.0000	90.0000	0.0000	3.252970000
170.0000	90.0000	0.0000	0.245868740
180.0000	90.0000	0.0000	0.197203890
190.0000	90.0000	0.0000	0.752790800
200.0000	90.0000	0.0000	3.173812400
210.0000	90.0000	0.0000	4.954710000
220.0000	90.0000	0.0000	4.055674600
230.0000	90.0000	0.0000	4.318613500
240.0000	90.0000	0.0000	3.282475200
250.0000	90.0000	0.0000	1.975732400
260.0000	90.0000	0.0000	0.363447500
270.0000	90.0000	0.0000	0.202083080
280.0000	90.0000	0.0000	0.534654500
290.0000	90.0000	0.0000	3.174074600
300.0000	90.0000	0.0000	1.620163100
310.0000	90.0000	0.0000	0.847052160
320.0000	90.0000	0.0000	0.906823700
330.0000	90.0000	0.0000	1.561977700
340.0000	90.0000	0.0000	1.309037200
350.0000	90.0000	0.0000	0.457079080
360.0000	90.0000	0.0000	1.000000000
0.0000	0.0000	10.0000	1.000000000
10.0000	0.0000	10.0000	1.000000000
20.0000	0.0000	10.0000	1.000000000
30.0000	0.0000	10.0000	1.000000000
40.0000	0.0000	10.0000	1.000000000
50.0000	0.0000	10.0000	1.000000000
60.0000	0.0000	10.0000	1.000000000
70.0000	0.0000	10.0000	1.000000000
80.0000	0.0000	10.0000	1.000000000
90.0000	0.0000	10.0000	1.000000000
100.0000	0.0000	10.0000	1.000000000
110.0000	0.0000	10.0000	1.000000000
120.0000	0.0000	10.0000	1.000000000
130.0000	0.0000	10.0000	1.000000000
140.0000	0.0000	10.0000	1.000000000
150.0000	0.0000	10.0000	1.000000000
160.0000	0.0000	10.0000	1.000000000
170.0000	0.0000	10.0000	1.000000000
180.0000	0.0000	10.0000	1.000000000
190.0000	0.0000	10.0000	1.000000000
200.0000	0.0000	10.0000	1.000000000
210.0000	0.0000	10.0000	1.000000000
220.0000	0.0000	10.0000	1.000000000
230.0000	0.0000	10.0000	1.000000000
240.0000	0.0000	10.0000	1.000000000
250.0000	0.0000	10.0000	1.000000000
260.0000	0.0000	10.0000	1.000000000
270.0000	0.0000	10.0000	1.000000000
280.0000	0.0000	10.0000	1.000000000
290.0000	0.0000	10.0000	1.000000000
300.0000	0.0000	10.0000	1.000000000
310.0000	0.0000	10.0000	1.000000000
320.0000	0.0000	10.0000	1.000000000
330.0000	0.0000	10.0000	1.000000000
340.0000	0.0000	10.0000	1.000000000
350.0000	0.0000	10.0000	1.000000000
360.0000	0.0000	10.0000	1.000000000
0.0000	10.0000	10.0000	0.670150900
10.0000	10.0000	10.0000	4.125122500
20.0000	10.0000	10.0000	6.557583300
30.0000	10.0000	10.0000	1.404306400
40.0000	10.0000	10.0000	1.887287500
50.0000	10.0000	10.0000	1.454510800
60.0000	10.0000	10.0000	0.237668350
70.0000	10.0000	10.0000	0.491401800
80.0000	10.0000	10.0000	0.313540040
90.0000	10.0000	10.0000	0.335131400
100.0000	10.0000	10.0000	1.771260000
110.0000	10.0000	10.0000	1.815734700
120.0000	10.0000	10.0000	1.962078900
130.0000	10.0000	10.0000	2.646198000
140.0000	10.0000	10.0000	3.511144400
150.0000	10.0000	10.0000	2.873273000
160.0000	10.0000	10.0000	1.280976700
170.0000	10.0000	10.0000	0.718144500
180.0000	10.0000	10.0000	0.820913850
190.0000	10.0000	10.0000	3.518751000
200.0000	10.0000	10.0000	1.578327000
210.0000	10.0000	10.0000	0.502245300
220.0000	10.0000	10.0000	0.678840300
230.0000	10.0000	10.0000	1.235061200
240.0000	10.0000	10.0000	0.359686520
250.0000	10.0000	10.0000	0.351143900
260.0000	10.0000	10.0000	0.508013600
270.0000	10.0000	10.0000	0.676446860
280.0000	10.0000	10.0000	2.731659200
290.0000	10.0000	10.0000	1.985171200
300.0000	10.0000	10.0000	2.455696000
310.0000	10.0000	10.0000	5.091065000
320.0000	10.0000	10.0000	3.217053400
330.0000	10.0000	10.0000	1.502117200
340.0000	10.0000	10.0000	1.057079000
350.0000	10.0000	10.0000	0.663831350
360.0000	10.0000	10.0000	1.000000000
0.0000	20.0000	10.0000	0.791928000
10.0000	20.0000	10.0000	2.915898000
20.0000	20.0000	10.0000	3.165948400
30.0000	20.0000	10.0000	1.495417400
40.0000	20.0000	10.0000	1.907456200
50.0000	20.0000	10.0000	1.689758700
60.0000	20.0000	10.0000	0.139345900
70.0000	20.0000	10.0000	0.120880306
80.0000	20.0000	10.0000	0.162257050
90.0000	20.0000	10.0000	0.142237700
100.0000	20.0000	10.0000	0.864746450
110.0000	20.0000	10.0000	0.710557040
120.0000	20.0000	10.0000	0.596255000
130.0000	20.0000	10.0000	0.894513960
140.0000	20.0000	10.0000	1.031097900
150.0000	20.0000	10.0000	1.650208700
160.0000	20.0000	10.0000	0.893071100
170.0000	20.0000	10.0000	0.650586250
180.0000	20.0000	10.0000	0.777924300
190.0000	20.0000	10.0000	1.348900800
200.0000	20.0000	10.0000	1.017683300
210.0000	20.0000	10.0000	0.379558100
220.0000	20.0000	10.0000	0.442112700
230.0000	20.0000	10.0000	0.861638670
240.0000	20.0000	10.0000	0.228277740
250.0000	20.0000	10.0000	0.155579550
260.0000	20.0000	10.0000	0.470232520
270.0000	20.0000	10.0000	0.617435460
280.0000	20.0000	10.0000	1.725549900
290.0000	20.0000	10.0000	1.405482500
300.0000	20.0000	10.0000	2.718271700
310.0000	20.0000	10.0000	2.579609600
320.0000	20.0000	10.0000	1.401608300
330.0000	20.0000	10.0000	1.488927100
340.0000	20.0000	10.0000	0.540103600
350.0000	20.0000	10.0000	0.331260170
360.0000	20.0000	10.0000	1.000000000
0.0000	30.0000	10.0000	0.990037600
10.0000	30.0000	10.0000	1.609821000
20.0000	30.0000	10.0000	1.243686000
30.0000	30.0000	10.0000	0.760214030
40.0000	30.0000	10.0000	0.607970360
50.0000	30.0000	10.0000	0.379526600
60.0000	30.0000	10.0000	0.190228950
70.0000	30.0000	10.0000	0.141093920
80.0000	30.0000	10.0000	0.224892880
90.0000	30.0000	10.0000	0.518306600
100.0000	30.0000	10.0000	1.345704100
110.0000	30.0000	10.0000	0.455996200
120.0000	30.0000	10.0000	0.356657680
130.0000	30.0000	10.0000	0.891045500
140.0000	30.0000	10.0000	1.174839300
150.0000	30.0000	10.0000	2.092254400
160.0000	30.0000	10.0000	1.763253000
170.0000	30.0000	10.0000	1.610216600
180.0000	30.0000	10.0000	2.070701800
190.0000	30.0000	10.0000	1.934940200
200.0000	30.0000	10.0000	0.480116780
210.0000	30.0000	10.0000	0.261330660
220.0000	30.0000	10.0000	0.307667430
230.0000	30.0000	10.0000	0.302967670
240.0000	30.0000	10.0000	0.273831280
250.0000	30.0000	10.0000	0.228764880
260.0000	30.0000	10.0000	0.203105430
270.0000	30.0000	10.0000	0.258637670
280.0000	30.0000	10.0000	0.391442150
290.0000	30.0000	10.0000	0.306085320
300.0000	30.0000	10.0000	0.499374060
310.0000	30.0000	10.0000	0.822150770
320.0000	30.0000	10.0000	1.204659600
330.0000	30.0000	10.0000	1.730348200
340.0000	30.0000	10.0000	0.577314100
350.0000	30.0000	10.0000	0.290078220
360.0000	30.0000	10.0000	1.000000000
0.0000	40.0000	10.0000	2.779137800
10.0000	40.0000	10.0000	3.219675000
20.0000	40.0000	10.0000	1.717942000
30.0000	40.0000	10.0000	0.902450200
40.0000	40.0000	10.0000	0.522887950
50.0000	40.0000	10.0000	0.543811140
60.0000	40.0000	10.0000	1.211385600
70.0000	40.0000	10.0000	0.897912400
80.0000	40.0000	10.0000	1.039879400
90.0000	40.0000	10.0000	2.996858400
100.0000	40.0000	10.0000	2.622678300
110.0000	40.0000	10.0000	0.524337950
120.0000	40.0000	10.0000	0.345484940
130.0000	40.0000	10.0000	0.770015360
140.0000	40.0000	10.0000	1.241008500
150.0000	40.0000	10.0000	1.948522800
160.0000	40.0000	10.0000	2.921650400
170.0000	40.0000	10.0000	2.838828800
180.0000	40.0000	10.0000	3.192897000
190.0000	40.0000	10.0000	2.521273600
200.0000	40.0000	10.0000	0.587326900
210.0000	40.0000	10.0000	0.362093300
220.0000	40.0000	10.0000	0.520849800
230.0000	40.0000	10.0000	0.414165000
240.0000	40.0000	10.0000	0.498417230
250.0000	40.0000	10.0000	0.591821000
260.0000	40.0000	10.0000	0.581318900
270.0000	40.0000	10.0000	1.142748800
280.0000	40.0000	10.0000	1.526275300
290.0000	40.0000	10.0000	0.701288900
300.0000	40.0000	10.0000	0.699371900
310.0000	40.0000	10.0000	1.584915400
320.0000	40.0000	10.0000	2.172997200
330.0000	40.0000	10.0000	2.169069800
340.0000	40.0000	10.0000	1.496626100
350.0000	40.0000	10.0000	1.110717200
360.0000	40.0000	10.0000	1.000000000
0.0000	50.0000	10.0000	6.726079500
10.0000	50.0000	10.0000	5.873740700
20.0000	50.0000	10.0000	2.055554200
30.0000	50.0000	10.0000	2.138452300
40.0000	50.0000	10.0000	0.896289500
50.0000	50.0000	10.0000	0.500554560
60.0000	50.0000	10.0000	1.181010600
70.0000	50.0000	10.0000	1.046111100
80.0000	50.0000	10.0000	0.709038800
90.0000	50.0000	10.0000	1.448543000
100.0000	50.0000	10.0000	1.089605500
110.0000	50.0000	10.0000	0.400597400
120.0000	50.0000	10.0000	0.264064160
130.0000	50.0000	10.0000	0.331866000
140.0000	50.0000	10.0000	1.025176200
150.0000	50.0000	10.0000	1.720306000
160.0000	50.0000	10.0000	2.188511400
170.0000	50.0000	10.0000	1.383050900
180.0000	50.0000	10.0000	1.116997800
190.0000	50.0000	10.0000	1.291469100
200.0000	50.0000	10.0000	0.809909400
210.0000	50.0000	10.0000	0.839735570
220.0000	50.0000	10.0000	1.053019800
230.0000	50.0000	10.0000	0.861323400
240.0000	50.0000	10.0000	0.986450300
250.0000	50.0000	10.0000	0.795388500
260.0000	50.0000	10.0000	0.539069700
270.0000	50.0000	10.0000	1.416069000
280.0000	50.0000	10.0000	2.999961100
290.0000	50.0000	10.0000	1.158318300
300.0000	50.0000	10.0000	0.439315740
310.0000	50.0000	10.0000	0.452280250
320.0000	50.0000	10.0000	1.058104800
330.0000	50.0000	10.0000	1.589516500
340.0000	50.0000	10.0000	2.418449900
350.0000	50.0000	10.0000	3.782815700
360.0000	50.0000	10.0000	1.000000000
0.0000	60.0000	10.0000	2.662186400
10.0000	60.0000	10.0000	2.344995500
20.0000	60.0000	10.0000	1.358041200
30.0000	60.0000	10.0000	1.039461700
40.0000	60.0000	10.0000	0.486570920
50.0000	60.0000	10.0000	0.228451420
60.0000	60.0000	10.0000	0.209845230
70.0000	60.0000	10.0000	0.404388760
80.0000	60.0000	10.0000	0.257289100
90.0000	60.0000	10.0000	0.267115900
100.0000	60.0000	10.0000	0.260838750
110.0000	60.0000	10.0000	0.215491760
120.0000	60.0000	10.0000	0.424943860
130.0000	60.0000	10.0000	0.357740970
140.0000	60.0000	10.0000	0.800933800
150.0000	60.0000	10.0000	1.438124100
160.0000	60.0000	10.0000	0.863351460
170.0000	60.0000	10.0000	0.311802570
180.0000	60.0000	10.0000	0.239429850
190.0000	60.0000	10.0000	0.690524040
200.0000	60.0000	10.0000	1.080864900
210.0000	60.0000	10.0000	1.055823400
220.0000	60.0000	10.0000	1.936955600
230.0000	60.0000	10.0000	0.902958040
240.0000	60.0000	10.0000	0.232928870
250.0000	60.0000	10.0000	0.277787540
260.0000	60.0000	10.0000	0.231756090
270.0000	60.0000	10.0000	0.379464950
280.0000	60.0000	10.0000	0.810130830
290.0000	60.0000	10.0000	0.505350200
300.0000	60.0000	10.0000	0.430459860
310.0000	60.0000	10.0000	0.209517260
320.0000	60.0000	10.0000	0.484537070
330.0000	60.0000	10.0000	2.136380200
340.0000	60.0000	10.0000	2.883062800
350.0000	60.0000	10.0000	3.072564000
360.0000	60.0000	10.0000	1.000000000
0.0000	70.0000	10.0000	0.299703420
10.0000	70.0000	10.0000	0.409930560
20.0000	70.0000	10.0000	0.667383100
30.0000	70.0000	10.0000	0.633567040
40.0000	70.0000	10.0000	0.647001740
50.0000	70.0000	10.0000	0.455766230
60.0000	70.0000	10.0000	0.246644930
70.0000	70.0000	10.0000	0.383630870
80.0000	70.0000	10.0000	0.233813290
90.0000	70.0000	10.0000	0.164730470
100.0000	70.0000	10.0000	0.187420670
110.0000	70.0000	10.0000	0.308792980
120.0000	70.0000	10.0000	0.857773900
130.0000	70.0000	10.0000	0.694386300
140.0000	70.0000	10.0000	0.854198400
150.0000	70.0000	10.0000	1.551762300
160.0000	70.0000	10.0000	0.848319050
170.0000	70.0000	10.0000	0.174558880
180.0000	70.0000	10.0000	0.133280190
190.0000	70.0000	10.0000	0.480194930
200.0000	70.0000	10.0000	0.942680060
210.0000	70.0000	10.0000	1.094263300
220.0000	70.0000	10.0000	3.621353900
230.0000	70.0000	10.0000	1.684766200
240.0000	70.0000	10.0000	0.145532250
250.0000	70.0000	10.0000	0.185137780
260.0000	70.0000	10.0000	0.194009940
270.0000	70.0000	10.0000	0.147925910
280.0000	70.0000	10.0000	0.224814410
290.0000	70.0000	10.0000	0.466691430
300.0000	70.0000	10.0000	1.017370200
310.0000	70.0000	10.0000	0.380930160
320.0000	70.0000	10.0000	0.534610150
330.0000	70.0000	10.0000	2.053214800
340.0000	70.0000	10.0000	1.468541000
350.0000	70.0000	10.0000	0.542220350
360.0000	70.0000	10.0000	1.000000000
0.0000	80.0000	10.0000	0.092555670
10.0000	80.0000	10.0000	0.129175280
20.0000	80.0000	10.0000	0.498275200
30.0000	80.0000	10.0000	0.967655400
40.0000	80.0000	10.0000	1.585339100
50.0000	80.0000	10.0000	1.948562500
60.0000	80.0000	10.0000	0.991118250
70.0000	80.0000	10.0000	0.605284900
80.0000	80.0000	10.0000	0.231914610
90.0000	80.0000	10.0000	0.154407200
100.0000	80.0000	10.0000	0.376042520
110.0000	80.0000	10.0000	1.405655300
120.0000	80.0000	10.0000	1.674101000
130.0000	80.0000	10.0000	1.314189600
140.0000	80.0000	10.0000	1.676159500
150.0000	80.0000	10.0000	2.026201000
160.0000	80.0000	10.0000	1.022975600
170.0000	80.0000	10.0000	0.190477220
180.0000	80.0000	10.0000	0.126145540
190.0000	80.0000	10.0000	0.299748600
200.0000	80.0000	10.0000	0.688670640
210.0000	80.0000	10.0000	1.452248300
220.0000	80.0000	10.0000	2.739152200
230.0000	80.0000	10.0000	2.631293800
240.0000	80.0000	10.0000	0.807213400
250.0000	80.0000	10.0000	0.452573660
260.0000	80.0000	10.0000	0.185026470
270.0000	80.0000	10.0000	0.123706855
280.0000	80.0000	10.0000	0.274490200
290.0000	80.0000	10.0000	0.856850450
300.0000	80.0000	10.0000	1.138260400
310.0000	80.0000	10.0000	0.468494240
320.0000	80.0000	10.0000	0.569727660
330.0000	80.0000	10.0000	1.653156200
340.0000	80.0000	10.0000	0.956840630
350.0000	80.0000	10.0000	0.246371370
360.0000	80.0000	10.0000	1.000000000
0.0000	90.0000	10.0000	0.097990550
10.0000	90.0000	10.0000	0.093651675
20.0000	90.0000	10.0000	0.544575630
30.0000	90.0000	10.0000	1.238326300
40.0000	90.0000	10.0000	2.288140500
50.0000	90.0000	10.0000	3.499230900
60.0000	90.0000	10.0000	3.323768900
70.0000	90.0000	10.0000	1.222873800
80.0000	90.0000	10.0000	0.342389580
90.0000	90.0000	10.0000	0.212503060
100.0000	90.0000	10.0000	0.767437340
110.0000	90.0000	10.0000	4.712736000
120.0000	90.0000	10.0000	2.608378000
130.0000	90.0000	10.0000	2.352181400
140.0000	90.0000	10.0000	3.171904800
150.0000	90.0000	10.0000	2.390256600
160.0000	90.0000	10.0000	0.728410200
170.0000	90.0000	10.0000	0.138491810
180.0000	90.0000	10.0000	0.139892620
190.0000	90.0000	10.0000	0.263391880
200.0000	90.0000	10.0000	0.600181340
210.0000	90.0000	10.0000	1.364933000
220.0000	90.0000	10.0000	2.027679200
230.0000	90.0000	10.0000	2.200888400
240.0000	90.0000	10.0000	2.364219700
250.0000	90.0000	10.0000	1.559218900
260.0000	90.0000	10.0000	0.335922570
270.0000	90.0000	10.0000	0.171782730
280.0000	90.0000	10.0000	0.626611530
290.0000	90.0000	10.0000	2.264704500
300.0000	90.0000	10.0000	1.266517400
310.0000	90.0000	10.0000	0.528797270
320.0000	90.0000	10.0000	0.614826740
330.0000	90.0000	10.0000	1.981807800
340.0000	90.0000	10.0000	0.863554240
350.0000	90.0000	10.0000	0.253171980
360.0000	90.0000	10.0000	1.000000000
0.0000	0.0000	20.0000	1.000000000
10.0000	0.0000	20.0000	1.000000000
20.0000	0.0000	20.0000	1.000000000
30.0000	0.0000	20.0000	1.000000000
40.0000	0.0000	20.0000	1.000000000
50.0000	0.0000	20.0000	1.000000000
60.0000	0.0000	20.0000	1.000000000
70.0000	0.0000	20.0000	1.000000000
80.0000	0.0000	20.0000	1.000000000
90.0000	0.0000	20.0000	1.000000000
100.0000	0.0000	20.0000	1.000000000
110.0000	0.0000	20.0000	1.000000000
120.0000	0.0000	20.0000	1.000000000
130.0000	0.0000	20.0000	1.000000000
140.0000	0.0000	20.0000	1.000000000
150.0000	0.0000	20.0000	1.000000000
160.0000	0.0000	20.0000	1.000000000
170.0000	0.0000	20.0000	1.000000000
180.0000	0.0000	20.0000	1.000000000
190.0000	0.0000	20.0000	1.000000000
200.0000	0.0000	20.0000	1.000000000
210.0000	0.0000	20.0000	1.000000000
220.0000	0.0000	20.0000	1.000000000
230.0000	0.0000	20.0000	1.000000000
240.0000	0.0000	20.0000	1.000000000
250.0000	0.0000	20.0000	1.000000000
260.0000	0.0000	20.0000	1.000000000
270.0000	0.0000	20.0000	1.000000000
280.0000	0.0000	20.0000	1.000000000
290.0000	0.0000	20.0000	1.000000000
300.0000	0.0000	20.0000	1.000000000
310.0000	0.0000	20.0000	1.000000000
320.0000	0.0000	20.0000	1.000000000
330.0000	0.0000	20.0000	1.000000000
340.0000	0.0000	20.0000	1.000000000
350.0000	0.0000	20.0000	1.000000000
360.0000	0.0000	20.0000	1.000000000
0.0000	10.0000	20.0000	2.480190300
10.0000	10.0000	20.0000	6.686716000
20.0000	10.0000	20.0000	4.779289700
30.0000	10.0000	20.0000	2.098817800
40.0000	10.0000	20.0000	1.006360700
50.0000	10.0000	20.0000	0.128750700
60.0000	10.0000	20.0000	0.033877295
70.0000	10.0000	20.0000	0.058726925
80.0000	10.0000	20.0000	0.032114435
90.0000	10.0000	20.0000	0.071638780
100.0000	10.0000	20.0000	0.620879350
110.0000	10.0000	20.0000	0.860851700
120.0000	10.0000	20.0000	0.745096600
130.0000	10.0000	20.0000	0.803373160
140.0000	10.0000	20.0000	0.507565100
150.0000	10.0000	20.0000	0.132771800
160.0000	10.0000	20.0000	0.398876700
170.0000	10.0000	20.0000	1.413611900
180.0000	10.0000	20.0000	3.249495300
190.0000	10.0000	20.0000	1.705423000
200.0000	10.0000	20.0000	0.758208160
210.0000	10.0000	20.0000	0.431200770
220.0000	10.0000	20.0000	0.952299650
230.0000	10.0000	20.0000	0.333495770
240.0000	10.0000	20.0000	0.051494140
250.0000	10.0000	20.0000	0.035498977
260.0000	10.0000	20.0000	0.020295866
270.0000	10.0000	20.0000	0.078650780
280.0000	10.0000	20.0000	0.674033940
290.0000	10.0000	20.0000	0.758744600
300.0000	10.0000	20.0000	1.534169900
310.0000	10.0000	20.0000	3.357151700
320.0000	10.0000	20.0000	0.735358360
330.0000	10.0000	20.0000	0.167890250
340.0000	10.0000	20.0000	0.478715930
350.0000	10.0000	20.0000	1.181578000
360.0000	10.0000	20.0000	1.000000000
0.0000	20.0000	20.0000	1.752657000
10.0000	20.0000	20.0000	3.821435000
20.0000	20.0000	20.0000	1.796446700
30.0000	20.0000	20.0000	1.136685700
40.0000	20.0000	20.0000	1.081619600
50.0000	20.0000	20.0000	0.498040650
60.0000	20.0000	20.0000	0.126952700
70.0000	20.0000	20.0000	0.103922490
80.0000	20.0000	20.0000	0.095206834
90.0000	20.0000	20.0000	0.122347140
100.0000	20.0000	20.0000	0.324078770
110.0000	20.0000	20.0000	0.418783900
120.0000	20.0000	20.0000	0.438895400
130.0000	20.0000	20.0000	0.553900840
140.0000	20.0000	20.0000	0.618838550
150.0000	20.0000	20.0000	0.306270930
160.0000	20.0000	20.0000	0.264747230
170.0000	20.0000	20.0000	0.760906200
180.0000	20.0000	20.0000	1.360678800
190.0000	20.0000	20.0000	1.061013200
200.0000	20.0000	20.0000	0.526088540
210.0000	20.0000	20.0000	0.361164060
220.0000	20.0000	20.0000	0.622689660
230.0000	20.0000	20.0000	0.457884250
240.0000	20.0000	20.0000	0.118206750
250.0000	20.0000	20.0000	0.122275450
260.0000	20.0000	20.0000	0.118381200
270.0000	20.0000	20.0000	0.061818637
280.0000	20.0000	20.0000	0.206567000
290.0000	20.0000	20.0000	2.316305200
300.0000	20.0000	20.0000	2.547411200
310.0000	20.0000	20.0000	0.961742040
320.0000	20.0000	20.0000	0.835597800
330.0000	20.0000	20.0000	0.281723170
340.0000	20.0000	20.0000	0.176356670
350.0000	20.0000	20.0000	0.318244760
360.0000	20.0000	20.0000	1.000000000
0.0000	30.0000	20.0000	1.167987300
10.0000	30.0000	20.0000	1.336233900
20.0000	30.0000	20.0000	0.514861600
30.0000	30.0000	20.0000	0.551263750
40.0000	30.0000	20.0000	0.549555000
50.0000	30.0000	20.0000	0.422211500
60.0000	30.0000	20.0000	0.379461200
70.0000	30.0000	20.0000	0.127109080
80.0000	30.0000	20.0000	0.151996750
90.0000	30.0000	20.0000	0.270125960
100.0000	30.0000	20.0000	0.437934550
110.0000	30.0000	20.0000	0.580666200
120.0000	30.0000	20.0000	0.727073850
130.0000	30.0000	20.0000	0.456887900
140.0000	30.0000	20.0000	0.563070540
150.0000	30.0000	20.0000	0.758670330
160.0000	30.0000	20.0000	0.633700430
170.0000	30.0000	20.0000	1.139802100
180.0000	30.0000	20.0000	2.157510300
190.0000	30.0000	20.0000	1.192804900
200.0000	30.0000	20.0000	0.315187400
210.0000	30.0000	20.0000	0.432593640
220.0000	30.0000	20.0000	0.588262560
230.0000	30.0000	20.0000	0.406175370
240.0000	30.0000	20.0000	0.368897400
250.0000	30.0000	20.0000	0.158301060
260.0000	30.0000	20.0000	0.150135530
270.0000	30.0000	20.0000	0.095218815
280.0000	30.0000	20.0000	0.350299600
290.0000	30.0000	20.0000	1.778526500
300.0000	30.0000	20.0000	1.451001200
310.0000	30.0000	20.0000	1.070512500
320.0000	30.0000	20.0000	1.510456200
330.0000	30.0000	20.0000	0.430874680
340.0000	30.0000	20.0000	0.077722855
350.0000	30.0000	20.0000	0.086410160
360.0000	30.0000	20.0000	1.000000000
0.0000	40.0000	20.0000	1.504862700
10.0000	40.0000	20.0000	0.974056900
20.0000	40.0000	20.0000	0.273198570
30.0000	40.0000	20.0000	0.275995730
40.0000	40.0000	20.0000	0.188352050
50.0000	40.0000	20.0000	0.420578750
60.0000	40.0000	20.0000	1.684185400
70.0000	40.0000	20.0000	0.666935500
80.0000	40.0000	20.0000	0.587375600
90.0000	40.0000	20.0000	1.604178200
100.0000	40.0000	20.0000	1.070825700
110.0000	40.0000	20.0000	0.469970000
120.0000	40.0000	20.0000	0.314663980
130.0000	40.0000	20.0000	0.321784650
140.0000	40.0000	20.0000	0.570233500
150.0000	40.0000	20.0000	0.978804000
160.0000	40.0000	20.0000	1.563260000
170.0000	40.0000	20.0000	1.539522900
180.0000	40.0000	20.0000	1.705369400
190.0000	40.0000	20.0000	0.788525100
200.0000	40.0000	20.0000	0.199499350
210.0000	40.0000	20.0000	0.267981700
220.0000	40.0000	20.0000	0.547929200
230.0000	40.0000	20.0000	0.655294950
240.0000	40.0000	20.0000	0.666756000
250.0000	40.0000	20.0000	0.419529230
260.0000	40.0000	20.0000	0.375936480
270.0000	40.0000	20.0000	1.003409100
280.0000	40.0000	20.0000	1.731403700
290.0000	40.0000	20.0000	0.930313470
300.0000	40.0000	20.0000	0.619243600
310.0000	40.0000	20.0000	1.064577200
320.0000	40.0000	20.0000	1.077542800
330.0000	40.0000	20.0000	0.464130000
340.0000	40.0000	20.0000	0.275625770
350.0000	40.0000	20.0000	0.294913560
360.0000	40.0000	20.0000	1.000000000
0.0000	50.0000	20.0000	1.973888500
10.0000	50.0000	20.0000	0.938661400
20.0000	50.0000	20.0000	0.195721130
30.0000	50.0000	20.0000	0.257538900
40.0000	50.0000	20.0000	0.337903400
50.0000	50.0000	20.0000	0.666280570
60.0000	50.0000	20.0000	1.429500300
70.0000	50.0000	20.0000	0.628095800
80.0000	50.0000	20.0000	0.536441100
90.0000	50.0000	20.0000	1.133849500
100.0000	50.0000	20.0000	0.737205000
110.0000	50.0000	20.0000	0.223187950
120.0000	50.0000	20.0000	0.150480400
130.0000	50.0000	20.0000	0.284462930
140.0000	50.0000	20.0000	1.136965300
150.0000	50.0000	20.0000	1.321595800
160.0000	50.0000	20.0000	0.851160800
170.0000	50.0000	20.0000	0.483125420
180.0000	50.0000	20.0000	0.598842200
190.0000	50.0000	20.0000	0.507195230
200.0000	50.0000	20.0000	0.172306930
210.0000	50.0000	20.0000	0.183820020
220.0000	50.0000	20.0000	0.680055140
230.0000	50.0000	20.0000	1.439014100
240.0000	50.0000	20.0000	1.347638600
250.0000	50.0000	20.0000	0.605462100
260.0000	50.0000	20.0000	0.455061530
270.0000	50.0000	20.0000	1.615255600
280.0000	50.0000	20.0000	3.093139000
290.0000	50.0000	20.0000	0.673692400
300.0000	50.0000	20.0000	0.174690630
310.0000	50.0000	20.0000	0.250089350
320.0000	50.0000	20.0000	0.709378000
330.0000	50.0000	20.0000	0.932163200
340.0000	50.0000	20.0000	1.380712600
350.0000	50.0000	20.0000	1.945070300
360.0000	50.0000	20.0000	1.000000000
0.0000	60.0000	20.0000	1.011454300
10.0000	60.0000	20.0000	0.812464800
20.0000	60.0000	20.0000	0.406426130
30.0000	60.0000	20.0000	0.421478930
40.0000	60.0000	20.0000	0.479358000
50.0000	60.0000	20.0000	0.487559000
60.0000	60.0000	20.0000	0.388811260
70.0000	60.0000	20.0000	0.248649310
80.0000	60.0000	20.0000	0.142330840
90.0000	60.0000	20.0000	0.301807670
100.0000	60.0000	20.0000	0.293930620
110.0000	60.0000	20.0000	0.448997320
120.0000	60.0000	20.0000	0.513799550
130.0000	60.0000	20.0000	0.481815930
140.0000	60.0000	20.0000	1.355105000
150.0000	60.0000	20.0000	1.542146400
160.0000	60.0000	20.0000	0.482263740
170.0000	60.0000	20.0000	0.172492580
180.0000	60.0000	20.0000	0.186913800
190.0000	60.0000	20.0000	0.415493250
200.0000	60.0000	20.0000	0.293606430
210.0000	60.0000	20.0000	0.343461960
220.0000	60.0000	20.0000	0.943953700
230.0000	60.0000	20.0000	1.208793600
240.0000	60.0000	20.0000	0.579460500
250.0000	60.0000	20.0000	0.301920830
260.0000	60.0000	20.0000	0.185257050
270.0000	60.0000	20.0000	0.481193180
280.0000	60.0000	20.0000	1.190515500
290.0000	60.0000	20.0000	1.109901300
300.0000	60.0000	20.0000	0.640181200
310.0000	60.0000	20.0000	0.570318100
320.0000	60.0000	20.0000	1.422581900
330.0000	60.0000	20.0000	1.972741500
340.0000	60.0000	20.0000	1.859869100
350.0000	60.0000	20.0000	1.835374100
360.0000	60.0000	20.0000	1.000000000
0.0000	70.0000	20.0000	0.324159900
10.0000	70.0000	20.0000	0.460571800
20.0000	70.0000	20.0000	0.375937730
30.0000	70.0000	20.0000	0.288078000
40.0000	70.0000	20.0000	0.749395850
50.0000	70.0000	20.0000	0.579580550
60.0000	70.0000	20.0000	0.394081300
70.0000	70.0000	20.0000	0.462231300
80.0000	70.0000	20.0000	0.112188086
90.0000	70.0000	20.0000	0.100034950
100.0000	70.0000	20.0000	0.204049210
110.0000	70.0000	20.0000	0.506371800
120.0000	70.0000	20.0000	0.793119970
130.0000	70.0000	20.0000	0.552435760
140.0000	70.0000	20.0000	1.006247000
150.0000	70.0000	20.0000	1.640635500
160.0000	70.0000	20.0000	0.367096900
170.0000	70.0000	20.0000	0.097742570
180.0000	70.0000	20.0000	0.101274530
190.0000	70.0000	20.0000	0.300883470
200.0000	70.0000	20.0000	0.325509940
210.0000	70.0000	20.0000	0.397417630
220.0000	70.0000	20.0000	1.125547000
230.0000	70.0000	20.0000	0.766163400
240.0000	70.0000	20.0000	0.205764250
250.0000	70.0000	20.0000	0.257519540
260.0000	70.0000	20.0000	0.142999710
270.0000	70.0000	20.0000	0.178713930
280.0000	70.0000	20.0000	0.499955240
290.0000	70.0000	20.0000	1.316070900
300.0000	70.0000	20.0000	1.580032500
310.0000	70.0000	20.0000	0.645396650
320.0000	70.0000	20.0000	1.065281900
330.0000	70.0000	20.0000	2.014460000
340.0000	70.0000	20.0000	0.784427640
350.0000	70.0000	20.0000	0.439017560
360.0000	70.0000	20.0000	1.000000000
0.0000	80.0000	20.0000	0.169306100
10.0000	80.0000	20.0000	0.185157390
20.0000	80.0000	20.0000	0.186375510
30.0000	80.0000	20.0000	0.285024800
40.0000	80.0000	20.0000	2.085388200
50.0000	80.0000	20.0000	1.779273300
60.0000	80.0000	20.0000	0.807743500
70.0000	80.0000	20.0000	0.965610740
80.0000	80.0000	20.0000	0.196472140
90.0000	80.0000	20.0000	0.098350080
100.0000	80.0000	20.0000	0.292738050
110.0000	80.0000	20.0000	1.346086700
120.0000	80.0000	20.0000	1.358848000
130.0000	80.0000	20.0000	0.743422750
140.0000	80.0000	20.0000	0.962851760
150.0000	80.0000	20.0000	1.176536300
160.0000	80.0000	20.0000	0.314367180
170.0000	80.0000	20.0000	0.104128160
180.0000	80.0000	20.0000	0.088758440
190.0000	80.0000	20.0000	0.197544050
200.0000	80.0000	20.0000	0.229437720
210.0000	80.0000	20.0000	0.419424860
220.0000	80.0000	20.0000	0.882913100
230.0000	80.0000	20.0000	0.948893670
240.0000	80.0000	20.0000	0.587896650
250.0000	80.0000	20.0000	0.707175970
260.0000	80.0000	20.0000	0.261754040
270.0000	80.0000	20.0000	0.191939130
280.0000	80.0000	20.0000	0.482316340
290.0000	80.0000	20.0000	1.520765100
300.0000	80.0000	20.0000	1.261119500
310.0000	80.0000	20.0000	0.283830290
320.0000	80.0000	20.0000	0.368330300
330.0000	80.0000	20.0000	1.313012800
340.0000	80.0000	20.0000	0.402222480
350.0000	80.0000	20.0000	0.247389690
360.0000	80.0000	20.0000	1.000000000
0.0000	90.0000	20.0000	0.156482040
10.0000	90.0000	20.0000	0.127350720
20.0000	90.0000	20.0000	0.215903760
30.0000	90.0000	20.0000	0.430660000
40.0000	90.0000	20.0000	2.890594500
50.0000	90.0000	20.0000	2.576976800
60.0000	90.0000	20.0000	1.550319700
70.0000	90.0000	20.0000	1.468020100
80.0000	90.0000	20.0000	0.314315050
90.0000	90.0000	20.0000	0.185418400
100.0000	90.0000	20.0000	0.740154900
110.0000	90.0000	20.0000	4.177721000
120.0000	90.0000	20.0000	2.064402600
130.0000	90.0000	20.0000	1.064193800
140.0000	90.0000	20.0000	1.182838900
150.0000	90.0000	20.0000	0.620589100
160.0000	90.0000	20.0000	0.198286270
170.0000	90.0000	20.0000	0.103914310
180.0000	90.0000	20.0000	0.118758276
190.0000	90.0000	20.0000	0.229049000
200.0000	90.0000	20.0000	0.271648850
210.0000	90.0000	20.0000	0.577662800
220.0000	90.0000	20.0000	0.623054200
230.0000	90.0000	20.0000	0.606810150
240.0000	90.0000	20.0000	1.386087400
250.0000	90.0000	20.0000	1.843284400
260.0000	90.0000	20.0000	0.520873500
270.0000	90.0000	20.0000	0.325424430
280.0000	90.0000	20.0000	0.809186800
290.0000	90.0000	20.0000	2.031246000
300.0000	90.0000	20.0000	1.008747500
310.0000	90.0000	20.0000	0.217698010
320.0000	90.0000	20.0000	0.275269660
330.0000	90.0000	20.0000	1.037969000
340.0000	90.0000	20.0000	0.306566750
350.0000	90.0000	20.0000	0.231939540
360.0000	90.0000	20.0000	1.000000000
0.0000	0.0000	30.0000	1.000000000
10.0000	0.0000	30.0000	1.000000000
20.0000	0.0000	30.0000	1.000000000
30.0000	0.0000	30.0000	1.000000000
40.0000	0.0000	30.0000	1.000000000
50.0000	0.0000	30.0000	1.000000000
60.0000	0.0000	30.0000	1.000000000
70.0000	0.0000	30.0000	1.000000000
80.0000	0.0000	30.0000	1.000000000
90.0000	0.0000	30.0000	1.000000000
100.0000	0.0000	30.0000	1.000000000
110.0000	0.0000	30.0000	1.000000000
120.0000	0.0000	30.0000	1.000000000
130.0000	0.0000	30.0000	1.000000000
140.0000	0.0000	30.0000	1.000000000
150.0000	0.0000	30.0000	1.000000000
160.0000	0.0000	30.0000	1.000000000
170.0000	0.0000	30.0000	1.000000000
180.0000	0.0000	30.0000	1.000000000
190.0000	0.0000	30.0000	1.000000000
200.0000	0.0000	30.0000	1.000000000
210.0000	0.0000	30.0000	1.000000000
220.0000	0.0000	30.0000	1.000000000
230.0000	0.0000	30.0000	1.000000000
240.0000	0.0000	30.0000	1.000000000
250.0000	0.0000	30.0000	1.000000000
260.0000	0.0000	30.0000	1.000000000
270.0000	0.0000	30.0000	1.000000000
280.0000	0.0000	30.0000	1.000000000
290.0000	0.0000	30.0000	1.000000000
300.0000	0.0000	30.0000	1.000000000
310.0000	0.0000	30.0000	1.000000000
320.0000	0.0000	30.0000	1.000000000
330.0000	0.0000	30.0000	1.000000000
340.0000	0.0000	30.0000	1.000000000
350.0000	0.0000	30.0000	1.000000000
360.0000	0.0000	30.0000	1.000000000
0.0000	10.0000	30.0000	0.698862430
10.0000	10.0000	30.0000	3.385728600
20.0000	10.0000	30.0000	3.923947600
30.0000	10.0000	30.0000	0.884189900
40.0000	10.0000	30.0000	0.351530000
50.0000	10.0000	30.0000	0.059365720
60.0000	10.0000	30.0000	0.073596890
70.0000	10.0000	30.0000	0.129628750
80.0000	10.0000	30.0000	0.176966950
90.0000	10.0000	30.0000	1.114424300
100.0000	10.0000	30.0000	4.489769500
110.0000	10.0000	30.0000	2.575381500
120.0000	10.0000	30.0000	1.194526800
130.0000	10.0000	30.0000	0.543965200
140.0000	10.0000	30.0000	0.183171930
150.0000	10.0000	30.0000	0.072666496
160.0000	10.0000	30.0000	0.477802520
170.0000	10.0000	30.0000	2.736935100
180.0000	10.0000	30.0000	0.307400080
190.0000	10.0000	30.0000	0.538794640
200.0000	10.0000	30.0000	0.556972300
210.0000	10.0000	30.0000	0.612510200
220.0000	10.0000	30.0000	1.019430800
230.0000	10.0000	30.0000	0.095231060
240.0000	10.0000	30.0000	0.059076823
250.0000	10.0000	30.0000	0.069005850
260.0000	10.0000	30.0000	0.084203005
270.0000	10.0000	30.0000	0.605779050
280.0000	10.0000	30.0000	1.957109700
290.0000	10.0000	30.0000	1.307169700
300.0000	10.0000	30.0000	1.696325400
310.0000	10.0000	30.0000	0.787484800
320.0000	10.0000	30.0000	0.205782260
330.0000	10.0000	30.0000	0.110323680
340.0000	10.0000	30.0000	0.528153300
350.0000	10.0000	30.0000	2.258568500
360.0000	10.0000	30.0000	1.000000000
0.0000	20.0000	30.0000	1.378914400
10.0000	20.0000	30.0000	1.711744500
20.0000	20.0000	30.0000	1.270678200
30.0000	20.0000	30.0000	1.077353400
40.0000	20.0000	30.0000	0.436400650
50.0000	20.0000	30.0000	0.144518240
60.0000	20.0000	30.0000	0.084782414
70.0000	20.0000	30.0000	0.195566370
80.0000	20.0000	30.0000	0.322867800
90.0000	20.0000	30.0000	0.354671500
100.0000	20.0000	30.0000	0.572547550
110.0000	20.0000	30.0000	0.640480940
120.0000	20.0000	30.0000	0.541843300
130.0000	20.0000	30.0000	0.368058600
140.0000	20.0000	30.0000	0.240998480
150.0000	20.0000	30.0000	0.094940394
160.0000	20.0000	30.0000	0.216662850
170.0000	20.0000	30.0000	1.360382200
180.0000	20.0000	30.0000	0.653204000
190.0000	20.0000	30.0000	0.317673150
200.0000	20.0000	30.0000	0.384417900
210.0000	20.0000	30.0000	0.981249100
220.0000	20.0000	30.0000	0.750760260
230.0000	20.0000	30.0000	0.285688400
240.0000	20.0000	30.0000	0.147056890
250.0000	20.0000	30.0000	0.207461430
260.0000	20.0000	30.0000	0.221980810
270.0000	20.0000	30.0000	0.109943660
280.0000	20.0000	30.0000	0.199502620
290.0000	20.0000	30.0000	1.278931600
300.0000	20.0000	30.0000	1.471896200
310.0000	20.0000	30.0000	0.609828100
320.0000	20.0000	30.0000	0.328442420
330.0000	20.0000	30.0000	0.063078940
340.0000	20.0000	30.0000	0.114971600
350.0000	20.0000	30.0000	0.658085900
360.0000	20.0000	30.0000	1.000000000
0.0000	30.0000	30.0000	1.204547200
10.0000	30.0000	30.0000	0.911231160
20.0000	30.0000	30.0000	0.595965900
30.0000	30.0000	30.0000	0.850137300
40.0000	30.0000	30.0000	0.461576520
50.0000	30.0000	30.0000	0.195187550
60.0000	30.0000	30.0000	0.171847310
70.0000	30.0000	30.0000	0.211053210
80.0000	30.0000	30.0000	0.304349540
90.0000	30.0000	30.0000	0.331716720
100.0000	30.0000	30.0000	0.277886780
110.0000	30.0000	30.0000	0.375296500
120.0000	30.0000	30.0000	0.343713160
130.0000	30.0000	30.0000	0.262069200
140.0000	30.0000	30.0000	0.352645730
150.0000	30.0000	30.0000	0.379596530
160.0000	30.0000	30.0000	0.613860300
170.0000	30.0000	30.0000	1.490761000
180.0000	30.0000	30.0000	1.518498100
190.0000	30.0000	30.0000	0.612028200
200.0000	30.0000	30.0000	0.419751350
210.0000	30.0000	30.0000	1.224299300
220.0000	30.0000	30.0000	0.865834060
230.0000	30.0000	30.0000	0.418336930
240.0000	30.0000	30.0000	0.340187700
250.0000	30.0000	30.0000	0.257581950
260.0000	30.0000	30.0000	0.276403520
270.0000	30.0000	30.0000	0.116156120
280.0000	30.0000	30.0000	0.337318570
290.0000	30.0000	30.0000	1.562071200
300.0000	30.0000	30.0000	1.023290200
310.0000	30.0000	30.0000	0.505553300
320.0000	30.0000	30.0000	0.277352180
330.0000	30.0000	30.0000	0.064834700
340.0000	30.0000	30.0000	0.082423165
350.0000	30.0000	30.0000	0.346441840
360.0000	30.0000	30.0000	1.000000000
0.0000	40.0000	30.0000	1.502928300
10.0000	40.0000	30.0000	0.860481260
20.0000	40.0000	30.0000	0.377910970
30.0000	40.0000	30.0000	0.543991860
40.0000	40.0000	30.0000	0.401209740
50.0000	40.0000	30.0000	0.436375600
60.0000	40.0000	30.0000	0.493524500
70.0000	40.0000	30.0000	0.505096600
80.0000	40.0000	30.0000	0.789828660
90.0000	40.0000	30.0000	0.980858270
100.0000	40.0000	30.0000	0.324783380
110.0000	40.0000	30.0000	0.246757850
120.0000	40.0000	30.0000	0.190876330
130.0000	40.0000	30.0000	0.313128950
140.0000	40.0000	30.0000	0.648785230
150.0000	40.0000	30.0000	0.790461800
160.0000	40.0000	30.0000	1.324405600
170.0000	40.0000	30.0000	1.048245100
180.0000	40.0000	30.0000	1.394922300
190.0000	40.0000	30.0000	0.638783500
200.0000	40.0000	30.0000	0.306268160
210.0000	40.0000	30.0000	1.169557600
220.0000	40.0000	30.0000	1.782082600
230.0000	40.0000	30.0000	0.906389950
240.0000	40.0000	30.0000	0.514900700
250.0000	40.0000	30.0000	0.392067760
260.0000	40.0000	30.0000	0.552608800
270.0000	40.0000	30.0000	1.034251900
280.0000	40.0000	30.0000	1.357073900
290.0000	40.0000	30.0000	0.424171030
300.0000	40.0000	30.0000	0.179943600
310.0000	40.0000	30.0000	0.326940450
320.0000	40.0000	30.0000	0.482037200
330.0000	40.0000	30.0000	0.336644800
340.0000	40.0000	30.0000	0.473595300
350.0000	40.0000	30.0000	0.795435670
360.0000	40.0000	30.0000	1.000000000
0.0000	50.0000	30.0000	1.804091500
10.0000	50.0000	30.0000	0.770723800
20.0000	50.0000	30.0000	0.171034720
30.0000	50.0000	30.0000	0.264570270
40.0000	50.0000	30.0000	0.497916730
50.0000	50.0000	30.0000	0.800921740
60.0000	50.0000	30.0000	0.616321500
70.0000	50.0000	30.0000	0.471452300
80.0000	50.0000	30.0000	0.665131000
90.0000	50.0000	30.0000	1.153095800
100.0000	50.0000	30.0000	0.504723670
110.0000	50.0000	30.0000	0.242653090
120.0000	50.0000	30.0000	0.257282940
130.0000	50.0000	30.0000	0.618799570
140.0000	50.0000	30.0000	1.625430100
150.0000	50.0000	30.0000	1.025929700
160.0000	50.0000	30.0000	0.719867200
170.0000	50.0000	30.0000	0.591718500
180.0000	50.0000	30.0000	0.771531340
190.0000	50.0000	30.0000	0.362086330
200.0000	50.0000	30.0000	0.136558920
210.0000	50.0000	30.0000	0.499429670
220.0000	50.0000	30.0000	1.912329300
230.0000	50.0000	30.0000	1.118837700
240.0000	50.0000	30.0000	0.762522460
250.0000	50.0000	30.0000	0.528167600
260.0000	50.0000	30.0000	0.659611100
270.0000	50.0000	30.0000	3.129409800
280.0000	50.0000	30.0000	3.987790000
290.0000	50.0000	30.0000	0.249171910
300.0000	50.0000	30.0000	0.128249330
310.0000	50.0000	30.0000	0.360989930
320.0000	50.0000	30.0000	0.799218500
330.0000	50.0000	30.0000	0.587143360
340.0000	50.0000	30.0000	1.198494300
350.0000	50.0000	30.0000	1.552904200
360.0000	50.0000	30.0000	1.000000000
0.0000	60.0000	30.0000	1.264076000
10.0000	60.0000	30.0000	0.613589050
20.0000	60.0000	30.0000	0.163221080
30.0000	60.0000	30.0000	0.311709600
40.0000	60.0000	30.0000	0.558351100
50.0000	60.0000	30.0000	0.409825560
60.0000	60.0000	30.0000	0.284084620
70.0000	60.0000	30.0000	0.206723150
80.0000	60.0000	30.0000	0.236000150
90.0000	60.0000	30.0000	0.750789200
100.0000	60.0000	30.0000	0.772751870
110.0000	60.0000	30.0000	1.171852700
120.0000	60.0000	30.0000	0.689978500
130.0000	60.0000	30.0000	0.796103000
140.0000	60.0000	30.0000	2.446788000
150.0000	60.0000	30.0000	1.818687000
160.0000	60.0000	30.0000	0.739088950
170.0000	60.0000	30.0000	0.585843000
180.0000	60.0000	30.0000	0.407066460
190.0000	60.0000	30.0000	0.268930050
200.0000	60.0000	30.0000	0.158156810
210.0000	60.0000	30.0000	0.360296460
220.0000	60.0000	30.0000	0.718864860
230.0000	60.0000	30.0000	0.630221000
240.0000	60.0000	30.0000	0.510312500
250.0000	60.0000	30.0000	0.390732700
260.0000	60.0000	30.0000	0.326116470
270.0000	60.0000	30.0000	1.663946300
280.0000	60.0000	30.0000	2.732904700
290.0000	60.0000	30.0000	1.070186400
300.0000	60.0000	30.0000	0.453193550
310.0000	60.0000	30.0000	0.655419770
320.0000	60.0000	30.0000	1.560006300
330.0000	60.0000	30.0000	1.505221600
340.0000	60.0000	30.0000	2.184353000
350.0000	60.0000	30.0000	1.765842800
360.0000	60.0000	30.0000	1.000000000
0.0000	70.0000	30.0000	0.509910400
10.0000	70.0000	30.0000	0.340027570
20.0000	70.0000	30.0000	0.234965280
30.0000	70.0000	30.0000	0.492448420
40.0000	70.0000	30.0000	0.769868700
50.0000	70.0000	30.0000	0.546638550
60.0000	70.0000	30.0000	0.390014020
70.0000	70.0000	30.0000	0.307510850
80.0000	70.0000	30.0000	0.129760310
90.0000	70.0000	30.0000	0.153360490
100.0000	70.0000	30.0000	0.410867660
110.0000	70.0000	30.0000	1.839460600
120.0000	70.0000	30.0000	1.276027000
130.0000	70.0000	30.0000	0.615289450
140.0000	70.0000	30.0000	1.044563500
150.0000	70.0000	30.0000	1.284364100
160.0000	70.0000	30.0000	0.482923980
170.0000	70.0000	30.0000	0.389551800
180.0000	70.0000	30.0000	0.221316560
190.0000	70.0000	30.0000	0.253135900
200.0000	70.0000	30.0000	0.320927800
210.0000	70.0000	30.0000	0.348269130
220.0000	70.0000	30.0000	0.456232820
230.0000	70.0000	30.0000	0.477560580
240.0000	70.0000	30.0000	0.240533010
250.0000	70.0000	30.0000	0.299470570
260.0000	70.0000	30.0000	0.289405640
270.0000	70.0000	30.0000	0.696461800
280.0000	70.0000	30.0000	1.552339900
290.0000	70.0000	30.0000	2.008983900
300.0000	70.0000	30.0000	1.088631500
310.0000	70.0000	30.0000	0.591304840
320.0000	70.0000	30.0000	1.064216900
330.0000	70.0000	30.0000	2.180802800
340.0000	70.0000	30.0000	1.245527300
350.0000	70.0000	30.0000	1.293297300
360.0000	70.0000	30.0000	1.000000000
0.0000	80.0000	30.0000	0.242870510
10.0000	80.0000	30.0000	0.171716120
20.0000	80.0000	30.0000	0.172747330
30.0000	80.0000	30.0000	0.342227340
40.0000	80.0000	30.0000	1.159241800
50.0000	80.0000	30.0000	1.113078200
60.0000	80.0000	30.0000	1.005369200
70.0000	80.0000	30.0000	1.490591400
80.0000	80.0000	30.0000	0.299453380
90.0000	80.0000	30.0000	0.159293000
100.0000	80.0000	30.0000	0.495239820
110.0000	80.0000	30.0000	2.196202300
120.0000	80.0000	30.0000	1.360728000
130.0000	80.0000	30.0000	0.437618300
140.0000	80.0000	30.0000	0.450198950
150.0000	80.0000	30.0000	0.427476300
160.0000	80.0000	30.0000	0.288277720
170.0000	80.0000	30.0000	0.236784550
180.0000	80.0000	30.0000	0.183335900
190.0000	80.0000	30.0000	0.361526040
200.0000	80.0000	30.0000	0.478652570
210.0000	80.0000	30.0000	0.326347920
220.0000	80.0000	30.0000	0.430981130
230.0000	80.0000	30.0000	0.778315840
240.0000	80.0000	30.0000	0.651216270
250.0000	80.0000	30.0000	1.043511600
260.0000	80.0000	30.0000	0.711335060
270.0000	80.0000	30.0000	0.933036400
280.0000	80.0000	30.0000	1.744167800
290.0000	80.0000	30.0000	2.681927200
300.0000	80.0000	30.0000	1.105014800
310.0000	80.0000	30.0000	0.284213070
320.0000	80.0000	30.0000	0.383107660
330.0000	80.0000	30.0000	0.680796900
340.0000	80.0000	30.0000	0.410741500
350.0000	80.0000	30.0000	0.716315750
360.0000	80.0000	30.0000	1.000000000
0.0000	90.0000	30.0000	0.184044930
10.0000	90.0000	30.0000	0.145572230
20.0000	90.0000	30.0000	0.137672360
30.0000	90.0000	30.0000	0.264608170
40.0000	90.0000	30.0000	0.986223100
50.0000	90.0000	30.0000	1.073297000
60.0000	90.0000	30.0000	1.218121300
70.0000	90.0000	30.0000	2.295581000
80.0000	90.0000	30.0000	0.607574300
90.0000	90.0000	30.0000	0.354559900
100.0000	90.0000	30.0000	1.395538300
110.0000	90.0000	30.0000	4.274197000
120.0000	90.0000	30.0000	1.609108400
130.0000	90.0000	30.0000	0.703281200
140.0000	90.0000	30.0000	0.428549380
150.0000	90.0000	30.0000	0.196731090
160.0000	90.0000	30.0000	0.200569210
170.0000	90.0000	30.0000	0.163578880
180.0000	90.0000	30.0000	0.201891910
190.0000	90.0000	30.0000	0.574079100
200.0000	90.0000	30.0000	0.561943230
210.0000	90.0000	30.0000	0.362952800
220.0000	90.0000	30.0000	0.374743430
230.0000	90.0000	30.0000	0.908824150
240.0000	90.0000	30.0000	1.691189300
250.0000	90.0000	30.0000	3.888926300
260.0000	90.0000	30.0000	1.616209600
270.0000	90.0000	30.0000	1.324568700
280.0000	90.0000	30.0000	2.289064600
290.0000	90.0000	30.0000	3.029566300
300.0000	90.0000	30.0000	0.759779160
310.0000	90.0000	30.0000	0.199020340
320.0000	90.0000	30.0000	0.188371520
330.0000	90.0000	30.0000	0.325456350
340.0000	90.0000	30.0000	0.275699020
350.0000	90.0000	30.0000	0.481074000
360.0000	90.0000	30.0000	1.000000000
0.0000	0.0000	40.0000	1.000000000
10.0000	0.0000	40.0000	1.000000000
20.0000	0.0000	40.0000	1.000000000
30.0000	0.0000	40.0000	1.000000000
40.0000	0.0000	40.0000	1.000000000
50.0000	0.0000	40.0000	1.000000000
60.0000	0.0000	40.0000	1.000000000
70.0000	0.0000	40.0000	1.000000000
80.0000	0.0000	40.0000	1.000000000
90.0000	0.0000	40.0000	1.000000000
100.0000	0.0000	40.0000	1.000000000
110.0000	0.0000	40.0000	1.000000000
120.0000	0.0000	40.0000	1.000000000
130.0000	0.0000	40.0000	1.000000000
140.0000	0.0000	40.0000	1.000000000
150.0000	0.0000	40.0000	1.000000000
160.0000	0.0000	40.0000	1.000000000
170.0000	0.0000	40.0000	1.000000000
180.0000	0.0000	40.0000	1.000000000
190.0000	0.0000	40.0000	1.000000000
200.0000	0.0000	40.0000	1.000000000
210.0000	0.0000	40.0000	1.000000000
220.0000	0.0000	40.0000	1.000000000
230.0000	0.0000	40.0000	1.000000000
240.0000	0.0000	40.0000	1.000000000
250.0000	0.0000	40.0000	1.000000000
260.0000	0.0000	40.0000	1.000000000
270.0000	0.0000	40.0000	1.000000000
280.0000	0.0000	40.0000	1.000000000
290.0000	0.0000	40.0000	1.000000000
300.0000	0.0000	40.0000	1.000000000
310.0000	0.0000	40.0000	1.000000000
320.0000	0.0000	40.0000	1.000000000
330.0000	0.0000	40.0000	1.000000000
340.0000	0.0000	40.0000	1.000000000
350.0000	0.0000	40.0000	1.000000000
360.0000	0.0000	40.0000	1.000000000
0.0000	10.0000	40.0000	0.515609200
10.0000	10.0000	40.0000	2.590833700
20.0000	10.0000	40.0000	4.289202000
30.0000	10.0000	40.0000	0.226177350
40.0000	10.0000	40.0000	0.060288660
50.0000	10.0000	40.0000	0.049913295
60.0000	10.0000	40.0000	0.123875340
70.0000	10.0000	40.0000	0.459430520
80.0000	10.0000	40.0000	1.019097400
90.0000	10.0000	40.0000	5.049708400
100.0000	10.0000	40.0000	11.650044000
110.0000	10.0000	40.0000	2.758793800
120.0000	10.0000	40.0000	0.648362460
130.0000	10.0000	40.0000	0.101764290
140.0000	10.0000	40.0000	0.047462206
150.0000	10.0000	40.0000	0.051527034
160.0000	10.0000	40.0000	1.243223000
170.0000	10.0000	40.0000	1.745067600
180.0000	10.0000	40.0000	0.209961740
190.0000	10.0000	40.0000	0.620849500
200.0000	10.0000	40.0000	1.158830000
210.0000	10.0000	40.0000	0.368416500
220.0000	10.0000	40.0000	0.062533340
230.0000	10.0000	40.0000	0.048763566
240.0000	10.0000	40.0000	0.085406065
250.0000	10.0000	40.0000	0.277629550
260.0000	10.0000	40.0000	1.335755600
270.0000	10.0000	40.0000	5.478263000
280.0000	10.0000	40.0000	8.895366000
290.0000	10.0000	40.0000	1.404320500
300.0000	10.0000	40.0000	0.570458950
310.0000	10.0000	40.0000	0.124573120
320.0000	10.0000	40.0000	0.068356134
330.0000	10.0000	40.0000	0.093119584
340.0000	10.0000	40.0000	1.435415400
350.0000	10.0000	40.0000	2.764352800
360.0000	10.0000	40.0000	1.000000000
0.0000	20.0000	40.0000	0.784742060
10.0000	20.0000	40.0000	1.255749500
20.0000	20.0000	40.0000	1.649288300
30.0000	20.0000	40.0000	0.426212460
40.0000	20.0000	40.0000	0.088500515
50.0000	20.0000	40.0000	0.085703290
60.0000	20.0000	40.0000	0.214606850
70.0000	20.0000	40.0000	0.311519830
80.0000	20.0000	40.0000	0.667913600
90.0000	20.0000	40.0000	3.584071000
100.0000	20.0000	40.0000	1.780380600
110.0000	20.0000	40.0000	0.396306160
120.0000	20.0000	40.0000	0.317252200
130.0000	20.0000	40.0000	0.149453950
140.0000	20.0000	40.0000	0.081523400
150.0000	20.0000	40.0000	0.132972390
160.0000	20.0000	40.0000	0.626835600
170.0000	20.0000	40.0000	1.205415800
180.0000	20.0000	40.0000	0.385574280
190.0000	20.0000	40.0000	0.393805270
200.0000	20.0000	40.0000	0.927254000
210.0000	20.0000	40.0000	0.642631100
220.0000	20.0000	40.0000	0.155426440
230.0000	20.0000	40.0000	0.215876650
240.0000	20.0000	40.0000	0.458328570
250.0000	20.0000	40.0000	0.284898280
260.0000	20.0000	40.0000	0.621923400
270.0000	20.0000	40.0000	3.222153700
280.0000	20.0000	40.0000	1.094538200
290.0000	20.0000	40.0000	0.383333270
300.0000	20.0000	40.0000	0.685630500
310.0000	20.0000	40.0000	0.218689560
320.0000	20.0000	40.0000	0.093581470
330.0000	20.0000	40.0000	0.137792720
340.0000	20.0000	40.0000	0.469902720
350.0000	20.0000	40.0000	1.196712000
360.0000	20.0000	40.0000	1.000000000
0.0000	30.0000	40.0000	0.829348100
10.0000	30.0000	40.0000	0.793093500
20.0000	30.0000	40.0000	1.575131200
30.0000	30.0000	40.0000	0.647803500
40.0000	30.0000	40.0000	0.221177680
50.0000	30.0000	40.0000	0.216584400
60.0000	30.0000	40.0000	0.198517080
70.0000	30.0000	40.0000	0.263320100
80.0000	30.0000	40.0000	0.401379800
90.0000	30.0000	40.0000	0.772130130
100.0000	30.0000	40.0000	0.696181400
110.0000	30.0000	40.0000	0.271965680
120.0000	30.0000	40.0000	0.218367870
130.0000	30.0000	40.0000	0.260958300
140.0000	30.0000	40.0000	0.305760320
150.0000	30.0000	40.0000	0.637738000
160.0000	30.0000	40.0000	1.073145200
170.0000	30.0000	40.0000	1.198205100
180.0000	30.0000	40.0000	1.014809500
190.0000	30.0000	40.0000	0.873719930
200.0000	30.0000	40.0000	1.268640900
210.0000	30.0000	40.0000	1.356281200
220.0000	30.0000	40.0000	0.696675200
230.0000	30.0000	40.0000	0.438278000
240.0000	30.0000	40.0000	0.378477720
250.0000	30.0000	40.0000	0.269604650
260.0000	30.0000	40.0000	0.319020750
270.0000	30.0000	40.0000	0.707748600
280.0000	30.0000	40.0000	0.591667230
290.0000	30.0000	40.0000	0.453841900
300.0000	30.0000	40.0000	0.521005450
310.0000	30.0000	40.0000	0.232388650
320.0000	30.0000	40.0000	0.158987300
330.0000	30.0000	40.0000	0.251253750
340.0000	30.0000	40.0000	0.556416870
350.0000	30.0000	40.0000	1.086551700
360.0000	30.0000	40.0000	1.000000000
0.0000	40.0000	40.0000	0.980632840
10.0000	40.0000	40.0000	1.012070800
20.0000	40.0000	40.0000	1.989204300
30.0000	40.0000	40.0000	1.256065800
40.0000	40.0000	40.0000	0.698321040
50.0000	40.0000	40.0000	0.399567660
60.0000	40.0000	40.0000	0.218823670
70.0000	40.0000	40.0000	0.260161670
80.0000	40.0000	40.0000	0.361989000
90.0000	40.0000	40.0000	0.633703000
100.0000	40.0000	40.0000	0.448231970
110.0000	40.0000	40.0000	0.197812750
120.0000	40.0000	40.0000	0.202523840
130.0000	40.0000	40.0000	0.497148250
140.0000	40.0000	40.0000	0.802882130
150.0000	40.0000	40.0000	1.547666400
160.0000	40.0000	40.0000	1.782662900
170.0000	40.0000	40.0000	0.777224840
180.0000	40.0000	40.0000	0.940627100
190.0000	40.0000	40.0000	0.876761730
200.0000	40.0000	40.0000	1.025742500
210.0000	40.0000	40.0000	3.200908200
220.0000	40.0000	40.0000	2.436929200
230.0000	40.0000	40.0000	0.783149600
240.0000	40.0000	40.0000	0.343085050
250.0000	40.0000	40.0000	0.260548100
260.0000	40.0000	40.0000	0.346249160
270.0000	40.0000	40.0000	0.781583500
280.0000	40.0000	40.0000	0.697942500
290.0000	40.0000	40.0000	0.154921650
300.0000	40.0000	40.0000	0.075800770
310.0000	40.0000	40.0000	0.153680500
320.0000	40.0000	40.0000	0.373164770
330.0000	40.0000	40.0000	0.546418200
340.0000	40.0000	40.0000	1.218074200
350.0000	40.0000	40.0000	1.285607600
360.0000	40.0000	40.0000	1.000000000
0.0000	50.0000	40.0000	1.029463600
10.0000	50.0000	40.0000	0.875405130
20.0000	50.0000	40.0000	0.987476770
30.0000	50.0000	40.0000	2.452595500
40.0000	50.0000	40.0000	1.898801600
50.0000	50.0000	40.0000	0.470215920
60.0000	50.0000	40.0000	0.296761040
70.0000	50.0000	40.0000	0.415888730
80.0000	50.0000	40.0000	0.884490800
90.0000	50.0000	40.0000	1.747687000
100.0000	50.0000	40.0000	0.818219840
110.0000	50.0000	40.0000	0.371879460
120.0000	50.0000	40.0000	0.507092600
130.0000	50.0000	40.0000	1.082176200
140.0000	50.0000	40.0000	1.899587900
150.0000	50.0000	40.0000	2.753975000
160.0000	50.0000	40.0000	2.325351000
170.0000	50.0000	40.0000	0.573487460
180.0000	50.0000	40.0000	0.446638600
190.0000	50.0000	40.0000	0.310945300
200.0000	50.0000	40.0000	0.489383500
210.0000	50.0000	40.0000	3.581901300
220.0000	50.0000	40.0000	3.023882900
230.0000	50.0000	40.0000	0.743389370
240.0000	50.0000	40.0000	0.578185860
250.0000	50.0000	40.0000	0.608025970
260.0000	50.0000	40.0000	0.961137500
270.0000	50.0000	40.0000	3.359382000
280.0000	50.0000	40.0000	2.360352000
290.0000	50.0000	40.0000	0.263983460
300.0000	50.0000	40.0000	0.198872340
310.0000	50.0000	40.0000	0.535678700
320.0000	50.0000	40.0000	1.152502300
330.0000	50.0000	40.0000	1.166602000
340.0000	50.0000	40.0000	1.194605400
350.0000	50.0000	40.0000	0.642979200
360.0000	50.0000	40.0000	1.000000000
0.0000	60.0000	40.0000	0.859082760
10.0000	60.0000	40.0000	0.655190700
20.0000	60.0000	40.0000	0.659927800
30.0000	60.0000	40.0000	3.282521500
40.0000	60.0000	40.0000	1.469731600
50.0000	60.0000	40.0000	0.186954680
60.0000	60.0000	40.0000	0.241803170
70.0000	60.0000	40.0000	0.448368600
80.0000	60.0000	40.0000	0.676067770
90.0000	60.0000	40.0000	1.338335600
100.0000	60.0000	40.0000	1.591000000
110.0000	60.0000	40.0000	1.561415300
120.0000	60.0000	40.0000	0.875796600
130.0000	60.0000	40.0000	0.855355560
140.0000	60.0000	40.0000	1.797790500
150.0000	60.0000	40.0000	2.314092600
160.0000	60.0000	40.0000	2.067697300
170.0000	60.0000	40.0000	0.840778350
180.0000	60.0000	40.0000	0.349229430
190.0000	60.0000	40.0000	0.264574700
200.0000	60.0000	40.0000	0.437689160
210.0000	60.0000	40.0000	1.419932600
220.0000	60.0000	40.0000	0.887139140
230.0000	60.0000	40.0000	0.306938920
240.0000	60.0000	40.0000	0.527666030
250.0000	60.0000	40.0000	0.987379800
260.0000	60.0000	40.0000	0.915830400
270.0000	60.0000	40.0000	2.387152700
280.0000	60.0000	40.0000	2.952736400
290.0000	60.0000	40.0000	0.769207660
300.0000	60.0000	40.0000	0.371120500
310.0000	60.0000	40.0000	0.383285500
320.0000	60.0000	40.0000	1.004465500
330.0000	60.0000	40.0000	3.189321300
340.0000	60.0000	40.0000	2.260300900
350.0000	60.0000	40.0000	0.699935600
360.0000	60.0000	40.0000	1.000000000
0.0000	70.0000	40.0000	0.575417800
10.0000	70.0000	40.0000	0.612309160
20.0000	70.0000	40.0000	1.284250400
30.0000	70.0000	40.0000	1.771364800
40.0000	70.0000	40.0000	0.509586100
50.0000	70.0000	40.0000	0.116884590
60.0000	70.0000	40.0000	0.195675100
70.0000	70.0000	40.0000	0.350826050
80.0000	70.0000	40.0000	0.293148850
90.0000	70.0000	40.0000	0.511325360
100.0000	70.0000	40.0000	1.240374900
110.0000	70.0000	40.0000	2.326554800
120.0000	70.0000	40.0000	0.879171100
130.0000	70.0000	40.0000	0.307076570
140.0000	70.0000	40.0000	0.385774970
150.0000	70.0000	40.0000	0.564510300
160.0000	70.0000	40.0000	1.112861800
170.0000	70.0000	40.0000	1.178148600
180.0000	70.0000	40.0000	0.449485540
190.0000	70.0000	40.0000	0.462060100
200.0000	70.0000	40.0000	0.723284660
210.0000	70.0000	40.0000	0.490201900
220.0000	70.0000	40.0000	0.244583950
230.0000	70.0000	40.0000	0.181399600
240.0000	70.0000	40.0000	0.293680970
250.0000	70.0000	40.0000	0.663618270
260.0000	70.0000	40.0000	0.563320000
270.0000	70.0000	40.0000	1.059026700
280.0000	70.0000	40.0000	1.243925700
290.0000	70.0000	40.0000	0.726152060
300.0000	70.0000	40.0000	0.374416770
310.0000	70.0000	40.0000	0.169583480
320.0000	70.0000	40.0000	0.484789160
330.0000	70.0000	40.0000	2.540507300
340.0000	70.0000	40.0000	1.785322100
350.0000	70.0000	40.0000	1.071939700
360.0000	70.0000	40.0000	1.000000000
0.0000	80.0000	40.0000	0.483183620
10.0000	80.0000	40.0000	0.488332360
20.0000	80.0000	40.0000	1.407697000
30.0000	80.0000	40.0000	0.882057250
40.0000	80.0000	40.0000	0.834249600
50.0000	80.0000	40.0000	1.275798000
60.0000	80.0000	40.0000	1.146740600
70.0000	80.0000	40.0000	1.532004800
80.0000	80.0000	40.0000	0.848630670
90.0000	80.0000	40.0000	1.066414100
100.0000	80.0000	40.0000	3.070515000
110.0000	80.0000	40.0000	3.706665500
120.0000	80.0000	40.0000	1.144801100
130.0000	80.0000	40.0000	0.582113270
140.0000	80.0000	40.0000	0.378586830
150.0000	80.0000	40.0000	0.502238100
160.0000	80.0000	40.0000	1.240609800
170.0000	80.0000	40.0000	0.814176440
180.0000	80.0000	40.0000	0.657830400
190.0000	80.0000	40.0000	1.276084900
200.0000	80.0000	40.0000	2.006361000
210.0000	80.0000	40.0000	0.488883730
220.0000	80.0000	40.0000	0.372051000
230.0000	80.0000	40.0000	0.683985200
240.0000	80.0000	40.0000	0.724851500
250.0000	80.0000	40.0000	1.242685100
260.0000	80.0000	40.0000	1.561991200
270.0000	80.0000	40.0000	2.169458200
280.0000	80.0000	40.0000	2.123665300
290.0000	80.0000	40.0000	1.147089800
300.0000	80.0000	40.0000	0.455388840
310.0000	80.0000	40.0000	0.292672100
320.0000	80.0000	40.0000	0.398976560
330.0000	80.0000	40.0000	0.695392800
340.0000	80.0000	40.0000	0.934116070
350.0000	80.0000	40.0000	1.203100300
360.0000	80.0000	40.0000	1.000000000
0.0000	90.0000	40.0000	0.449349140
10.0000	90.0000	40.0000	0.360595580
20.0000	90.0000	40.0000	1.040933800
30.0000	90.0000	40.0000	0.840780400
40.0000	90.0000	40.0000	1.245759700
50.0000	90.0000	40.0000	2.811157700
60.0000	90.0000	40.0000	2.165873800
70.0000	90.0000	40.0000	4.018323000
80.0000	90.0000	40.0000	1.952014700
90.0000	90.0000	40.0000	2.250309500
100.0000	90.0000	40.0000	8.194098000
110.0000	90.0000	40.0000	7.652054300
120.0000	90.0000	40.0000	1.971900000
130.0000	90.0000	40.0000	2.590539700
140.0000	90.0000	40.0000	0.839897100
150.0000	90.0000	40.0000	0.846336600
160.0000	90.0000	40.0000	2.009390400
170.0000	90.0000	40.0000	0.519227150
180.0000	90.0000	40.0000	0.708299340
190.0000	90.0000	40.0000	2.075414700
200.0000	90.0000	40.0000	2.512269000
210.0000	90.0000	40.0000	0.580527100
220.0000	90.0000	40.0000	0.597205940
230.0000	90.0000	40.0000	1.663293200
240.0000	90.0000	40.0000	1.786744700
250.0000	90.0000	40.0000	3.872942000
260.0000	90.0000	40.0000	2.765291200
270.0000	90.0000	40.0000	2.883738500
280.0000	90.0000	40.0000	3.677104500
290.0000	90.0000	40.0000	2.246877700
300.0000	90.0000	40.0000	0.666093950
310.0000	90.0000	40.0000	0.634718400
320.0000	90.0000	40.0000	0.467568600
330.0000	90.0000	40.0000	0.486233380
340.0000	90.0000	40.0000	1.296783900
350.0000	90.0000	40.0000	1.709983200
360.0000	90.0000	40.0000	1.000000000
0.0000	0.0000	50.0000	1.000000000
10.0000	0.0000	50.0000	1.000000000
20.0000	0.0000	50.0000	1.000000000
30.0000	0.0000	50.0000	1.000000000
40.0000	0.0000	50.0000	1.000000000
50.0000	0.0000	50.0000	1.000000000
60.0000	0.0000	50.0000	1.000000000
70.0000	0.0000	50.0000	1.000000000
80.0000	0.0000	50.0000	1.000000000
90.0000	0.0000	50.0000	1.000000000
100.0000	0.0000	50.0000	1.000000000
110.0000	0.0000	50.0000	1.000000000
120.0000	0.0000	50.0000	1.000000000
130.0000	0.0000	50.0000	1.000000000
140.0000	0.0000	50.0000	1.000000000
150.0000	0.0000	50.0000	1.000000000
160.0000	0.0000	50.0000	1.000000000
170.0000	0.0000	50.0000	1.000000000
180.0000	0.0000	50.0000	1.000000000
190.0000	0.0000	50.0000	1.000000000
200.0000	0.0000	50.0000	1.000000000
210.0000	0.0000	50.0000	1.000000000
220.0000	0.0000	50.0000	1.000000000
230.0000	0.0000	50.0000	1.000000000
240.0000	0.0000	50.0000	1.000000000
250.0000	0.0000	50.0000	1.000000000
260.0000	0.0000	50.0000	1.000000000
270.0000	0.0000	50.0000	1.000000000
280.0000	0.0000	50.0000	1.000000000
290.0000	0.0000	50.0000	1.000000000
300.0000	0.0000	50.0000	1.000000000
310.0000	0.0000	50.0000	1.000000000
320.0000	0.0000	50.0000	1.000000000
330.0000	0.0000	50.0000	1.000000000
340.0000	0.0000	50.0000	1.000000000
350.0000	0.0000	50.0000	1.000000000
360.0000	0.0000	50.0000	1.000000000
0.0000	10.0000	50.0000	0.482532530
10.0000	10.0000	50.0000	2.952292200
20.0000	10.0000	50.0000	3.190846000
30.0000	10.0000	50.0000	0.068669386
40.0000	10.0000	50.0000	0.052043933
50.0000	10.0000	50.0000	0.143917340
60.0000	10.0000	50.0000	1.011346700
70.0000	10.0000	50.0000	2.406959800
80.0000	10.0000	50.0000	2.353683200
90.0000	10.0000	50.0000	5.537347300
100.0000	10.0000	50.0000	4.948113000
110.0000	10.0000	50.0000	0.225666980
120.0000	10.0000	50.0000	0.064099245
130.0000	10.0000	50.0000	0.046606474
140.0000	10.0000	50.0000	0.057332890
150.0000	10.0000	50.0000	0.154827640
160.0000	10.0000	50.0000	1.849719300
170.0000	10.0000	50.0000	1.043703000
180.0000	10.0000	50.0000	0.287485630
190.0000	10.0000	50.0000	1.111807200
200.0000	10.0000	50.0000	0.708483000
210.0000	10.0000	50.0000	0.050275706
220.0000	10.0000	50.0000	0.037308750
230.0000	10.0000	50.0000	0.128873120
240.0000	10.0000	50.0000	0.694349650
250.0000	10.0000	50.0000	1.048796700
260.0000	10.0000	50.0000	1.748178000
270.0000	10.0000	50.0000	5.229868000
280.0000	10.0000	50.0000	6.514197000
290.0000	10.0000	50.0000	0.400152560
300.0000	10.0000	50.0000	0.105672690
310.0000	10.0000	50.0000	0.070451386
320.0000	10.0000	50.0000	0.115201930
330.0000	10.0000	50.0000	0.418850360
340.0000	10.0000	50.0000	1.979047700
350.0000	10.0000	50.0000	1.723874100
360.0000	10.0000	50.0000	1.000000000
0.0000	20.0000	50.0000	0.810899700
10.0000	20.0000	50.0000	1.574390300
20.0000	20.0000	50.0000	0.768563150
30.0000	20.0000	50.0000	0.104746170
40.0000	20.0000	50.0000	0.065974030
50.0000	20.0000	50.0000	0.174795050
60.0000	20.0000	50.0000	0.572368100
70.0000	20.0000	50.0000	0.609130400
80.0000	20.0000	50.0000	0.901506500
90.0000	20.0000	50.0000	3.504331400
100.0000	20.0000	50.0000	1.305633200
110.0000	20.0000	50.0000	0.260445860
120.0000	20.0000	50.0000	0.197448150
130.0000	20.0000	50.0000	0.102848880
140.0000	20.0000	50.0000	0.102898810
150.0000	20.0000	50.0000	0.396089140
160.0000	20.0000	50.0000	1.148324800
170.0000	20.0000	50.0000	0.800567400
180.0000	20.0000	50.0000	0.519487100
190.0000	20.0000	50.0000	0.772632060
200.0000	20.0000	50.0000	0.793884040
210.0000	20.0000	50.0000	0.147088410
220.0000	20.0000	50.0000	0.063158154
230.0000	20.0000	50.0000	0.196641120
240.0000	20.0000	50.0000	0.519202900
250.0000	20.0000	50.0000	0.308134260
260.0000	20.0000	50.0000	0.560689870
270.0000	20.0000	50.0000	2.859558800
280.0000	20.0000	50.0000	1.026323100
290.0000	20.0000	50.0000	0.259287300
300.0000	20.0000	50.0000	0.339655430
310.0000	20.0000	50.0000	0.189413160
320.0000	20.0000	50.0000	0.155976270
330.0000	20.0000	50.0000	0.371166000
340.0000	20.0000	50.0000	0.914936800
350.0000	20.0000	50.0000	0.917483150
360.0000	20.0000	50.0000	1.000000000
0.0000	30.0000	50.0000	0.810997250
10.0000	30.0000	50.0000	0.921832560
20.0000	30.0000	50.0000	0.532234430
30.0000	30.0000	50.0000	0.222789500
40.0000	30.0000	50.0000	0.109437760
50.0000	30.0000	50.0000	0.235041570
60.0000	30.0000	50.0000	0.436227920
70.0000	30.0000	50.0000	0.366286130
80.0000	30.0000	50.0000	0.448988970
90.0000	30.0000	50.0000	0.777519200
100.0000	30.0000	50.0000	0.724321200
110.0000	30.0000	50.0000	0.262807850
120.0000	30.0000	50.0000	0.169967130
130.0000	30.0000	50.0000	0.236343060
140.0000	30.0000	50.0000	0.548019350
150.0000	30.0000	50.0000	1.334790000
160.0000	30.0000	50.0000	1.706515900
170.0000	30.0000	50.0000	0.932888270
180.0000	30.0000	50.0000	1.337344800
190.0000	30.0000	50.0000	2.005744500
200.0000	30.0000	50.0000	1.502207600
210.0000	30.0000	50.0000	0.778882800
220.0000	30.0000	50.0000	0.300427820
230.0000	30.0000	50.0000	0.311000440
240.0000	30.0000	50.0000	0.419696450
250.0000	30.0000	50.0000	0.267680640
260.0000	30.0000	50.0000	0.307554220
270.0000	30.0000	50.0000	0.685736200
280.0000	30.0000	50.0000	0.517217040
290.0000	30.0000	50.0000	0.260241120
300.0000	30.0000	50.0000	0.244277880
310.0000	30.0000	50.0000	0.314456970
320.0000	30.0000	50.0000	0.291764860
330.0000	30.0000	50.0000	0.453378470
340.0000	30.0000	50.0000	1.133740700
350.0000	30.0000	50.0000	0.671665850
360.0000	30.0000	50.0000	1.000000000
0.0000	40.0000	50.0000	0.910435260
10.0000	40.0000	50.0000	1.145390400
20.0000	40.0000	50.0000	1.233058300
30.0000	40.0000	50.0000	0.726231900
40.0000	40.0000	50.0000	0.411388040
50.0000	40.0000	50.0000	0.186392500
60.0000	40.0000	50.0000	0.124807750
70.0000	40.0000	50.0000	0.148704510
80.0000	40.0000	50.0000	0.469010440
90.0000	40.0000	50.0000	0.790456900
100.0000	40.0000	50.0000	0.549188300
110.0000	40.0000	50.0000	0.262278900
120.0000	40.0000	50.0000	0.253243240
130.0000	40.0000	50.0000	0.633538660
140.0000	40.0000	50.0000	2.138520200
150.0000	40.0000	50.0000	3.231950800
160.0000	40.0000	50.0000	1.379713500
170.0000	40.0000	50.0000	0.669379000
180.0000	40.0000	50.0000	1.331617500
190.0000	40.0000	50.0000	1.515596600
200.0000	40.0000	50.0000	1.263695700
210.0000	40.0000	50.0000	2.364439700
220.0000	40.0000	50.0000	1.235316400
230.0000	40.0000	50.0000	0.550604940
240.0000	40.0000	50.0000	0.181833730
250.0000	40.0000	50.0000	0.140450240
260.0000	40.0000	50.0000	0.305737880
270.0000	40.0000	50.0000	0.673599000
280.0000	40.0000	50.0000	0.486782520
290.0000	40.0000	50.0000	0.274441400
300.0000	40.0000	50.0000	0.204439940
310.0000	40.0000	50.0000	0.400352780
320.0000	40.0000	50.0000	0.676538600
330.0000	40.0000	50.0000	0.789870440
340.0000	40.0000	50.0000	1.233047000
350.0000	40.0000	50.0000	0.522900760
360.0000	40.0000	50.0000	1.000000000
0.0000	50.0000	50.0000	0.968230700
10.0000	50.0000	50.0000	1.181464300
20.0000	50.0000	50.0000	1.510169000
30.0000	50.0000	50.0000	2.368799200
40.0000	50.0000	50.0000	1.586311800
50.0000	50.0000	50.0000	0.403158660
60.0000	50.0000	50.0000	0.212447820
70.0000	50.0000	50.0000	0.287137330
80.0000	50.0000	50.0000	1.527535900
90.0000	50.0000	50.0000	3.131523400
100.0000	50.0000	50.0000	0.929462850
110.0000	50.0000	50.0000	0.472648650
120.0000	50.0000	50.0000	0.597057700
130.0000	50.0000	50.0000	0.976053800
140.0000	50.0000	50.0000	3.282489800
150.0000	50.0000	50.0000	3.912076200
160.0000	50.0000	50.0000	0.604316800
170.0000	50.0000	50.0000	0.283105520
180.0000	50.0000	50.0000	0.593235970
190.0000	50.0000	50.0000	0.668878000
200.0000	50.0000	50.0000	0.937869700
210.0000	50.0000	50.0000	2.336813000
220.0000	50.0000	50.0000	2.207200500
230.0000	50.0000	50.0000	1.108738400
240.0000	50.0000	50.0000	0.516166800
250.0000	50.0000	50.0000	0.460924700
260.0000	50.0000	50.0000	0.966569100
270.0000	50.0000	50.0000	2.130598800
280.0000	50.0000	50.0000	1.229947100
290.0000	50.0000	50.0000	0.384141650
300.0000	50.0000	50.0000	0.305633700
310.0000	50.0000	50.0000	0.587346800
320.0000	50.0000	50.0000	1.404813500
330.0000	50.0000	50.0000	1.505781500
340.0000	50.0000	50.0000	0.672707860
350.0000	50.0000	50.0000	0.281454770
360.0000	50.0000	50.0000	1.000000000
0.0000	60.0000	50.0000	0.750037430
10.0000	60.0000	50.0000	0.955350800
20.0000	60.0000	50.0000	2.392068400
30.0000	60.0000	50.0000	5.223580400
40.0000	60.0000	50.0000	1.085090000
50.0000	60.0000	50.0000	0.310885130
60.0000	60.0000	50.0000	0.478631800
70.0000	60.0000	50.0000	0.908685450
80.0000	60.0000	50.0000	1.713584000
90.0000	60.0000	50.0000	2.485230700
100.0000	60.0000	50.0000	1.346182700
110.0000	60.0000	50.0000	0.877250700
120.0000	60.0000	50.0000	0.481159330
130.0000	60.0000	50.0000	0.406194060
140.0000	60.0000	50.0000	1.179738000
150.0000	60.0000	50.0000	1.456933600
160.0000	60.0000	50.0000	0.449837570
170.0000	60.0000	50.0000	0.291640730
180.0000	60.0000	50.0000	0.406534940
190.0000	60.0000	50.0000	0.692898600
200.0000	60.0000	50.0000	1.181975100
210.0000	60.0000	50.0000	1.663190500
220.0000	60.0000	50.0000	1.179968000
230.0000	60.0000	50.0000	0.581057200
240.0000	60.0000	50.0000	1.047073100
250.0000	60.0000	50.0000	2.393273800
260.0000	60.0000	50.0000	1.463207600
270.0000	60.0000	50.0000	1.744654400
280.0000	60.0000	50.0000	1.309818100
290.0000	60.0000	50.0000	0.391256750
300.0000	60.0000	50.0000	0.274948420
310.0000	60.0000	50.0000	0.249439630
320.0000	60.0000	50.0000	1.048902300
330.0000	60.0000	50.0000	2.260361000
340.0000	60.0000	50.0000	0.577429100
350.0000	60.0000	50.0000	0.270203650
360.0000	60.0000	50.0000	1.000000000
0.0000	70.0000	50.0000	0.511809600
10.0000	70.0000	50.0000	0.925806160
20.0000	70.0000	50.0000	3.574810300
30.0000	70.0000	50.0000	2.643107400
40.0000	70.0000	50.0000	0.303658200
50.0000	70.0000	50.0000	0.162399100
60.0000	70.0000	50.0000	0.597834700
70.0000	70.0000	50.0000	1.059185400
80.0000	70.0000	50.0000	1.149378400
90.0000	70.0000	50.0000	1.404643500
100.0000	70.0000	50.0000	1.023664500
110.0000	70.0000	50.0000	0.785780100
120.0000	70.0000	50.0000	0.263752520
130.0000	70.0000	50.0000	0.155257200
140.0000	70.0000	50.0000	0.268777340
150.0000	70.0000	50.0000	0.551485540
160.0000	70.0000	50.0000	0.919150650
170.0000	70.0000	50.0000	0.579781000
180.0000	70.0000	50.0000	0.425809260
190.0000	70.0000	50.0000	0.724324800
200.0000	70.0000	50.0000	0.885221600
210.0000	70.0000	50.0000	0.555866960
220.0000	70.0000	50.0000	0.290549340
230.0000	70.0000	50.0000	0.234755810
240.0000	70.0000	50.0000	0.892790100
250.0000	70.0000	50.0000	2.322972000
260.0000	70.0000	50.0000	0.982450700
270.0000	70.0000	50.0000	0.478361730
280.0000	70.0000	50.0000	0.280857350
290.0000	70.0000	50.0000	0.230952830
300.0000	70.0000	50.0000	0.177889170
310.0000	70.0000	50.0000	0.113704264
320.0000	70.0000	50.0000	0.484879460
330.0000	70.0000	50.0000	1.845654100
340.0000	70.0000	50.0000	0.987057700
350.0000	70.0000	50.0000	0.640622740
360.0000	70.0000	50.0000	1.000000000
0.0000	80.0000	50.0000	0.499928180
10.0000	80.0000	50.0000	0.813803000
20.0000	80.0000	50.0000	3.007933000
30.0000	80.0000	50.0000	1.022188400
40.0000	80.0000	50.0000	0.369243900
50.0000	80.0000	50.0000	0.312033330
60.0000	80.0000	50.0000	0.815183400
70.0000	80.0000	50.0000	1.658551100
80.0000	80.0000	50.0000	2.776262000
90.0000	80.0000	50.0000	3.853686300
100.0000	80.0000	50.0000	4.057866000
110.0000	80.0000	50.0000	2.459220600
120.0000	80.0000	50.0000	1.075804000
130.0000	80.0000	50.0000	1.212613900
140.0000	80.0000	50.0000	0.422035720
150.0000	80.0000	50.0000	0.602838750
160.0000	80.0000	50.0000	2.059471800
170.0000	80.0000	50.0000	0.624741100
180.0000	80.0000	50.0000	0.495283450
190.0000	80.0000	50.0000	0.967652140
200.0000	80.0000	50.0000	0.701722700
210.0000	80.0000	50.0000	0.367551740
220.0000	80.0000	50.0000	0.263732700
230.0000	80.0000	50.0000	0.364587580
240.0000	80.0000	50.0000	0.955504830
250.0000	80.0000	50.0000	1.660792200
260.0000	80.0000	50.0000	1.585971400
270.0000	80.0000	50.0000	0.747047660
280.0000	80.0000	50.0000	0.537736240
290.0000	80.0000	50.0000	0.709330260
300.0000	80.0000	50.0000	0.591783400
310.0000	80.0000	50.0000	0.625146100
320.0000	80.0000	50.0000	0.583305660
330.0000	80.0000	50.0000	1.019432300
340.0000	80.0000	50.0000	1.729974600
350.0000	80.0000	50.0000	1.179078300
360.0000	80.0000	50.0000	1.000000000
0.0000	90.0000	50.0000	0.506382470
10.0000	90.0000	50.0000	0.628649600
20.0000	90.0000	50.0000	3.276776800
30.0000	90.0000	50.0000	1.122826900
40.0000	90.0000	50.0000	0.768882930
50.0000	90.0000	50.0000	1.350393700
60.0000	90.0000	50.0000	1.651055600
70.0000	90.0000	50.0000	3.614861200
80.0000	90.0000	50.0000	5.033195500
90.0000	90.0000	50.0000	6.937448500
100.0000	90.0000	50.0000	11.478965000
110.0000	90.0000	50.0000	7.024832000
120.0000	90.0000	50.0000	2.350777600
130.0000	90.0000	50.0000	2.936179600
140.0000	90.0000	50.0000	0.760178450
150.0000	90.0000	50.0000	0.696874740
160.0000	90.0000	50.0000	2.536669000
170.0000	90.0000	50.0000	0.386936960
180.0000	90.0000	50.0000	0.537143230
190.0000	90.0000	50.0000	1.485926900
200.0000	90.0000	50.0000	1.099825300
210.0000	90.0000	50.0000	0.511126160
220.0000	90.0000	50.0000	0.434370370
230.0000	90.0000	50.0000	0.839013800
240.0000	90.0000	50.0000	1.264987500
250.0000	90.0000	50.0000	1.953390400
260.0000	90.0000	50.0000	1.532418000
270.0000	90.0000	50.0000	1.168248000
280.0000	90.0000	50.0000	1.463046300
290.0000	90.0000	50.0000	2.707242700
300.0000	90.0000	50.0000	1.578259300
310.0000	90.0000	50.0000	1.843519400
320.0000	90.0000	50.0000	0.779413460
330.0000	90.0000	50.0000	0.718028700
340.0000	90.0000	50.0000	1.690537500
350.0000	90.0000	50.0000	1.074142800
360.0000	90.0000	50.0000	1.000000000
0.0000	0.0000	60.0000	1.000000000
10.0000	0.0000	60.0000	1.000000000
20.0000	0.0000	60.0000	1.000000000
30.0000	0.0000	60.0000	1.000000000
40.0000	0.0000	60.0000	1.000000000
50.0000	0.0000	60.0000	1.000000000
60.0000	0.0000	60.0000	1.000000000
70.0000	0.0000	60.0000	1.000000000
80.0000	0.0000	60.0000	1.000000000
90.0000	0.0000	60.0000	1.000000000
100.0000	0.0000	60.0000	1.000000000
110.0000	0.0000	60.0000	1.000000000
120.0000	0.0000	60.0000	1.000000000
130.0000	0.0000	60.0000	1.000000000
140.0000	0.0000	60.0000	1.000000000
150.0000	0.0000	60.0000	1.000000000
160.0000	0.0000	60.0000	1.000000000
170.0000	0.0000	60.0000	1.000000000
180.0000	0.0000	60.0000	1.000000000
190.0000	0.0000	60.0000	1.000000000
200.0000	0.0000	60.0000	1.000000000
210.0000	0.0000	60.0000	1.000000000
220.0000	0.0000	60.0000	1.000000000
230.0000	0.0000	60.0000	1.000000000
240.0000	0.0000	60.0000	1.000000000
250.0000	0.0000	60.0000	1.000000000
260.0000	0.0000	60.0000	1.000000000
270.0000	0.0000	60.0000	1.000000000
280.0000	0.0000	60.0000	1.000000000
290.0000	0.0000	60.0000	1.000000000
300.0000	0.0000	60.0000	1.000000000
310.0000	0.0000	60.0000	1.000000000
320.0000	0.0000	60.0000	1.000000000
330.0000	0.0000	60.0000	1.000000000
340.0000	0.0000	60.0000	1.000000000
350.0000	0.0000	60.0000	1.000000000
360.0000	0.0000	60.0000	1.000000000
0.0000	10.0000	60.0000	0.791223300
10.0000	10.0000	60.0000	4.139628400
20.0000	10.0000	60.0000	0.954909800
30.0000	10.0000	60.0000	0.096800720
40.0000	10.0000	60.0000	0.239999010
50.0000	10.0000	60.0000	0.749935400
60.0000	10.0000	60.0000	1.756617200
70.0000	10.0000	60.0000	2.667704000
80.0000	10.0000	60.0000	2.024627000
90.0000	10.0000	60.0000	0.339196260
100.0000	10.0000	60.0000	0.077140420
110.0000	10.0000	60.0000	0.066414080
120.0000	10.0000	60.0000	0.059746724
130.0000	10.0000	60.0000	0.078056455
140.0000	10.0000	60.0000	0.225998420
150.0000	10.0000	60.0000	0.598189060
160.0000	10.0000	60.0000	1.303943500
170.0000	10.0000	60.0000	1.227788000
180.0000	10.0000	60.0000	0.433068070
190.0000	10.0000	60.0000	1.021611600
200.0000	10.0000	60.0000	0.262988480
210.0000	10.0000	60.0000	0.060761932
220.0000	10.0000	60.0000	0.149419780
230.0000	10.0000	60.0000	0.763994340
240.0000	10.0000	60.0000	1.381138400
250.0000	10.0000	60.0000	1.230785500
260.0000	10.0000	60.0000	3.138693600
270.0000	10.0000	60.0000	1.035261800
280.0000	10.0000	60.0000	0.210082130
290.0000	10.0000	60.0000	0.178296210
300.0000	10.0000	60.0000	0.098543905
310.0000	10.0000	60.0000	0.173684300
320.0000	10.0000	60.0000	0.707057800
330.0000	10.0000	60.0000	0.785417900
340.0000	10.0000	60.0000	1.483267800
350.0000	10.0000	60.0000	1.800119600
360.0000	10.0000	60.0000	1.000000000
0.0000	20.0000	60.0000	1.489321800
10.0000	20.0000	60.0000	1.758285900
20.0000	20.0000	60.0000	0.152902510
30.0000	20.0000	60.0000	0.053748418
40.0000	20.0000	60.0000	0.241343750
50.0000	20.0000	60.0000	0.548366070
60.0000	20.0000	60.0000	1.778869600
70.0000	20.0000	60.0000	2.241411000
80.0000	20.0000	60.0000	0.272646430
90.0000	20.0000	60.0000	0.084620250
100.0000	20.0000	60.0000	0.124340410
110.0000	20.0000	60.0000	0.130760160
120.0000	20.0000	60.0000	0.114789210
130.0000	20.0000	60.0000	0.188528940
140.0000	20.0000	60.0000	0.506448860
150.0000	20.0000	60.0000	1.288670200
160.0000	20.0000	60.0000	0.805851300
170.0000	20.0000	60.0000	0.894652900
180.0000	20.0000	60.0000	0.862009700
190.0000	20.0000	60.0000	0.548892700
200.0000	20.0000	60.0000	0.180006190
210.0000	20.0000	60.0000	0.078371000
220.0000	20.0000	60.0000	0.186159010
230.0000	20.0000	60.0000	0.372394560
240.0000	20.0000	60.0000	0.726447800
250.0000	20.0000	60.0000	0.491469620
260.0000	20.0000	60.0000	0.260326120
270.0000	20.0000	60.0000	0.317464500
280.0000	20.0000	60.0000	0.305879470
290.0000	20.0000	60.0000	0.147386640
300.0000	20.0000	60.0000	0.156676800
310.0000	20.0000	60.0000	0.280228020
320.0000	20.0000	60.0000	0.500563100
330.0000	20.0000	60.0000	1.020350300
340.0000	20.0000	60.0000	1.047590900
350.0000	20.0000	60.0000	1.000008100
360.0000	20.0000	60.0000	1.000000000
0.0000	30.0000	60.0000	1.146525700
10.0000	30.0000	60.0000	0.727776600
20.0000	30.0000	60.0000	0.074936874
30.0000	30.0000	60.0000	0.061101010
40.0000	30.0000	60.0000	0.145745700
50.0000	30.0000	60.0000	0.269009300
60.0000	30.0000	60.0000	0.549024050
70.0000	30.0000	60.0000	1.103096600
80.0000	30.0000	60.0000	0.491300280
90.0000	30.0000	60.0000	0.220801760
100.0000	30.0000	60.0000	0.220728890
110.0000	30.0000	60.0000	0.223836240
120.0000	30.0000	60.0000	0.313706900
130.0000	30.0000	60.0000	0.449939500
140.0000	30.0000	60.0000	0.959604260
150.0000	30.0000	60.0000	1.339300300
160.0000	30.0000	60.0000	0.603574630
170.0000	30.0000	60.0000	0.926341400
180.0000	30.0000	60.0000	2.039034400
190.0000	30.0000	60.0000	1.754498500
200.0000	30.0000	60.0000	0.628551700
210.0000	30.0000	60.0000	0.300260040
220.0000	30.0000	60.0000	0.402171550
230.0000	30.0000	60.0000	0.463110100
240.0000	30.0000	60.0000	0.454939900
250.0000	30.0000	60.0000	0.335420500
260.0000	30.0000	60.0000	0.216598900
270.0000	30.0000	60.0000	0.310357960
280.0000	30.0000	60.0000	0.287332120
290.0000	30.0000	60.0000	0.108595870
300.0000	30.0000	60.0000	0.183524770
310.0000	30.0000	60.0000	0.271126270
320.0000	30.0000	60.0000	0.350095330
330.0000	30.0000	60.0000	0.682048400
340.0000	30.0000	60.0000	0.720432640
350.0000	30.0000	60.0000	0.767135600
360.0000	30.0000	60.0000	1.000000000
0.0000	40.0000	60.0000	1.311643100
10.0000	40.0000	60.0000	0.889632170
20.0000	40.0000	60.0000	0.273686980
30.0000	40.0000	60.0000	0.209850240
40.0000	40.0000	60.0000	0.255865400
50.0000	40.0000	60.0000	0.262097120
60.0000	40.0000	60.0000	0.175949230
70.0000	40.0000	60.0000	0.364731040
80.0000	40.0000	60.0000	1.476054900
90.0000	40.0000	60.0000	1.855489600
100.0000	40.0000	60.0000	0.783242200
110.0000	40.0000	60.0000	0.441163450
120.0000	40.0000	60.0000	0.567450900
130.0000	40.0000	60.0000	1.108078000
140.0000	40.0000	60.0000	1.752653700
150.0000	40.0000	60.0000	0.802604850
160.0000	40.0000	60.0000	0.263732640
170.0000	40.0000	60.0000	0.747405700
180.0000	40.0000	60.0000	2.190778300
190.0000	40.0000	60.0000	1.620347700
200.0000	40.0000	60.0000	1.319231200
210.0000	40.0000	60.0000	1.251118000
220.0000	40.0000	60.0000	0.849804160
230.0000	40.0000	60.0000	0.442165370
240.0000	40.0000	60.0000	0.187726540
250.0000	40.0000	60.0000	0.186558710
260.0000	40.0000	60.0000	0.425817640
270.0000	40.0000	60.0000	0.974826750
280.0000	40.0000	60.0000	0.662493900
290.0000	40.0000	60.0000	0.354652730
300.0000	40.0000	60.0000	0.420796960
310.0000	40.0000	60.0000	0.587354540
320.0000	40.0000	60.0000	0.414706320
330.0000	40.0000	60.0000	0.462615000
340.0000	40.0000	60.0000	0.376366320
350.0000	40.0000	60.0000	0.550238670
360.0000	40.0000	60.0000	1.000000000
0.0000	50.0000	60.0000	1.647487200
10.0000	50.0000	60.0000	1.247381200
20.0000	50.0000	60.0000	0.643147600
30.0000	50.0000	60.0000	0.630344400
40.0000	50.0000	60.0000	0.711137650
50.0000	50.0000	60.0000	0.335957880
60.0000	50.0000	60.0000	0.172786470
70.0000	50.0000	60.0000	0.299957600
80.0000	50.0000	60.0000	2.779083500
90.0000	50.0000	60.0000	2.744131300
100.0000	50.0000	60.0000	0.599666360
110.0000	50.0000	60.0000	0.464865700
120.0000	50.0000	60.0000	0.772552430
130.0000	50.0000	60.0000	1.541894900
140.0000	50.0000	60.0000	2.482262000
150.0000	50.0000	60.0000	0.363745960
160.0000	50.0000	60.0000	0.087286410
170.0000	50.0000	60.0000	0.357728330
180.0000	50.0000	60.0000	1.285631900
190.0000	50.0000	60.0000	0.814088700
200.0000	50.0000	60.0000	0.680887340
210.0000	50.0000	60.0000	1.236274000
220.0000	50.0000	60.0000	1.444130200
230.0000	50.0000	60.0000	0.611616800
240.0000	50.0000	60.0000	0.289043220
250.0000	50.0000	60.0000	0.308424680
260.0000	50.0000	60.0000	0.639591160
270.0000	50.0000	60.0000	1.366112800
280.0000	50.0000	60.0000	0.663825750
290.0000	50.0000	60.0000	0.451278540
300.0000	50.0000	60.0000	0.630475160
310.0000	50.0000	60.0000	0.703290500
320.0000	50.0000	60.0000	0.486709200
330.0000	50.0000	60.0000	0.268131320
340.0000	50.0000	60.0000	0.179009000
350.0000	50.0000	60.0000	0.312178700
360.0000	50.0000	60.0000	1.000000000
0.0000	60.0000	60.0000	1.111521400
10.0000	60.0000	60.0000	1.080930800
20.0000	60.0000	60.0000	1.668497700
30.0000	60.0000	60.0000	2.069809400
40.0000	60.0000	60.0000	0.955368100
50.0000	60.0000	60.0000	0.507448900
60.0000	60.0000	60.0000	0.730705440
70.0000	60.0000	60.0000	1.204287800
80.0000	60.0000	60.0000	2.433913000
90.0000	60.0000	60.0000	2.368515700
100.0000	60.0000	60.0000	0.407288970
110.0000	60.0000	60.0000	0.383976280
120.0000	60.0000	60.0000	0.363878460
130.0000	60.0000	60.0000	0.482138800
140.0000	60.0000	60.0000	0.806070700
150.0000	60.0000	60.0000	0.411275900
160.0000	60.0000	60.0000	0.131888000
170.0000	60.0000	60.0000	0.254874900
180.0000	60.0000	60.0000	0.500581260
190.0000	60.0000	60.0000	0.621620300
200.0000	60.0000	60.0000	0.625837900
210.0000	60.0000	60.0000	1.267492200
220.0000	60.0000	60.0000	1.248339800
230.0000	60.0000	60.0000	0.720782040
240.0000	60.0000	60.0000	1.017396700
250.0000	60.0000	60.0000	1.727460100
260.0000	60.0000	60.0000	0.892450900
270.0000	60.0000	60.0000	0.716920800
280.0000	60.0000	60.0000	0.311649380
290.0000	60.0000	60.0000	0.261546820
300.0000	60.0000	60.0000	0.354013920
310.0000	60.0000	60.0000	0.336179820
320.0000	60.0000	60.0000	0.505033200
330.0000	60.0000	60.0000	0.470402270
340.0000	60.0000	60.0000	0.196733850
350.0000	60.0000	60.0000	0.246023950
360.0000	60.0000	60.0000	1.000000000
0.0000	70.0000	60.0000	0.360681440
10.0000	70.0000	60.0000	0.518121200
20.0000	70.0000	60.0000	1.420041200
30.0000	70.0000	60.0000	2.586852300
40.0000	70.0000	60.0000	0.798023000
50.0000	70.0000	60.0000	0.641072750
60.0000	70.0000	60.0000	2.074194700
70.0000	70.0000	60.0000	2.554607200
80.0000	70.0000	60.0000	1.788919600
90.0000	70.0000	60.0000	0.805233700
100.0000	70.0000	60.0000	0.283977180
110.0000	70.0000	60.0000	0.497595820
120.0000	70.0000	60.0000	0.304826560
130.0000	70.0000	60.0000	0.266439560
140.0000	70.0000	60.0000	0.418279170
150.0000	70.0000	60.0000	0.470914480
160.0000	70.0000	60.0000	0.314946530
170.0000	70.0000	60.0000	0.217027170
180.0000	70.0000	60.0000	0.179798650
190.0000	70.0000	60.0000	0.459402230
200.0000	70.0000	60.0000	0.437532700
210.0000	70.0000	60.0000	0.829078140
220.0000	70.0000	60.0000	0.607553800
230.0000	70.0000	60.0000	0.467132300
240.0000	70.0000	60.0000	1.462738800
250.0000	70.0000	60.0000	2.454790400
260.0000	70.0000	60.0000	0.571542260
270.0000	70.0000	60.0000	0.150078670
280.0000	70.0000	60.0000	0.116571360
290.0000	70.0000	60.0000	0.249552700
300.0000	70.0000	60.0000	0.249987510
310.0000	70.0000	60.0000	0.345736350
320.0000	70.0000	60.0000	0.717506650
330.0000	70.0000	60.0000	0.772417800
340.0000	70.0000	60.0000	0.401089070
350.0000	70.0000	60.0000	0.339404880
360.0000	70.0000	60.0000	1.000000000
0.0000	80.0000	60.0000	0.174084010
10.0000	80.0000	60.0000	0.293744830
20.0000	80.0000	60.0000	0.622323160
30.0000	80.0000	60.0000	0.792290800
40.0000	80.0000	60.0000	0.339223500
50.0000	80.0000	60.0000	0.266089440
60.0000	80.0000	60.0000	1.435181300
70.0000	80.0000	60.0000	2.901909000
80.0000	80.0000	60.0000	2.856726000
90.0000	80.0000	60.0000	1.351910400
100.0000	80.0000	60.0000	0.888723900
110.0000	80.0000	60.0000	1.408458600
120.0000	80.0000	60.0000	0.820583800
130.0000	80.0000	60.0000	0.599702500
140.0000	80.0000	60.0000	0.342376620
150.0000	80.0000	60.0000	0.242754030
160.0000	80.0000	60.0000	0.363266620
170.0000	80.0000	60.0000	0.206588330
180.0000	80.0000	60.0000	0.122846780
190.0000	80.0000	60.0000	0.307363780
200.0000	80.0000	60.0000	0.219426320
210.0000	80.0000	60.0000	0.413482220
220.0000	80.0000	60.0000	0.414824870
230.0000	80.0000	60.0000	0.412294950
240.0000	80.0000	60.0000	1.276659500
250.0000	80.0000	60.0000	1.234041500
260.0000	80.0000	60.0000	0.472989980
270.0000	80.0000	60.0000	0.159329770
280.0000	80.0000	60.0000	0.216282140
290.0000	80.0000	60.0000	0.955524740
300.0000	80.0000	60.0000	0.765051840
310.0000	80.0000	60.0000	1.105396900
320.0000	80.0000	60.0000	1.245244500
330.0000	80.0000	60.0000	0.512671600
340.0000	80.0000	60.0000	0.345424260
350.0000	80.0000	60.0000	0.407059220
360.0000	80.0000	60.0000	1.000000000
0.0000	90.0000	60.0000	0.173785550
10.0000	90.0000	60.0000	0.240878400
20.0000	90.0000	60.0000	0.380135900
30.0000	90.0000	60.0000	0.353061350
40.0000	90.0000	60.0000	0.129990490
50.0000	90.0000	60.0000	0.146228900
60.0000	90.0000	60.0000	1.237825200
70.0000	90.0000	60.0000	2.938665600
80.0000	90.0000	60.0000	3.874095200
90.0000	90.0000	60.0000	2.765531800
100.0000	90.0000	60.0000	2.506069400
110.0000	90.0000	60.0000	2.654285700
120.0000	90.0000	60.0000	1.084692400
130.0000	90.0000	60.0000	0.786469640
140.0000	90.0000	60.0000	0.288465560
150.0000	90.0000	60.0000	0.176506250
160.0000	90.0000	60.0000	0.450645920
170.0000	90.0000	60.0000	0.250794050
180.0000	90.0000	60.0000	0.152840240
190.0000	90.0000	60.0000	0.240485860
200.0000	90.0000	60.0000	0.156766200
210.0000	90.0000	60.0000	0.347925840
220.0000	90.0000	60.0000	0.372827800
230.0000	90.0000	60.0000	0.630820400
240.0000	90.0000	60.0000	1.779289000
250.0000	90.0000	60.0000	0.833911500
260.0000	90.0000	60.0000	0.418116840
270.0000	90.0000	60.0000	0.300985840
280.0000	90.0000	60.0000	0.646060760
290.0000	90.0000	60.0000	3.092392000
300.0000	90.0000	60.0000	1.744495500
310.0000	90.0000	60.0000	1.882498700
320.0000	90.0000	60.0000	1.168748100
330.0000	90.0000	60.0000	0.337740120
340.0000	90.0000	60.0000	0.339855760
350.0000	90.0000	60.0000	0.426848800
360.0000	90.0000	60.0000	1.000000000
