0.0000	0.0000	0.0000	0.186701300
10.0000	0.0000	0.0000	0.412765920
20.0000	0.0000	0.0000	1.389639000
30.0000	0.0000	0.0000	0.919330000
40.0000	0.0000	0.0000	0.585023700
50.0000	0.0000	0.0000	0.804950650
60.0000	0.0000	0.0000	1.316218600
70.0000	0.0000	0.0000	1.363762000
80.0000	0.0000	0.0000	0.246943850
90.0000	0.0000	0.0000	0.211168200
100.0000	0.0000	0.0000	0.532733700
110.0000	0.0000	0.0000	1.866495500
120.0000	0.0000	0.0000	2.823087500
130.0000	0.0000	0.0000	3.093046700
140.0000	0.0000	0.0000	3.501301000
150.0000	0.0000	0.0000	3.333598400
160.0000	0.0000	0.0000	1.626183200
170.0000	0.0000	0.0000	0.375287180
180.0000	0.0000	0.0000	0.187984270
190.0000	0.0000	0.0000	0.306570800
200.0000	0.0000	0.0000	1.360999300
210.0000	0.0000	0.0000	0.733896200
220.0000	0.0000	0.0000	0.369873460
230.0000	0.0000	0.0000	0.422252270
240.0000	0.0000	0.0000	0.835221350
250.0000	0.0000	0.0000	1.248050000
260.0000	0.0000	0.0000	0.232519370
270.0000	0.0000	0.0000	0.157936840
280.0000	0.0000	0.0000	0.381159070
290.0000	0.0000	0.0000	1.584463000
300.0000	0.0000	0.0000	2.331799300
310.0000	0.0000	0.0000	2.118234900
320.0000	0.0000	0.0000	2.636853500
330.0000	0.0000	0.0000	3.149833200
340.0000	0.0000	0.0000	1.471315700
350.0000	0.0000	0.0000	0.338076140
360.0000	0.0000	0.0000	1.000000000
0.0000	10.0000	0.0000	0.274842980
10.0000	10.0000	0.0000	1.315295800
20.0000	10.0000	0.0000	4.066149700
30.0000	10.0000	0.0000	0.550769500
40.0000	10.0000	0.0000	1.416045500
50.0000	10.0000	0.0000	3.559013400
60.0000	10.0000	0.0000	1.109970900
70.0000	10.0000	0.0000	1.236464300
80.0000	10.0000	0.0000	0.338008670
90.0000	10.0000	0.0000	0.411175970
100.0000	10.0000	0.0000	1.506297000
110.0000	10.0000	0.0000	3.351941600
120.0000	10.0000	0.0000	2.435307500
130.0000	10.0000	0.0000	2.884551500
140.0000	10.0000	0.0000	4.348773500
150.0000	10.0000	0.0000	5.033995000
160.0000	10.0000	0.0000	2.348124300
170.0000	10.0000	0.0000	0.654230650
180.0000	10.0000	0.0000	0.238447130
190.0000	10.0000	0.0000	1.201970800
200.0000	10.0000	0.0000	1.165501200
210.0000	10.0000	0.0000	0.349798860
220.0000	10.0000	0.0000	0.417324930
230.0000	10.0000	0.0000	1.342658000
240.0000	10.0000	0.0000	1.235247900
250.0000	10.0000	0.0000	1.185380700
260.0000	10.0000	0.0000	0.509596350
270.0000	10.0000	0.0000	0.550418200
280.0000	10.0000	0.0000	1.624021200
290.0000	10.0000	0.0000	3.443112400
300.0000	10.0000	0.0000	3.233494000
310.0000	10.0000	0.0000	4.384189000
320.0000	10.0000	0.0000	4.458256700
330.0000	10.0000	0.0000	3.530786800
340.0000	10.0000	0.0000	2.062267800
350.0000	10.0000	0.0000	0.786048700
360.0000	10.0000	0.0000	1.000000000
0.0000	20.0000	0.0000	0.381995200
10.0000	20.0000	0.0000	0.873474240
20.0000	20.0000	0.0000	2.450629000
30.0000	20.0000	0.0000	1.469747200
40.0000	20.0000	0.0000	1.483679800
50.0000	20.0000	0.0000	1.501058500
60.0000	20.0000	0.0000	0.166396810
70.0000	20.0000	0.0000	0.162829670
80.0000	20.0000	0.0000	0.182151210
90.0000	20.0000	0.0000	0.273424500
100.0000	20.0000	0.0000	1.014583000
110.0000	20.0000	0.0000	0.826975460
120.0000	20.0000	0.0000	0.618971350
130.0000	20.0000	0.0000	1.549195200
140.0000	20.0000	0.0000	0.872234640
150.0000	20.0000	0.0000	0.773136900
160.0000	20.0000	0.0000	1.374600200
170.0000	20.0000	0.0000	0.661557800
180.0000	20.0000	0.0000	0.427324000
190.0000	20.0000	0.0000	0.638599930
200.0000	20.0000	0.0000	0.996178100
210.0000	20.0000	0.0000	0.978053900
220.0000	20.0000	0.0000	0.375365000
230.0000	20.0000	0.0000	0.548238800
240.0000	20.0000	0.0000	0.331125400
250.0000	20.0000	0.0000	0.149443460
260.0000	20.0000	0.0000	0.122486320
270.0000	20.0000	0.0000	0.378803730
280.0000	20.0000	0.0000	0.959652000
290.0000	20.0000	0.0000	0.651777740
300.0000	20.0000	0.0000	1.335396200
310.0000	20.0000	0.0000	5.258510000
320.0000	20.0000	0.0000	1.382929700
330.0000	20.0000	0.0000	0.812593340
340.0000	20.0000	0.0000	0.861259340
350.0000	20.0000	0.0000	0.492736940
360.0000	20.0000	0.0000	1.000000000
0.0000	30.0000	0.0000	0.874318000
10.0000	30.0000	0.0000	1.445289900
20.0000	30.0000	0.0000	1.942653700
30.0000	30.0000	0.0000	1.200874800
40.0000	30.0000	0.0000	0.559935870
50.0000	30.0000	0.0000	0.277282830
60.0000	30.0000	0.0000	0.135247400
70.0000	30.0000	0.0000	0.197644490
80.0000	30.0000	0.0000	0.220320120
90.0000	30.0000	0.0000	0.311658900
100.0000	30.0000	0.0000	0.793608070
110.0000	30.0000	0.0000	0.235680300
120.0000	30.0000	0.0000	0.191629590
130.0000	30.0000	0.0000	1.050460300
140.0000	30.0000	0.0000	1.874269400
150.0000	30.0000	0.0000	2.664794700
160.0000	30.0000	0.0000	5.406348000
170.0000	30.0000	0.0000	2.284883000
180.0000	30.0000	0.0000	1.690939000
190.0000	30.0000	0.0000	2.008813600
200.0000	30.0000	0.0000	1.381035000
210.0000	30.0000	0.0000	0.711789900
220.0000	30.0000	0.0000	0.270333380
230.0000	30.0000	0.0000	0.160851170
240.0000	30.0000	0.0000	0.249549030
250.0000	30.0000	0.0000	0.223412780
260.0000	30.0000	0.0000	0.127274930
270.0000	30.0000	0.0000	0.251045880
280.0000	30.0000	0.0000	0.556242050
290.0000	30.0000	0.0000	0.244376670
300.0000	30.0000	0.0000	0.399624530
310.0000	30.0000	0.0000	1.087824800
320.0000	30.0000	0.0000	0.843612970
330.0000	30.0000	0.0000	1.333015900
340.0000	30.0000	0.0000	2.380262900
350.0000	30.0000	0.0000	0.997127900
360.0000	30.0000	0.0000	1.000000000
0.0000	40.0000	0.0000	3.020975600
10.0000	40.0000	0.0000	4.588316400
20.0000	40.0000	0.0000	4.113213000
30.0000	40.0000	0.0000	2.514187800
40.0000	40.0000	0.0000	2.778702300
50.0000	40.0000	0.0000	0.606338560
60.0000	40.0000	0.0000	0.985250800
70.0000	40.0000	0.0000	4.102549600
80.0000	40.0000	0.0000	1.241196800
90.0000	40.0000	0.0000	0.873778640
100.0000	40.0000	0.0000	1.264029900
110.0000	40.0000	0.0000	0.540399300
120.0000	40.0000	0.0000	0.365735080
130.0000	40.0000	0.0000	0.909327000
140.0000	40.0000	0.0000	2.448877300
150.0000	40.0000	0.0000	3.432582600
160.0000	40.0000	0.0000	5.974424400
170.0000	40.0000	0.0000	4.062455700
180.0000	40.0000	0.0000	3.879996500
190.0000	40.0000	0.0000	4.536588000
200.0000	40.0000	0.0000	1.759500000
210.0000	40.0000	0.0000	0.979243760
220.0000	40.0000	0.0000	1.065647100
230.0000	40.0000	0.0000	0.437436900
240.0000	40.0000	0.0000	0.668700160
250.0000	40.0000	0.0000	1.995105700
260.0000	40.0000	0.0000	0.708645940
270.0000	40.0000	0.0000	0.616216900
280.0000	40.0000	0.0000	1.205206300
290.0000	40.0000	0.0000	1.376084900
300.0000	40.0000	0.0000	0.816237570
310.0000	40.0000	0.0000	1.133768300
320.0000	40.0000	0.0000	2.224964400
330.0000	40.0000	0.0000	3.466682200
340.0000	40.0000	0.0000	5.967463000
350.0000	40.0000	0.0000	3.462041100
360.0000	40.0000	0.0000	1.000000000
0.0000	50.0000	0.0000	7.844905000
10.0000	50.0000	0.0000	9.135345000
20.0000	50.0000	0.0000	4.415979000
30.0000	50.0000	0.0000	3.083246000
40.0000	50.0000	0.0000	1.816719800
50.0000	50.0000	0.0000	0.498400660
60.0000	50.0000	0.0000	0.570189240
70.0000	50.0000	0.0000	1.488734200
80.0000	50.0000	0.0000	0.749290700
90.0000	50.0000	0.0000	0.817819700
100.0000	50.0000	0.0000	1.559869800
110.0000	50.0000	0.0000	1.155407800
120.0000	50.0000	0.0000	0.461243240
130.0000	50.0000	0.0000	0.461723060
140.0000	50.0000	0.0000	1.338473300
150.0000	50.0000	0.0000	2.033728000
160.0000	50.0000	0.0000	3.086584800
170.0000	50.0000	0.0000	1.869334000
180.0000	50.0000	0.0000	1.775306800
190.0000	50.0000	0.0000	2.838276600
200.0000	50.0000	0.0000	2.710274000
210.0000	50.0000	0.0000	2.556778400
220.0000	50.0000	0.0000	2.368315500
230.0000	50.0000	0.0000	0.684126140
240.0000	50.0000	0.0000	0.512491300
250.0000	50.0000	0.0000	0.738112300
260.0000	50.0000	0.0000	0.545561700
270.0000	50.0000	0.0000	0.874968800
280.0000	50.0000	0.0000	2.561409200
290.0000	50.0000	0.0000	2.507785600
300.0000	50.0000	0.0000	0.614665570
310.0000	50.0000	0.0000	0.631635000
320.0000	50.0000	0.0000	2.512949500
330.0000	50.0000	0.0000	3.507963000
340.0000	50.0000	0.0000	5.947465000
350.0000	50.0000	0.0000	5.867435000
360.0000	50.0000	0.0000	1.000000000
0.0000	60.0000	0.0000	3.325739000
10.0000	60.0000	0.0000	3.189258800
20.0000	60.0000	0.0000	1.907511400
30.0000	60.0000	0.0000	1.328666800
40.0000	60.0000	0.0000	0.629481000
50.0000	60.0000	0.0000	0.299914240
60.0000	60.0000	0.0000	0.230686950
70.0000	60.0000	0.0000	0.361133400
80.0000	60.0000	0.0000	0.323893670
90.0000	60.0000	0.0000	0.333822760
100.0000	60.0000	0.0000	0.489252450
110.0000	60.0000	0.0000	0.310309560
120.0000	60.0000	0.0000	0.415061950
130.0000	60.0000	0.0000	0.458181900
140.0000	60.0000	0.0000	0.799219300
150.0000	60.0000	0.0000	1.564563900
160.0000	60.0000	0.0000	1.326372100
170.0000	60.0000	0.0000	0.528639100
180.0000	60.0000	0.0000	0.456057670
190.0000	60.0000	0.0000	1.288454700
200.0000	60.0000	0.0000	2.739103800
210.0000	60.0000	0.0000	2.082032700
220.0000	60.0000	0.0000	2.260764000
230.0000	60.0000	0.0000	0.984805760
240.0000	60.0000	0.0000	0.259019300
250.0000	60.0000	0.0000	0.270682450
260.0000	60.0000	0.0000	0.291648900
270.0000	60.0000	0.0000	0.406411900
280.0000	60.0000	0.0000	0.863163200
290.0000	60.0000	0.0000	0.483685300
300.0000	60.0000	0.0000	0.204131070
310.0000	60.0000	0.0000	0.117418910
320.0000	60.0000	0.0000	0.418288260
330.0000	60.0000	0.0000	1.536047800
340.0000	60.0000	0.0000	2.759836000
350.0000	60.0000	0.0000	3.432918300
360.0000	60.0000	0.0000	1.000000000
0.0000	70.0000	0.0000	0.484607070
10.0000	70.0000	0.0000	0.530011530
20.0000	70.0000	0.0000	0.986349050
30.0000	70.0000	0.0000	1.100201700
40.0000	70.0000	0.0000	0.562001000
50.0000	70.0000	0.0000	0.509052400
60.0000	70.0000	0.0000	0.391365140
70.0000	70.0000	0.0000	0.381675030
80.0000	70.0000	0.0000	0.260627060
90.0000	70.0000	0.0000	0.280122600
100.0000	70.0000	0.0000	0.304490720
110.0000	70.0000	0.0000	0.283725700
120.0000	70.0000	0.0000	1.021753000
130.0000	70.0000	0.0000	1.103301800
140.0000	70.0000	0.0000	1.110263300
150.0000	70.0000	0.0000	1.755022400
160.0000	70.0000	0.0000	1.736225400
170.0000	70.0000	0.0000	0.426804040
180.0000	70.0000	0.0000	0.292576200
190.0000	70.0000	0.0000	0.836469200
200.0000	70.0000	0.0000	1.924309000
210.0000	70.0000	0.0000	1.470633900
220.0000	70.0000	0.0000	3.320921200
230.0000	70.0000	0.0000	2.968599600
240.0000	70.0000	0.0000	0.339781460
250.0000	70.0000	0.0000	0.262407500
260.0000	70.0000	0.0000	0.210534420
270.0000	70.0000	0.0000	0.295911940
280.0000	70.0000	0.0000	0.369493960
290.0000	70.0000	0.0000	0.309607600
300.0000	70.0000	0.0000	0.588543900
310.0000	70.0000	0.0000	0.435614620
320.0000	70.0000	0.0000	0.569620430
330.0000	70.0000	0.0000	1.554774500
340.0000	70.0000	0.0000	2.103087000
350.0000	70.0000	0.0000	1.298975600
360.0000	70.0000	0.0000	1.000000000
0.0000	80.0000	0.0000	0.153652120
10.0000	80.0000	0.0000	0.219241840
20.0000	80.0000	0.0000	1.413610200
30.0000	80.0000	0.0000	2.168160700
40.0000	80.0000	0.0000	1.340647500
50.0000	80.0000	0.0000	1.217814300
60.0000	80.0000	0.0000	1.081420300
70.0000	80.0000	0.0000	0.624422400
80.0000	80.0000	0.0000	0.209269800
90.0000	80.0000	0.0000	0.212752660
100.0000	80.0000	0.0000	0.379647580
110.0000	80.0000	0.0000	0.978936850
120.0000	80.0000	0.0000	1.774143300
130.0000	80.0000	0.0000	2.064689200
140.0000	80.0000	0.0000	2.335292800
150.0000	80.0000	0.0000	2.403202000
160.0000	80.0000	0.0000	2.819713000
170.0000	80.0000	0.0000	0.452038100
180.0000	80.0000	0.0000	0.225387360
190.0000	80.0000	0.0000	0.683775500
200.0000	80.0000	0.0000	2.040002600
210.0000	80.0000	0.0000	2.557101700
220.0000	80.0000	0.0000	3.560522000
230.0000	80.0000	0.0000	2.909679400
240.0000	80.0000	0.0000	0.961361470
250.0000	80.0000	0.0000	0.499239740
260.0000	80.0000	0.0000	0.180653680
270.0000	80.0000	0.0000	0.215189860
280.0000	80.0000	0.0000	0.320005480
290.0000	80.0000	0.0000	0.763537000
300.0000	80.0000	0.0000	1.398328300
310.0000	80.0000	0.0000	0.750295800
320.0000	80.0000	0.0000	0.729889870
330.0000	80.0000	0.0000	1.340920800
340.0000	80.0000	0.0000	1.820450100
350.0000	80.0000	0.0000	0.808047830
360.0000	80.0000	0.0000	1.000000000
0.0000	90.0000	0.0000	0.156888650
10.0000	90.0000	0.0000	0.208305880
20.0000	90.0000	0.0000	1.867896600
30.0000	90.0000	0.0000	2.882133200
40.0000	90.0000	0.0000	2.558693400
50.0000	90.0000	0.0000	3.126350400
60.0000	90.0000	0.0000	3.489563000
70.0000	90.0000	0.0000	1.746660700
80.0000	90.0000	0.0000	0.358618920
90.0000	90.0000	0.0000	0.244271500
100.0000	90.0000	0.0000	0.516950300
110.0000	90.0000	0.0000	2.383314100
120.0000	90.0000	0.0000	1.790327700
130.0000	90.0000	0.0000	2.118910000
140.0000	90.0000	0.0000	3.039068700
150.0000	90.0000	0.0000	2.876628900
160.0000	90.0000	0.0000	2.685354000
170.0000	90.0000	0.0000	0.241771310
180.0000	90.0000	0.0000	0.192152900
190.0000	90.0000	0.0000	0.606573160
200.0000	90.0000	0.0000	2.448494000
210.0000	90.0000	0.0000	3.396144000
220.0000	90.0000	0.0000	3.693569000
230.0000	90.0000	0.0000	4.045770000
240.0000	90.0000	0.0000	3.283146900
250.0000	90.0000	0.0000	1.875045700
260.0000	90.0000	0.0000	0.376669680
270.0000	90.0000	0.0000	0.232590290
280.0000	90.0000	0.0000	0.431109850
290.0000	90.0000	0.0000	2.327166300
300.0000	90.0000	0.0000	1.237294200
310.0000	90.0000	0.0000	0.623886300
320.0000	90.0000	0.0000	0.738980650
330.0000	90.0000	0.0000	1.239718200
340.0000	90.0000	0.0000	1.363328100
350.0000	90.0000	0.0000	0.587440700
360.0000	90.0000	0.0000	1.000000000
0.0000	0.0000	10.0000	1.000000000
10.0000	0.0000	10.0000	1.000000000
20.0000	0.0000	10.0000	1.000000000
30.0000	0.0000	10.0000	1.000000000
40.0000	0.0000	10.0000	1.000000000
50.0000	0.0000	10.0000	1.000000000
60.0000	0.0000	10.0000	1.000000000
70.0000	0.0000	10.0000	1.000000000
80.0000	0.0000	10.0000	1.000000000
90.0000	0.0000	10.0000	1.000000000
100.0000	0.0000	10.0000	1.000000000
110.0000	0.0000	10.0000	1.000000000
120.0000	0.0000	10.0000	1.000000000
130.0000	0.0000	10.0000	1.000000000
140.0000	0.0000	10.0000	1.000000000
150.0000	0.0000	10.0000	1.000000000
160.0000	0.0000	10.0000	1.000000000
170.0000	0.0000	10.0000	1.000000000
180.0000	0.0000	10.0000	1.000000000
190.0000	0.0000	10.0000	1.000000000
200.0000	0.0000	10.0000	1.000000000
210.0000	0.0000	10.0000	1.000000000
220.0000	0.0000	10.0000	1.000000000
230.0000	0.0000	10.0000	1.000000000
240.0000	0.0000	10.0000	1.000000000
250.0000	0.0000	10.0000	1.000000000
260.0000	0.0000	10.0000	1.000000000
270.0000	0.0000	10.0000	1.000000000
280.0000	0.0000	10.0000	1.000000000
290.0000	0.0000	10.0000	1.000000000
300.0000	0.0000	10.0000	1.000000000
310.0000	0.0000	10.0000	1.000000000
320.0000	0.0000	10.0000	1.000000000
330.0000	0.0000	10.0000	1.000000000
340.0000	0.0000	10.0000	1.000000000
350.0000	0.0000	10.0000	1.000000000
360.0000	0.0000	10.0000	1.000000000
0.0000	10.0000	10.0000	0.644061900
10.0000	10.0000	10.0000	2.956732000
20.0000	10.0000	10.0000	4.459296700
30.0000	10.0000	10.0000	1.355827100
40.0000	10.0000	10.0000	1.797090200
50.0000	10.0000	10.0000	1.746059700
60.0000	10.0000	10.0000	0.318787130
70.0000	10.0000	10.0000	0.350311100
80.0000	10.0000	10.0000	0.305531170
90.0000	10.0000	10.0000	0.398011400
100.0000	10.0000	10.0000	1.504178400
110.0000	10.0000	10.0000	1.590421400
120.0000	10.0000	10.0000	1.630329600
130.0000	10.0000	10.0000	2.554061200
140.0000	10.0000	10.0000	3.429129400
150.0000	10.0000	10.0000	2.459447600
160.0000	10.0000	10.0000	1.168568400
170.0000	10.0000	10.0000	0.674900400
180.0000	10.0000	10.0000	0.635377940
190.0000	10.0000	10.0000	1.936007700
200.0000	10.0000	10.0000	1.216464800
210.0000	10.0000	10.0000	0.510161460
220.0000	10.0000	10.0000	0.609369500
230.0000	10.0000	10.0000	1.241929400
240.0000	10.0000	10.0000	0.416951500
250.0000	10.0000	10.0000	0.282164840
260.0000	10.0000	10.0000	0.397501170
270.0000	10.0000	10.0000	0.626810400
280.0000	10.0000	10.0000	2.166188200
290.0000	10.0000	10.0000	2.079079600
300.0000	10.0000	10.0000	2.509429200
310.0000	10.0000	10.0000	4.413090000
320.0000	10.0000	10.0000	3.687057700
330.0000	10.0000	10.0000	1.901249000
340.0000	10.0000	10.0000	1.176303700
350.0000	10.0000	10.0000	0.713025030
360.0000	10.0000	10.0000	1.000000000
0.0000	20.0000	10.0000	0.814063250
10.0000	20.0000	10.0000	2.209077100
20.0000	20.0000	10.0000	2.508546800
30.0000	20.0000	10.0000	1.501764800
40.0000	20.0000	10.0000	1.763048000
50.0000	20.0000	10.0000	1.656414200
60.0000	20.0000	10.0000	0.199228630
70.0000	20.0000	10.0000	0.158850130
80.0000	20.0000	10.0000	0.268718660
90.0000	20.0000	10.0000	0.208274650
100.0000	20.0000	10.0000	0.872335000
110.0000	20.0000	10.0000	0.676764850
120.0000	20.0000	10.0000	0.593861300
130.0000	20.0000	10.0000	1.330921000
140.0000	20.0000	10.0000	1.186607800
150.0000	20.0000	10.0000	1.158022000
160.0000	20.0000	10.0000	0.796835800
170.0000	20.0000	10.0000	0.659803030
180.0000	20.0000	10.0000	0.811139600
190.0000	20.0000	10.0000	1.273809300
200.0000	20.0000	10.0000	0.990630500
210.0000	20.0000	10.0000	0.615585500
220.0000	20.0000	10.0000	0.571214500
230.0000	20.0000	10.0000	0.897061470
240.0000	20.0000	10.0000	0.280798400
250.0000	20.0000	10.0000	0.159251170
260.0000	20.0000	10.0000	0.358331470
270.0000	20.0000	10.0000	0.374608640
280.0000	20.0000	10.0000	1.117807500
290.0000	20.0000	10.0000	1.419390600
300.0000	20.0000	10.0000	2.464364000
310.0000	20.0000	10.0000	2.332816000
320.0000	20.0000	10.0000	1.346593400
330.0000	20.0000	10.0000	1.176985100
340.0000	20.0000	10.0000	0.562612500
350.0000	20.0000	10.0000	0.422551400
360.0000	20.0000	10.0000	1.000000000
0.0000	30.0000	10.0000	1.123995400
10.0000	30.0000	10.0000	1.607135500
20.0000	30.0000	10.0000	0.920958200
30.0000	30.0000	10.0000	0.642382740
40.0000	30.0000	10.0000	0.584410700
50.0000	30.0000	10.0000	0.420864080
60.0000	30.0000	10.0000	0.309862020
70.0000	30.0000	10.0000	0.276351600
80.0000	30.0000	10.0000	0.362980070
90.0000	30.0000	10.0000	0.575934200
100.0000	30.0000	10.0000	1.282581900
110.0000	30.0000	10.0000	0.425469200
120.0000	30.0000	10.0000	0.339646460
130.0000	30.0000	10.0000	1.160921300
140.0000	30.0000	10.0000	1.384390000
150.0000	30.0000	10.0000	1.903579500
160.0000	30.0000	10.0000	1.615874900
170.0000	30.0000	10.0000	1.512654900
180.0000	30.0000	10.0000	1.945710500
190.0000	30.0000	10.0000	1.852993600
200.0000	30.0000	10.0000	0.662639740
210.0000	30.0000	10.0000	0.402828040
220.0000	30.0000	10.0000	0.409466860
230.0000	30.0000	10.0000	0.394918900
240.0000	30.0000	10.0000	0.371449600
250.0000	30.0000	10.0000	0.343114170
260.0000	30.0000	10.0000	0.300549360
270.0000	30.0000	10.0000	0.323791600
280.0000	30.0000	10.0000	0.585141360
290.0000	30.0000	10.0000	0.436678470
300.0000	30.0000	10.0000	0.593992200
310.0000	30.0000	10.0000	1.157422700
320.0000	30.0000	10.0000	1.356103200
330.0000	30.0000	10.0000	1.528406500
340.0000	30.0000	10.0000	0.611072700
350.0000	30.0000	10.0000	0.365084830
360.0000	30.0000	10.0000	1.000000000
0.0000	40.0000	10.0000	2.540461000
10.0000	40.0000	10.0000	2.950597500
20.0000	40.0000	10.0000	1.679035800
30.0000	40.0000	10.0000	0.919597100
40.0000	40.0000	10.0000	0.515829700
50.0000	40.0000	10.0000	0.501204550
60.0000	40.0000	10.0000	1.169466700
70.0000	40.0000	10.0000	1.231055400
80.0000	40.0000	10.0000	1.318646100
90.0000	40.0000	10.0000	2.763869300
100.0000	40.0000	10.0000	2.473716300
110.0000	40.0000	10.0000	0.616517000
120.0000	40.0000	10.0000	0.368175030
130.0000	40.0000	10.0000	0.836017250
140.0000	40.0000	10.0000	1.606077800
150.0000	40.0000	10.0000	2.423560900
160.0000	40.0000	10.0000	3.182666300
170.0000	40.0000	10.0000	3.067289000
180.0000	40.0000	10.0000	3.344809800
190.0000	40.0000	10.0000	2.681377400
200.0000	40.0000	10.0000	0.894711900
210.0000	40.0000	10.0000	0.517983200
220.0000	40.0000	10.0000	0.548974600
230.0000	40.0000	10.0000	0.474690170
240.0000	40.0000	10.0000	0.579898240
250.0000	40.0000	10.0000	0.901725800
260.0000	40.0000	10.0000	0.961920100
270.0000	40.0000	10.0000	1.433629400
280.0000	40.0000	10.0000	1.708786700
290.0000	40.0000	10.0000	0.807063900
300.0000	40.0000	10.0000	0.709919630
310.0000	40.0000	10.0000	1.551098700
320.0000	40.0000	10.0000	2.340891800
330.0000	40.0000	10.0000	2.376515600
340.0000	40.0000	10.0000	1.626756300
350.0000	40.0000	10.0000	1.150276900
360.0000	40.0000	10.0000	1.000000000
0.0000	50.0000	10.0000	5.458755500
10.0000	50.0000	10.0000	4.790855000
20.0000	50.0000	10.0000	2.260985900
30.0000	50.0000	10.0000	2.560030700
40.0000	50.0000	10.0000	0.989728870
50.0000	50.0000	10.0000	0.533284840
60.0000	50.0000	10.0000	1.046552800
70.0000	50.0000	10.0000	1.096483800
80.0000	50.0000	10.0000	0.875327050
90.0000	50.0000	10.0000	1.533732000
100.0000	50.0000	10.0000	1.294829000
110.0000	50.0000	10.0000	0.553466900
120.0000	50.0000	10.0000	0.321348220
130.0000	50.0000	10.0000	0.363662480
140.0000	50.0000	10.0000	1.075347300
150.0000	50.0000	10.0000	1.672464700
160.0000	50.0000	10.0000	2.083815800
170.0000	50.0000	10.0000	1.580658800
180.0000	50.0000	10.0000	1.431723000
190.0000	50.0000	10.0000	1.638784900
200.0000	50.0000	10.0000	1.198725100
210.0000	50.0000	10.0000	1.114589800
220.0000	50.0000	10.0000	1.047896000
230.0000	50.0000	10.0000	0.839994400
240.0000	50.0000	10.0000	0.924990600
250.0000	50.0000	10.0000	0.996007740
260.0000	50.0000	10.0000	0.899788200
270.0000	50.0000	10.0000	1.585471600
280.0000	50.0000	10.0000	2.258970000
290.0000	50.0000	10.0000	1.102101100
300.0000	50.0000	10.0000	0.444898040
310.0000	50.0000	10.0000	0.467917950
320.0000	50.0000	10.0000	1.372322200
330.0000	50.0000	10.0000	2.077881800
340.0000	50.0000	10.0000	2.843170000
350.0000	50.0000	10.0000	3.738190000
360.0000	50.0000	10.0000	1.000000000
0.0000	60.0000	10.0000	2.408341200
10.0000	60.0000	10.0000	2.142606000
20.0000	60.0000	10.0000	1.324435800
30.0000	60.0000	10.0000	1.257585800
40.0000	60.0000	10.0000	0.620087400
50.0000	60.0000	10.0000	0.287674670
60.0000	60.0000	10.0000	0.223672880
70.0000	60.0000	10.0000	0.407815300
80.0000	60.0000	10.0000	0.318402700
90.0000	60.0000	10.0000	0.365033980
100.0000	60.0000	10.0000	0.377326640
110.0000	60.0000	10.0000	0.314459400
120.0000	60.0000	10.0000	0.578648800
130.0000	60.0000	10.0000	0.458875150
140.0000	60.0000	10.0000	0.781747160
150.0000	60.0000	10.0000	1.258812300
160.0000	60.0000	10.0000	0.832981940
170.0000	60.0000	10.0000	0.388197900
180.0000	60.0000	10.0000	0.327062930
190.0000	60.0000	10.0000	0.777560700
200.0000	60.0000	10.0000	1.185772500
210.0000	60.0000	10.0000	1.122775600
220.0000	60.0000	10.0000	1.685306300
230.0000	60.0000	10.0000	0.852398930
240.0000	60.0000	10.0000	0.272393440
250.0000	60.0000	10.0000	0.379017170
260.0000	60.0000	10.0000	0.380119350
270.0000	60.0000	10.0000	0.455893750
280.0000	60.0000	10.0000	0.804791000
290.0000	60.0000	10.0000	0.582188000
300.0000	60.0000	10.0000	0.426821260
310.0000	60.0000	10.0000	0.269083900
320.0000	60.0000	10.0000	0.720626650
330.0000	60.0000	10.0000	2.022839500
340.0000	60.0000	10.0000	2.325859000
350.0000	60.0000	10.0000	2.590013300
360.0000	60.0000	10.0000	1.000000000
0.0000	70.0000	10.0000	0.415361050
10.0000	70.0000	10.0000	0.505060700
20.0000	70.0000	10.0000	0.691899800
30.0000	70.0000	10.0000	0.728297050
40.0000	70.0000	10.0000	0.750720200
50.0000	70.0000	10.0000	0.506546000
60.0000	70.0000	10.0000	0.279183400
70.0000	70.0000	10.0000	0.415738000
80.0000	70.0000	10.0000	0.279062780
90.0000	70.0000	10.0000	0.213541970
100.0000	70.0000	10.0000	0.231859430
110.0000	70.0000	10.0000	0.406680700
120.0000	70.0000	10.0000	1.075031600
130.0000	70.0000	10.0000	0.910511730
140.0000	70.0000	10.0000	1.046291800
150.0000	70.0000	10.0000	1.512571100
160.0000	70.0000	10.0000	0.827630500
170.0000	70.0000	10.0000	0.233110600
180.0000	70.0000	10.0000	0.204846220
190.0000	70.0000	10.0000	0.544006200
200.0000	70.0000	10.0000	0.903950330
210.0000	70.0000	10.0000	1.054401300
220.0000	70.0000	10.0000	2.959220200
230.0000	70.0000	10.0000	1.440459500
240.0000	70.0000	10.0000	0.199430750
250.0000	70.0000	10.0000	0.243939730
260.0000	70.0000	10.0000	0.249318360
270.0000	70.0000	10.0000	0.204549430
280.0000	70.0000	10.0000	0.276258200
290.0000	70.0000	10.0000	0.540195350
300.0000	70.0000	10.0000	1.003021500
310.0000	70.0000	10.0000	0.489271880
320.0000	70.0000	10.0000	0.767713700
330.0000	70.0000	10.0000	1.824839800
340.0000	70.0000	10.0000	1.227359900
350.0000	70.0000	10.0000	0.633067500
360.0000	70.0000	10.0000	1.000000000
0.0000	80.0000	10.0000	0.135467990
10.0000	80.0000	10.0000	0.184907100
20.0000	80.0000	10.0000	0.541768550
30.0000	80.0000	10.0000	0.923767750
40.0000	80.0000	10.0000	1.795358000
50.0000	80.0000	10.0000	1.937255000
60.0000	80.0000	10.0000	1.070081600
70.0000	80.0000	10.0000	0.668916940
80.0000	80.0000	10.0000	0.278434200
90.0000	80.0000	10.0000	0.188856150
100.0000	80.0000	10.0000	0.370779000
110.0000	80.0000	10.0000	1.315164900
120.0000	80.0000	10.0000	1.714409500
130.0000	80.0000	10.0000	1.490892300
140.0000	80.0000	10.0000	1.943300000
150.0000	80.0000	10.0000	2.095601800
160.0000	80.0000	10.0000	1.015369500
170.0000	80.0000	10.0000	0.230771060
180.0000	80.0000	10.0000	0.169222880
190.0000	80.0000	10.0000	0.345178250
200.0000	80.0000	10.0000	0.653692400
210.0000	80.0000	10.0000	1.163040400
220.0000	80.0000	10.0000	2.561126200
230.0000	80.0000	10.0000	2.345096000
240.0000	80.0000	10.0000	0.843383500
250.0000	80.0000	10.0000	0.484480100
260.0000	80.0000	10.0000	0.235410020
270.0000	80.0000	10.0000	0.175282670
280.0000	80.0000	10.0000	0.278182830
290.0000	80.0000	10.0000	0.859528240
300.0000	80.0000	10.0000	1.253420800
310.0000	80.0000	10.0000	0.579765900
320.0000	80.0000	10.0000	0.670309400
330.0000	80.0000	10.0000	1.491382600
340.0000	80.0000	10.0000	0.954458900
350.0000	80.0000	10.0000	0.327205720
360.0000	80.0000	10.0000	1.000000000
0.0000	90.0000	10.0000	0.129586380
10.0000	90.0000	10.0000	0.141161160
20.0000	90.0000	10.0000	0.573661600
30.0000	90.0000	10.0000	1.010249300
40.0000	90.0000	10.0000	2.329503800
50.0000	90.0000	10.0000	3.256843600
60.0000	90.0000	10.0000	2.909217100
70.0000	90.0000	10.0000	1.319951300
80.0000	90.0000	10.0000	0.414265280
90.0000	90.0000	10.0000	0.256801780
100.0000	90.0000	10.0000	0.668680300
110.0000	90.0000	10.0000	3.377595000
120.0000	90.0000	10.0000	2.230795900
130.0000	90.0000	10.0000	2.136367300
140.0000	90.0000	10.0000	3.070954600
150.0000	90.0000	10.0000	2.394866700
160.0000	90.0000	10.0000	0.790811240
170.0000	90.0000	10.0000	0.156384960
180.0000	90.0000	10.0000	0.154607820
190.0000	90.0000	10.0000	0.287973400
200.0000	90.0000	10.0000	0.554805400
210.0000	90.0000	10.0000	0.998401460
220.0000	90.0000	10.0000	1.996815800
230.0000	90.0000	10.0000	2.222347500
240.0000	90.0000	10.0000	2.149563300
250.0000	90.0000	10.0000	1.473640800
260.0000	90.0000	10.0000	0.396125200
270.0000	90.0000	10.0000	0.219335940
280.0000	90.0000	10.0000	0.499566380
290.0000	90.0000	10.0000	1.734713600
300.0000	90.0000	10.0000	1.265997800
310.0000	90.0000	10.0000	0.545761400
320.0000	90.0000	10.0000	0.629537050
330.0000	90.0000	10.0000	1.524053000
340.0000	90.0000	10.0000	0.861538650
350.0000	90.0000	10.0000	0.289431660
360.0000	90.0000	10.0000	1.000000000
0.0000	0.0000	20.0000	1.000000000
10.0000	0.0000	20.0000	1.000000000
20.0000	0.0000	20.0000	1.000000000
30.0000	0.0000	20.0000	1.000000000
40.0000	0.0000	20.0000	1.000000000
50.0000	0.0000	20.0000	1.000000000
60.0000	0.0000	20.0000	1.000000000
70.0000	0.0000	20.0000	1.000000000
80.0000	0.0000	20.0000	1.000000000
90.0000	0.0000	20.0000	1.000000000
100.0000	0.0000	20.0000	1.000000000
110.0000	0.0000	20.0000	1.000000000
120.0000	0.0000	20.0000	1.000000000
130.0000	0.0000	20.0000	1.000000000
140.0000	0.0000	20.0000	1.000000000
150.0000	0.0000	20.0000	1.000000000
160.0000	0.0000	20.0000	1.000000000
170.0000	0.0000	20.0000	1.000000000
180.0000	0.0000	20.0000	1.000000000
190.0000	0.0000	20.0000	1.000000000
200.0000	0.0000	20.0000	1.000000000
210.0000	0.0000	20.0000	1.000000000
220.0000	0.0000	20.0000	1.000000000
230.0000	0.0000	20.0000	1.000000000
240.0000	0.0000	20.0000	1.000000000
250.0000	0.0000	20.0000	1.000000000
260.0000	0.0000	20.0000	1.000000000
270.0000	0.0000	20.0000	1.000000000
280.0000	0.0000	20.0000	1.000000000
290.0000	0.0000	20.0000	1.000000000
300.0000	0.0000	20.0000	1.000000000
310.0000	0.0000	20.0000	1.000000000
320.0000	0.0000	20.0000	1.000000000
330.0000	0.0000	20.0000	1.000000000
340.0000	0.0000	20.0000	1.000000000
350.0000	0.0000	20.0000	1.000000000
360.0000	0.0000	20.0000	1.000000000
0.0000	10.0000	20.0000	1.809852500
10.0000	10.0000	20.0000	4.755721600
20.0000	10.0000	20.0000	3.949123600
30.0000	10.0000	20.0000	2.341236600
40.0000	10.0000	20.0000	1.307367600
50.0000	10.0000	20.0000	0.227433260
60.0000	10.0000	20.0000	0.054443920
70.0000	10.0000	20.0000	0.059275974
80.0000	10.0000	20.0000	0.052951597
90.0000	10.0000	20.0000	0.079624170
100.0000	10.0000	20.0000	0.382373420
110.0000	10.0000	20.0000	0.839517700
120.0000	10.0000	20.0000	0.779090600
130.0000	10.0000	20.0000	0.964167600
140.0000	10.0000	20.0000	0.626964030
150.0000	10.0000	20.0000	0.180622820
160.0000	10.0000	20.0000	0.421550900
170.0000	10.0000	20.0000	1.020007400
180.0000	10.0000	20.0000	1.965131000
190.0000	10.0000	20.0000	1.149161300
200.0000	10.0000	20.0000	0.717695100
210.0000	10.0000	20.0000	0.595253700
220.0000	10.0000	20.0000	0.943329330
230.0000	10.0000	20.0000	0.460405020
240.0000	10.0000	20.0000	0.067530360
250.0000	10.0000	20.0000	0.034931958
260.0000	10.0000	20.0000	0.042922260
270.0000	10.0000	20.0000	0.090970470
280.0000	10.0000	20.0000	0.457331960
290.0000	10.0000	20.0000	0.966919840
300.0000	10.0000	20.0000	1.593329400
310.0000	10.0000	20.0000	2.084123800
320.0000	10.0000	20.0000	0.663942340
330.0000	10.0000	20.0000	0.225545270
340.0000	10.0000	20.0000	0.486572900
350.0000	10.0000	20.0000	1.010518600
360.0000	10.0000	20.0000	1.000000000
0.0000	20.0000	20.0000	1.653020700
10.0000	20.0000	20.0000	3.009816400
20.0000	20.0000	20.0000	1.889864100
30.0000	20.0000	20.0000	1.522687400
40.0000	20.0000	20.0000	1.258349000
50.0000	20.0000	20.0000	0.572008000
60.0000	20.0000	20.0000	0.170343670
70.0000	20.0000	20.0000	0.135185380
80.0000	20.0000	20.0000	0.110293640
90.0000	20.0000	20.0000	0.101258520
100.0000	20.0000	20.0000	0.267232240
110.0000	20.0000	20.0000	0.561528400
120.0000	20.0000	20.0000	0.676825170
130.0000	20.0000	20.0000	0.783185660
140.0000	20.0000	20.0000	0.664270600
150.0000	20.0000	20.0000	0.375555340
160.0000	20.0000	20.0000	0.353138860
170.0000	20.0000	20.0000	0.689105400
180.0000	20.0000	20.0000	1.342097400
190.0000	20.0000	20.0000	1.164688300
200.0000	20.0000	20.0000	0.613089600
210.0000	20.0000	20.0000	0.577000200
220.0000	20.0000	20.0000	0.782588960
230.0000	20.0000	20.0000	0.603549600
240.0000	20.0000	20.0000	0.194269150
250.0000	20.0000	20.0000	0.163629840
260.0000	20.0000	20.0000	0.135275450
270.0000	20.0000	20.0000	0.080926630
280.0000	20.0000	20.0000	0.302857300
290.0000	20.0000	20.0000	2.822314000
300.0000	20.0000	20.0000	2.681084200
310.0000	20.0000	20.0000	0.889139200
320.0000	20.0000	20.0000	0.768359360
330.0000	20.0000	20.0000	0.339599760
340.0000	20.0000	20.0000	0.237979250
350.0000	20.0000	20.0000	0.406869200
360.0000	20.0000	20.0000	1.000000000
0.0000	30.0000	20.0000	1.310320100
10.0000	30.0000	20.0000	1.361561900
20.0000	30.0000	20.0000	0.582211600
30.0000	30.0000	20.0000	0.579789900
40.0000	30.0000	20.0000	0.584706900
50.0000	30.0000	20.0000	0.481272200
60.0000	30.0000	20.0000	0.495925070
70.0000	30.0000	20.0000	0.195090860
80.0000	30.0000	20.0000	0.178522000
90.0000	30.0000	20.0000	0.236305250
100.0000	30.0000	20.0000	0.404681100
110.0000	30.0000	20.0000	0.634011570
120.0000	30.0000	20.0000	0.855024900
130.0000	30.0000	20.0000	0.617456140
140.0000	30.0000	20.0000	0.712236170
150.0000	30.0000	20.0000	0.838352900
160.0000	30.0000	20.0000	0.664861800
170.0000	30.0000	20.0000	1.130388900
180.0000	30.0000	20.0000	2.074793300
190.0000	30.0000	20.0000	1.281661300
200.0000	30.0000	20.0000	0.413651650
210.0000	30.0000	20.0000	0.515612840
220.0000	30.0000	20.0000	0.705111900
230.0000	30.0000	20.0000	0.514093600
240.0000	30.0000	20.0000	0.473331200
250.0000	30.0000	20.0000	0.254397300
260.0000	30.0000	20.0000	0.194314880
270.0000	30.0000	20.0000	0.158954440
280.0000	30.0000	20.0000	0.503110100
290.0000	30.0000	20.0000	1.779429200
300.0000	30.0000	20.0000	1.368111500
310.0000	30.0000	20.0000	1.076596500
320.0000	30.0000	20.0000	1.298300000
330.0000	30.0000	20.0000	0.425081220
340.0000	30.0000	20.0000	0.117028670
350.0000	30.0000	20.0000	0.164822710
360.0000	30.0000	20.0000	1.000000000
0.0000	40.0000	20.0000	1.662740100
10.0000	40.0000	20.0000	1.195065600
20.0000	40.0000	20.0000	0.382222350
30.0000	40.0000	20.0000	0.284508380
40.0000	40.0000	20.0000	0.203205400
50.0000	40.0000	20.0000	0.500348500
60.0000	40.0000	20.0000	1.496845700
70.0000	40.0000	20.0000	0.645327400
80.0000	40.0000	20.0000	0.622241100
90.0000	40.0000	20.0000	1.343926400
100.0000	40.0000	20.0000	0.971337440
110.0000	40.0000	20.0000	0.554882100
120.0000	40.0000	20.0000	0.368675560
130.0000	40.0000	20.0000	0.439306620
140.0000	40.0000	20.0000	0.939964530
150.0000	40.0000	20.0000	1.274100500
160.0000	40.0000	20.0000	1.686230200
170.0000	40.0000	20.0000	1.897544300
180.0000	40.0000	20.0000	2.201873800
190.0000	40.0000	20.0000	1.163116300
200.0000	40.0000	20.0000	0.301457020
210.0000	40.0000	20.0000	0.314058780
220.0000	40.0000	20.0000	0.529787400
230.0000	40.0000	20.0000	0.673981250
240.0000	40.0000	20.0000	0.684050800
250.0000	40.0000	20.0000	0.515610700
260.0000	40.0000	20.0000	0.521808800
270.0000	40.0000	20.0000	1.076674500
280.0000	40.0000	20.0000	1.510245600
290.0000	40.0000	20.0000	0.955322150
300.0000	40.0000	20.0000	0.677163300
310.0000	40.0000	20.0000	1.128962400
320.0000	40.0000	20.0000	1.124538800
330.0000	40.0000	20.0000	0.550780650
340.0000	40.0000	20.0000	0.362343520
350.0000	40.0000	20.0000	0.447938900
360.0000	40.0000	20.0000	1.000000000
0.0000	50.0000	20.0000	2.212484600
10.0000	50.0000	20.0000	1.212515800
20.0000	50.0000	20.0000	0.308842420
30.0000	50.0000	20.0000	0.300122600
40.0000	50.0000	20.0000	0.360352700
50.0000	50.0000	20.0000	0.711088900
60.0000	50.0000	20.0000	1.197273400
70.0000	50.0000	20.0000	0.601600470
80.0000	50.0000	20.0000	0.620758200
90.0000	50.0000	20.0000	1.042344300
100.0000	50.0000	20.0000	0.667841700
110.0000	50.0000	20.0000	0.329236420
120.0000	50.0000	20.0000	0.191677820
130.0000	50.0000	20.0000	0.343783350
140.0000	50.0000	20.0000	1.361798600
150.0000	50.0000	20.0000	1.203508100
160.0000	50.0000	20.0000	0.947986360
170.0000	50.0000	20.0000	0.768279300
180.0000	50.0000	20.0000	0.877749600
190.0000	50.0000	20.0000	0.780392470
200.0000	50.0000	20.0000	0.287708940
210.0000	50.0000	20.0000	0.277014400
220.0000	50.0000	20.0000	0.727776470
230.0000	50.0000	20.0000	1.189035400
240.0000	50.0000	20.0000	1.035704600
250.0000	50.0000	20.0000	0.715556400
260.0000	50.0000	20.0000	0.664399800
270.0000	50.0000	20.0000	1.162976900
280.0000	50.0000	20.0000	1.752609500
290.0000	50.0000	20.0000	0.735232530
300.0000	50.0000	20.0000	0.244861870
310.0000	50.0000	20.0000	0.348816040
320.0000	50.0000	20.0000	1.012970400
330.0000	50.0000	20.0000	1.316049100
340.0000	50.0000	20.0000	1.737363300
350.0000	50.0000	20.0000	2.144847000
360.0000	50.0000	20.0000	1.000000000
0.0000	60.0000	20.0000	1.134393300
10.0000	60.0000	20.0000	0.913327040
20.0000	60.0000	20.0000	0.444744470
30.0000	60.0000	20.0000	0.429821000
40.0000	60.0000	20.0000	0.517393700
50.0000	60.0000	20.0000	0.509130950
60.0000	60.0000	20.0000	0.366748360
70.0000	60.0000	20.0000	0.341298580
80.0000	60.0000	20.0000	0.246478350
90.0000	60.0000	20.0000	0.349979200
100.0000	60.0000	20.0000	0.294318500
110.0000	60.0000	20.0000	0.509203260
120.0000	60.0000	20.0000	0.556868000
130.0000	60.0000	20.0000	0.508759260
140.0000	60.0000	20.0000	1.134764900
150.0000	60.0000	20.0000	1.136838900
160.0000	60.0000	20.0000	0.444807400
170.0000	60.0000	20.0000	0.258762400
180.0000	60.0000	20.0000	0.249026490
190.0000	60.0000	20.0000	0.459669830
200.0000	60.0000	20.0000	0.421188740
210.0000	60.0000	20.0000	0.439834500
220.0000	60.0000	20.0000	0.975695200
230.0000	60.0000	20.0000	1.024402300
240.0000	60.0000	20.0000	0.494811700
250.0000	60.0000	20.0000	0.448783810
260.0000	60.0000	20.0000	0.349402040
270.0000	60.0000	20.0000	0.434592130
280.0000	60.0000	20.0000	0.821741800
290.0000	60.0000	20.0000	1.052183000
300.0000	60.0000	20.0000	0.619835200
310.0000	60.0000	20.0000	0.591626200
320.0000	60.0000	20.0000	1.483151600
330.0000	60.0000	20.0000	1.900502900
340.0000	60.0000	20.0000	1.791872700
350.0000	60.0000	20.0000	1.938790400
360.0000	60.0000	20.0000	1.000000000
0.0000	70.0000	20.0000	0.464176060
10.0000	70.0000	20.0000	0.548260570
20.0000	70.0000	20.0000	0.424791130
30.0000	70.0000	20.0000	0.352941540
40.0000	70.0000	20.0000	0.842042450
50.0000	70.0000	20.0000	0.626033370
60.0000	70.0000	20.0000	0.424478470
70.0000	70.0000	20.0000	0.645702840
80.0000	70.0000	20.0000	0.223417860
90.0000	70.0000	20.0000	0.143965200
100.0000	70.0000	20.0000	0.222356450
110.0000	70.0000	20.0000	0.585540240
120.0000	70.0000	20.0000	0.922891440
130.0000	70.0000	20.0000	0.661022200
140.0000	70.0000	20.0000	1.047331500
150.0000	70.0000	20.0000	1.476661700
160.0000	70.0000	20.0000	0.357058730
170.0000	70.0000	20.0000	0.142337750
180.0000	70.0000	20.0000	0.180205700
190.0000	70.0000	20.0000	0.371424230
200.0000	70.0000	20.0000	0.365548800
210.0000	70.0000	20.0000	0.434490400
220.0000	70.0000	20.0000	1.155558600
230.0000	70.0000	20.0000	0.818699060
240.0000	70.0000	20.0000	0.251266720
250.0000	70.0000	20.0000	0.337050680
260.0000	70.0000	20.0000	0.297294770
270.0000	70.0000	20.0000	0.278931600
280.0000	70.0000	20.0000	0.470623220
290.0000	70.0000	20.0000	1.191817200
300.0000	70.0000	20.0000	1.416558400
310.0000	70.0000	20.0000	0.708323500
320.0000	70.0000	20.0000	1.173381200
330.0000	70.0000	20.0000	1.730130000
340.0000	70.0000	20.0000	0.719604900
350.0000	70.0000	20.0000	0.502521500
360.0000	70.0000	20.0000	1.000000000
0.0000	80.0000	20.0000	0.222276210
10.0000	80.0000	20.0000	0.249282600
20.0000	80.0000	20.0000	0.219333300
30.0000	80.0000	20.0000	0.387567600
40.0000	80.0000	20.0000	2.444081000
50.0000	80.0000	20.0000	1.874488100
60.0000	80.0000	20.0000	0.853143300
70.0000	80.0000	20.0000	0.977099840
80.0000	80.0000	20.0000	0.285747080
90.0000	80.0000	20.0000	0.156573340
100.0000	80.0000	20.0000	0.348711400
110.0000	80.0000	20.0000	1.298163300
120.0000	80.0000	20.0000	1.375859000
130.0000	80.0000	20.0000	0.891982600
140.0000	80.0000	20.0000	1.216339000
150.0000	80.0000	20.0000	1.404756400
160.0000	80.0000	20.0000	0.368253560
170.0000	80.0000	20.0000	0.150112660
180.0000	80.0000	20.0000	0.152865560
190.0000	80.0000	20.0000	0.271029560
200.0000	80.0000	20.0000	0.218370360
210.0000	80.0000	20.0000	0.358123960
220.0000	80.0000	20.0000	1.008318200
230.0000	80.0000	20.0000	1.219089600
240.0000	80.0000	20.0000	0.602314700
250.0000	80.0000	20.0000	0.624334630
260.0000	80.0000	20.0000	0.387701330
270.0000	80.0000	20.0000	0.301143620
280.0000	80.0000	20.0000	0.477835980
290.0000	80.0000	20.0000	1.316317600
300.0000	80.0000	20.0000	1.432558800
310.0000	80.0000	20.0000	0.442260800
320.0000	80.0000	20.0000	0.556044760
330.0000	80.0000	20.0000	1.409915700
340.0000	80.0000	20.0000	0.459152850
350.0000	80.0000	20.0000	0.274102200
360.0000	80.0000	20.0000	1.000000000
0.0000	90.0000	20.0000	0.191371680
10.0000	90.0000	20.0000	0.175190000
20.0000	90.0000	20.0000	0.229449800
30.0000	90.0000	20.0000	0.475099200
40.0000	90.0000	20.0000	3.296976800
50.0000	90.0000	20.0000	2.569590600
60.0000	90.0000	20.0000	1.389675500
70.0000	90.0000	20.0000	1.195458300
80.0000	90.0000	20.0000	0.377649130
90.0000	90.0000	20.0000	0.268751440
100.0000	90.0000	20.0000	0.771812900
110.0000	90.0000	20.0000	2.905248600
120.0000	90.0000	20.0000	1.917954900
130.0000	90.0000	20.0000	1.201586100
140.0000	90.0000	20.0000	1.371600500
150.0000	90.0000	20.0000	0.847723700
160.0000	90.0000	20.0000	0.266618300
170.0000	90.0000	20.0000	0.141032800
180.0000	90.0000	20.0000	0.155558620
190.0000	90.0000	20.0000	0.283028570
200.0000	90.0000	20.0000	0.264880000
210.0000	90.0000	20.0000	0.388101340
220.0000	90.0000	20.0000	0.775092070
230.0000	90.0000	20.0000	0.981235150
240.0000	90.0000	20.0000	1.206118800
250.0000	90.0000	20.0000	1.281117600
260.0000	90.0000	20.0000	0.567396100
270.0000	90.0000	20.0000	0.418254050
280.0000	90.0000	20.0000	0.767128800
290.0000	90.0000	20.0000	1.635334100
300.0000	90.0000	20.0000	1.385957200
310.0000	90.0000	20.0000	0.376132130
320.0000	90.0000	20.0000	0.400220840
330.0000	90.0000	20.0000	1.077573500
340.0000	90.0000	20.0000	0.354280950
350.0000	90.0000	20.0000	0.236958200
360.0000	90.0000	20.0000	1.000000000
0.0000	0.0000	30.0000	1.000000000
10.0000	0.0000	30.0000	1.000000000
20.0000	0.0000	30.0000	1.000000000
30.0000	0.0000	30.0000	1.000000000
40.0000	0.0000	30.0000	1.000000000
50.0000	0.0000	30.0000	1.000000000
60.0000	0.0000	30.0000	1.000000000
70.0000	0.0000	30.0000	1.000000000
80.0000	0.0000	30.0000	1.000000000
90.0000	0.0000	30.0000	1.000000000
100.0000	0.0000	30.0000	1.000000000
110.0000	0.0000	30.0000	1.000000000
120.0000	0.0000	30.0000	1.000000000
130.0000	0.0000	30.0000	1.000000000
140.0000	0.0000	30.0000	1.000000000
150.0000	0.0000	30.0000	1.000000000
160.0000	0.0000	30.0000	1.000000000
170.0000	0.0000	30.0000	1.000000000
180.0000	0.0000	30.0000	1.000000000
190.0000	0.0000	30.0000	1.000000000
200.0000	0.0000	30.0000	1.000000000
210.0000	0.0000	30.0000	1.000000000
220.0000	0.0000	30.0000	1.000000000
230.0000	0.0000	30.0000	1.000000000
240.0000	0.0000	30.0000	1.000000000
250.0000	0.0000	30.0000	1.000000000
260.0000	0.0000	30.0000	1.000000000
270.0000	0.0000	30.0000	1.000000000
280.0000	0.0000	30.0000	1.000000000
290.0000	0.0000	30.0000	1.000000000
300.0000	0.0000	30.0000	1.000000000
310.0000	0.0000	30.0000	1.000000000
320.0000	0.0000	30.0000	1.000000000
330.0000	0.0000	30.0000	1.000000000
340.0000	0.0000	30.0000	1.000000000
350.0000	0.0000	30.0000	1.000000000
360.0000	0.0000	30.0000	1.000000000
0.0000	10.0000	30.0000	1.024218600
10.0000	10.0000	30.0000	3.218717600
20.0000	10.0000	30.0000	3.709057300
30.0000	10.0000	30.0000	1.321661600
40.0000	10.0000	30.0000	0.520834000
50.0000	10.0000	30.0000	0.104204684
60.0000	10.0000	30.0000	0.104593955
70.0000	10.0000	30.0000	0.142957780
80.0000	10.0000	30.0000	0.161030220
90.0000	10.0000	30.0000	0.510706250
100.0000	10.0000	30.0000	2.042128000
110.0000	10.0000	30.0000	1.796298500
120.0000	10.0000	30.0000	0.982653860
130.0000	10.0000	30.0000	0.542240800
140.0000	10.0000	30.0000	0.223270620
150.0000	10.0000	30.0000	0.116483490
160.0000	10.0000	30.0000	0.474606570
170.0000	10.0000	30.0000	1.853779700
180.0000	10.0000	30.0000	0.511753260
190.0000	10.0000	30.0000	0.526511970
200.0000	10.0000	30.0000	0.610591500
210.0000	10.0000	30.0000	0.927806600
220.0000	10.0000	30.0000	1.049203600
230.0000	10.0000	30.0000	0.142252650
240.0000	10.0000	30.0000	0.072683945
250.0000	10.0000	30.0000	0.082838690
260.0000	10.0000	30.0000	0.104526450
270.0000	10.0000	30.0000	0.381547120
280.0000	10.0000	30.0000	1.363075000
290.0000	10.0000	30.0000	1.515454800
300.0000	10.0000	30.0000	1.735209200
310.0000	10.0000	30.0000	0.826245550
320.0000	10.0000	30.0000	0.250243300
330.0000	10.0000	30.0000	0.141150440
340.0000	10.0000	30.0000	0.529078400
350.0000	10.0000	30.0000	1.868813000
360.0000	10.0000	30.0000	1.000000000
0.0000	20.0000	30.0000	1.454200400
10.0000	20.0000	30.0000	1.789765100
20.0000	20.0000	30.0000	1.706330200
30.0000	20.0000	30.0000	1.607668000
40.0000	20.0000	30.0000	0.577138100
50.0000	20.0000	30.0000	0.225231780
60.0000	20.0000	30.0000	0.134772350
70.0000	20.0000	30.0000	0.228581850
80.0000	20.0000	30.0000	0.232195150
90.0000	20.0000	30.0000	0.193946110
100.0000	20.0000	30.0000	0.405197080
110.0000	20.0000	30.0000	0.698837800
120.0000	20.0000	30.0000	0.613321840
130.0000	20.0000	30.0000	0.443629100
140.0000	20.0000	30.0000	0.365003300
150.0000	20.0000	30.0000	0.183675170
160.0000	20.0000	30.0000	0.288338180
170.0000	20.0000	30.0000	1.079499500
180.0000	20.0000	30.0000	0.920006800
190.0000	20.0000	30.0000	0.520579400
200.0000	20.0000	30.0000	0.540073040
210.0000	20.0000	30.0000	1.171878600
220.0000	20.0000	30.0000	0.725376070
230.0000	20.0000	30.0000	0.322142540
240.0000	20.0000	30.0000	0.191501200
250.0000	20.0000	30.0000	0.249717580
260.0000	20.0000	30.0000	0.223184990
270.0000	20.0000	30.0000	0.131646560
280.0000	20.0000	30.0000	0.342657540
290.0000	20.0000	30.0000	1.552262900
300.0000	20.0000	30.0000	1.498751200
310.0000	20.0000	30.0000	0.664384540
320.0000	20.0000	30.0000	0.387846900
330.0000	20.0000	30.0000	0.107575540
340.0000	20.0000	30.0000	0.167177470
350.0000	20.0000	30.0000	0.761078660
360.0000	20.0000	30.0000	1.000000000
0.0000	30.0000	30.0000	1.159938600
10.0000	30.0000	30.0000	0.957387100
20.0000	30.0000	30.0000	0.775803740
30.0000	30.0000	30.0000	0.883553860
40.0000	30.0000	30.0000	0.445757700
50.0000	30.0000	30.0000	0.274937800
60.0000	30.0000	30.0000	0.264850740
70.0000	30.0000	30.0000	0.292614100
80.0000	30.0000	30.0000	0.257413920
90.0000	30.0000	30.0000	0.246627270
100.0000	30.0000	30.0000	0.284059500
110.0000	30.0000	30.0000	0.447086930
120.0000	30.0000	30.0000	0.444482800
130.0000	30.0000	30.0000	0.365926740
140.0000	30.0000	30.0000	0.542182100
150.0000	30.0000	30.0000	0.491829040
160.0000	30.0000	30.0000	0.645266650
170.0000	30.0000	30.0000	1.464072800
180.0000	30.0000	30.0000	1.527269400
190.0000	30.0000	30.0000	0.715759000
200.0000	30.0000	30.0000	0.525958240
210.0000	30.0000	30.0000	1.123576300
220.0000	30.0000	30.0000	0.818581460
230.0000	30.0000	30.0000	0.473167600
240.0000	30.0000	30.0000	0.402608870
250.0000	30.0000	30.0000	0.313589100
260.0000	30.0000	30.0000	0.300465320
270.0000	30.0000	30.0000	0.183687420
280.0000	30.0000	30.0000	0.468993460
290.0000	30.0000	30.0000	1.414031900
300.0000	30.0000	30.0000	0.959572500
310.0000	30.0000	30.0000	0.594254730
320.0000	30.0000	30.0000	0.356404450
330.0000	30.0000	30.0000	0.101641520
340.0000	30.0000	30.0000	0.136950950
350.0000	30.0000	30.0000	0.488886270
360.0000	30.0000	30.0000	1.000000000
0.0000	40.0000	30.0000	1.418376600
10.0000	40.0000	30.0000	0.900459600
20.0000	40.0000	30.0000	0.416633840
30.0000	40.0000	30.0000	0.437466170
40.0000	40.0000	30.0000	0.358215960
50.0000	40.0000	30.0000	0.509458000
60.0000	40.0000	30.0000	0.526432900
70.0000	40.0000	30.0000	0.517470540
80.0000	40.0000	30.0000	0.705196000
90.0000	40.0000	30.0000	0.765725850
100.0000	40.0000	30.0000	0.365430620
110.0000	40.0000	30.0000	0.302804260
120.0000	40.0000	30.0000	0.252248000
130.0000	40.0000	30.0000	0.457415430
140.0000	40.0000	30.0000	0.879936700
150.0000	40.0000	30.0000	0.888704000
160.0000	40.0000	30.0000	1.544683100
170.0000	40.0000	30.0000	1.411462800
180.0000	40.0000	30.0000	1.570856300
190.0000	40.0000	30.0000	0.777313530
200.0000	40.0000	30.0000	0.364597400
210.0000	40.0000	30.0000	0.984740600
220.0000	40.0000	30.0000	1.393271800
230.0000	40.0000	30.0000	0.864967800
240.0000	40.0000	30.0000	0.625481000
250.0000	40.0000	30.0000	0.463201550
260.0000	40.0000	30.0000	0.590202800
270.0000	40.0000	30.0000	1.043171900
280.0000	40.0000	30.0000	1.242475500
290.0000	40.0000	30.0000	0.483484150
300.0000	40.0000	30.0000	0.277168660
310.0000	40.0000	30.0000	0.433328120
320.0000	40.0000	30.0000	0.512629700
330.0000	40.0000	30.0000	0.394774380
340.0000	40.0000	30.0000	0.590885300
350.0000	40.0000	30.0000	0.980475300
360.0000	40.0000	30.0000	1.000000000
0.0000	50.0000	30.0000	1.985361300
10.0000	50.0000	30.0000	0.898540400
20.0000	50.0000	30.0000	0.195539090
30.0000	50.0000	30.0000	0.242712970
40.0000	50.0000	30.0000	0.506560560
50.0000	50.0000	30.0000	0.796867970
60.0000	50.0000	30.0000	0.559465800
70.0000	50.0000	30.0000	0.462448500
80.0000	50.0000	30.0000	0.646027570
90.0000	50.0000	30.0000	0.875820500
100.0000	50.0000	30.0000	0.541815600
110.0000	50.0000	30.0000	0.305359870
120.0000	50.0000	30.0000	0.275526670
130.0000	50.0000	30.0000	0.714837970
140.0000	50.0000	30.0000	1.699756400
150.0000	50.0000	30.0000	1.068720200
160.0000	50.0000	30.0000	0.999323250
170.0000	50.0000	30.0000	0.832361940
180.0000	50.0000	30.0000	0.922305600
190.0000	50.0000	30.0000	0.509005840
200.0000	50.0000	30.0000	0.198762790
210.0000	50.0000	30.0000	0.583004300
220.0000	50.0000	30.0000	1.818898100
230.0000	50.0000	30.0000	1.002181000
240.0000	50.0000	30.0000	0.801124600
250.0000	50.0000	30.0000	0.616202400
260.0000	50.0000	30.0000	0.702709140
270.0000	50.0000	30.0000	2.395567400
280.0000	50.0000	30.0000	3.368054900
290.0000	50.0000	30.0000	0.390016600
300.0000	50.0000	30.0000	0.208765640
310.0000	50.0000	30.0000	0.451414300
320.0000	50.0000	30.0000	0.932639800
330.0000	50.0000	30.0000	0.876696400
340.0000	50.0000	30.0000	1.472396700
350.0000	50.0000	30.0000	1.529070900
360.0000	50.0000	30.0000	1.000000000
0.0000	60.0000	30.0000	1.309124100
10.0000	60.0000	30.0000	0.707602800
20.0000	60.0000	30.0000	0.192327100
30.0000	60.0000	30.0000	0.342854080
40.0000	60.0000	30.0000	0.620703400
50.0000	60.0000	30.0000	0.465649660
60.0000	60.0000	30.0000	0.337411970
70.0000	60.0000	30.0000	0.272595230
80.0000	60.0000	30.0000	0.315994380
90.0000	60.0000	30.0000	0.709573800
100.0000	60.0000	30.0000	0.711236800
110.0000	60.0000	30.0000	0.967153400
120.0000	60.0000	30.0000	0.666237200
130.0000	60.0000	30.0000	0.681740340
140.0000	60.0000	30.0000	1.525750900
150.0000	60.0000	30.0000	1.335193500
160.0000	60.0000	30.0000	0.730306000
170.0000	60.0000	30.0000	0.618634940
180.0000	60.0000	30.0000	0.417062220
190.0000	60.0000	30.0000	0.314715200
200.0000	60.0000	30.0000	0.226105360
210.0000	60.0000	30.0000	0.446259860
220.0000	60.0000	30.0000	0.838956060
230.0000	60.0000	30.0000	0.685280400
240.0000	60.0000	30.0000	0.598792140
250.0000	60.0000	30.0000	0.499779280
260.0000	60.0000	30.0000	0.469816650
270.0000	60.0000	30.0000	1.725502700
280.0000	60.0000	30.0000	2.526573400
290.0000	60.0000	30.0000	1.152917300
300.0000	60.0000	30.0000	0.521229900
310.0000	60.0000	30.0000	0.658861460
320.0000	60.0000	30.0000	1.526277900
330.0000	60.0000	30.0000	1.710636400
340.0000	60.0000	30.0000	2.127126000
350.0000	60.0000	30.0000	1.657661600
360.0000	60.0000	30.0000	1.000000000
0.0000	70.0000	30.0000	0.587587950
10.0000	70.0000	30.0000	0.430769200
20.0000	70.0000	30.0000	0.319460870
30.0000	70.0000	30.0000	0.563804570
40.0000	70.0000	30.0000	0.807631200
50.0000	70.0000	30.0000	0.570068900
60.0000	70.0000	30.0000	0.454416600
70.0000	70.0000	30.0000	0.425296930
80.0000	70.0000	30.0000	0.205267220
90.0000	70.0000	30.0000	0.214782770
100.0000	70.0000	30.0000	0.478114780
110.0000	70.0000	30.0000	1.477522900
120.0000	70.0000	30.0000	1.159525800
130.0000	70.0000	30.0000	0.593486700
140.0000	70.0000	30.0000	0.818502600
150.0000	70.0000	30.0000	1.029029700
160.0000	70.0000	30.0000	0.471207470
170.0000	70.0000	30.0000	0.390860320
180.0000	70.0000	30.0000	0.278712150
190.0000	70.0000	30.0000	0.304145930
200.0000	70.0000	30.0000	0.355501900
210.0000	70.0000	30.0000	0.375618640
220.0000	70.0000	30.0000	0.508077000
230.0000	70.0000	30.0000	0.558602500
240.0000	70.0000	30.0000	0.319543720
250.0000	70.0000	30.0000	0.432592600
260.0000	70.0000	30.0000	0.438786700
270.0000	70.0000	30.0000	0.862160000
280.0000	70.0000	30.0000	1.543554000
290.0000	70.0000	30.0000	1.957700400
300.0000	70.0000	30.0000	1.133672100
310.0000	70.0000	30.0000	0.600039960
320.0000	70.0000	30.0000	0.949202660
330.0000	70.0000	30.0000	1.745779000
340.0000	70.0000	30.0000	1.095358600
350.0000	70.0000	30.0000	1.136936100
360.0000	70.0000	30.0000	1.000000000
0.0000	80.0000	30.0000	0.329512700
10.0000	80.0000	30.0000	0.274235070
20.0000	80.0000	30.0000	0.289157900
30.0000	80.0000	30.0000	0.454739450
40.0000	80.0000	30.0000	1.177834400
50.0000	80.0000	30.0000	1.195981300
60.0000	80.0000	30.0000	1.067982800
70.0000	80.0000	30.0000	1.388574700
80.0000	80.0000	30.0000	0.358992250
90.0000	80.0000	30.0000	0.240553420
100.0000	80.0000	30.0000	0.703288400
110.0000	80.0000	30.0000	1.747066900
120.0000	80.0000	30.0000	1.121390900
130.0000	80.0000	30.0000	0.480653320
140.0000	80.0000	30.0000	0.502363150
150.0000	80.0000	30.0000	0.488119720
160.0000	80.0000	30.0000	0.371811270
170.0000	80.0000	30.0000	0.344979000
180.0000	80.0000	30.0000	0.253557830
190.0000	80.0000	30.0000	0.413021030
200.0000	80.0000	30.0000	0.460466240
210.0000	80.0000	30.0000	0.303730800
220.0000	80.0000	30.0000	0.462545100
230.0000	80.0000	30.0000	1.015820500
240.0000	80.0000	30.0000	0.765365900
250.0000	80.0000	30.0000	1.088915600
260.0000	80.0000	30.0000	0.867263900
270.0000	80.0000	30.0000	1.008180900
280.0000	80.0000	30.0000	1.725942000
290.0000	80.0000	30.0000	2.503239000
300.0000	80.0000	30.0000	1.274998300
310.0000	80.0000	30.0000	0.363038660
320.0000	80.0000	30.0000	0.454487300
330.0000	80.0000	30.0000	0.772134800
340.0000	80.0000	30.0000	0.473076820
350.0000	80.0000	30.0000	0.728666800
360.0000	80.0000	30.0000	1.000000000
0.0000	90.0000	30.0000	0.274240970
10.0000	90.0000	30.0000	0.244429170
20.0000	90.0000	30.0000	0.255069700
30.0000	90.0000	30.0000	0.354779000
40.0000	90.0000	30.0000	1.115429300
50.0000	90.0000	30.0000	1.396992600
60.0000	90.0000	30.0000	1.410475900
70.0000	90.0000	30.0000	2.070297500
80.0000	90.0000	30.0000	0.621151300
90.0000	90.0000	30.0000	0.469589320
100.0000	90.0000	30.0000	1.447539200
110.0000	90.0000	30.0000	2.632433000
120.0000	90.0000	30.0000	1.227415800
130.0000	90.0000	30.0000	0.639004700
140.0000	90.0000	30.0000	0.460290070
150.0000	90.0000	30.0000	0.270960900
160.0000	90.0000	30.0000	0.302073420
170.0000	90.0000	30.0000	0.281114730
180.0000	90.0000	30.0000	0.260089700
190.0000	90.0000	30.0000	0.608652600
200.0000	90.0000	30.0000	0.604887500
210.0000	90.0000	30.0000	0.288515060
220.0000	90.0000	30.0000	0.425675930
230.0000	90.0000	30.0000	1.396405000
240.0000	90.0000	30.0000	1.737614400
250.0000	90.0000	30.0000	2.788134600
260.0000	90.0000	30.0000	1.578616900
270.0000	90.0000	30.0000	1.375400200
280.0000	90.0000	30.0000	2.022529800
290.0000	90.0000	30.0000	2.429720200
300.0000	90.0000	30.0000	1.018615600
310.0000	90.0000	30.0000	0.294096320
320.0000	90.0000	30.0000	0.259200960
330.0000	90.0000	30.0000	0.452662020
340.0000	90.0000	30.0000	0.360847500
350.0000	90.0000	30.0000	0.610284100
360.0000	90.0000	30.0000	1.000000000
0.0000	0.0000	40.0000	1.000000000
10.0000	0.0000	40.0000	1.000000000
20.0000	0.0000	40.0000	1.000000000
30.0000	0.0000	40.0000	1.000000000
40.0000	0.0000	40.0000	1.000000000
50.0000	0.0000	40.0000	1.000000000
60.0000	0.0000	40.0000	1.000000000
70.0000	0.0000	40.0000	1.000000000
80.0000	0.0000	40.0000	1.000000000
90.0000	0.0000	40.0000	1.000000000
100.0000	0.0000	40.0000	1.000000000
110.0000	0.0000	40.0000	1.000000000
120.0000	0.0000	40.0000	1.000000000
130.0000	0.0000	40.0000	1.000000000
140.0000	0.0000	40.0000	1.000000000
150.0000	0.0000	40.0000	1.000000000
160.0000	0.0000	40.0000	1.000000000
170.0000	0.0000	40.0000	1.000000000
180.0000	0.0000	40.0000	1.000000000
190.0000	0.0000	40.0000	1.000000000
200.0000	0.0000	40.0000	1.000000000
210.0000	0.0000	40.0000	1.000000000
220.0000	0.0000	40.0000	1.000000000
230.0000	0.0000	40.0000	1.000000000
240.0000	0.0000	40.0000	1.000000000
250.0000	0.0000	40.0000	1.000000000
260.0000	0.0000	40.0000	1.000000000
270.0000	0.0000	40.0000	1.000000000
280.0000	0.0000	40.0000	1.000000000
290.0000	0.0000	40.0000	1.000000000
300.0000	0.0000	40.0000	1.000000000
310.0000	0.0000	40.0000	1.000000000
320.0000	0.0000	40.0000	1.000000000
330.0000	0.0000	40.0000	1.000000000
340.0000	0.0000	40.0000	1.000000000
350.0000	0.0000	40.0000	1.000000000
360.0000	0.0000	40.0000	1.000000000
0.0000	10.0000	40.0000	0.785733160
10.0000	10.0000	40.0000	2.585939200
20.0000	10.0000	40.0000	3.811885000
30.0000	10.0000	40.0000	0.331390900
40.0000	10.0000	40.0000	0.094653920
50.0000	10.0000	40.0000	0.079216460
60.0000	10.0000	40.0000	0.160281050
70.0000	10.0000	40.0000	0.511430000
80.0000	10.0000	40.0000	1.742852700
90.0000	10.0000	40.0000	7.040877300
100.0000	10.0000	40.0000	9.716402000
110.0000	10.0000	40.0000	1.826006700
120.0000	10.0000	40.0000	0.590783200
130.0000	10.0000	40.0000	0.139419850
140.0000	10.0000	40.0000	0.083752410
150.0000	10.0000	40.0000	0.092667155
160.0000	10.0000	40.0000	1.090121000
170.0000	10.0000	40.0000	1.552069300
180.0000	10.0000	40.0000	0.338485180
190.0000	10.0000	40.0000	0.610632240
200.0000	10.0000	40.0000	0.969711070
210.0000	10.0000	40.0000	0.594371500
220.0000	10.0000	40.0000	0.106309330
230.0000	10.0000	40.0000	0.067403250
240.0000	10.0000	40.0000	0.111782424
250.0000	10.0000	40.0000	0.317067300
260.0000	10.0000	40.0000	1.743427000
270.0000	10.0000	40.0000	6.887139000
280.0000	10.0000	40.0000	8.538759000
290.0000	10.0000	40.0000	1.706963100
300.0000	10.0000	40.0000	0.767749670
310.0000	10.0000	40.0000	0.173618400
320.0000	10.0000	40.0000	0.092323510
330.0000	10.0000	40.0000	0.115840770
340.0000	10.0000	40.0000	1.319628800
350.0000	10.0000	40.0000	2.486936000
360.0000	10.0000	40.0000	1.000000000
0.0000	20.0000	40.0000	1.006432300
10.0000	20.0000	40.0000	1.478704800
20.0000	20.0000	40.0000	1.945284800
30.0000	20.0000	40.0000	0.515724100
40.0000	20.0000	40.0000	0.136455920
50.0000	20.0000	40.0000	0.153455020
60.0000	20.0000	40.0000	0.307882300
70.0000	20.0000	40.0000	0.407898580
80.0000	20.0000	40.0000	0.975854340
90.0000	20.0000	40.0000	4.346668000
100.0000	20.0000	40.0000	1.769747600
110.0000	20.0000	40.0000	0.425026800
120.0000	20.0000	40.0000	0.365235300
130.0000	20.0000	40.0000	0.254854530
140.0000	20.0000	40.0000	0.185570480
150.0000	20.0000	40.0000	0.223845450
160.0000	20.0000	40.0000	0.671922270
170.0000	20.0000	40.0000	1.153925800
180.0000	20.0000	40.0000	0.602266850
190.0000	20.0000	40.0000	0.643557550
200.0000	20.0000	40.0000	1.028124500
210.0000	20.0000	40.0000	0.769445800
220.0000	20.0000	40.0000	0.218199900
230.0000	20.0000	40.0000	0.250716900
240.0000	20.0000	40.0000	0.411285340
250.0000	20.0000	40.0000	0.318339770
260.0000	20.0000	40.0000	0.791221200
270.0000	20.0000	40.0000	3.926810300
280.0000	20.0000	40.0000	1.320042600
290.0000	20.0000	40.0000	0.520923440
300.0000	20.0000	40.0000	0.843639900
310.0000	20.0000	40.0000	0.362525900
320.0000	20.0000	40.0000	0.148914590
330.0000	20.0000	40.0000	0.157446790
340.0000	20.0000	40.0000	0.542886600
350.0000	20.0000	40.0000	1.361268400
360.0000	20.0000	40.0000	1.000000000
0.0000	30.0000	40.0000	0.887723200
10.0000	30.0000	40.0000	0.842951600
20.0000	30.0000	40.0000	1.452767100
30.0000	30.0000	40.0000	0.568224500
40.0000	30.0000	40.0000	0.231540700
50.0000	30.0000	40.0000	0.262828320
60.0000	30.0000	40.0000	0.303641020
70.0000	30.0000	40.0000	0.362304400
80.0000	30.0000	40.0000	0.497043900
90.0000	30.0000	40.0000	0.887700560
100.0000	30.0000	40.0000	0.762671530
110.0000	30.0000	40.0000	0.313298820
120.0000	30.0000	40.0000	0.295954850
130.0000	30.0000	40.0000	0.429743100
140.0000	30.0000	40.0000	0.459815500
150.0000	30.0000	40.0000	0.651721200
160.0000	30.0000	40.0000	0.968638500
170.0000	30.0000	40.0000	1.230317000
180.0000	30.0000	40.0000	1.026483000
190.0000	30.0000	40.0000	0.878352000
200.0000	30.0000	40.0000	1.222609200
210.0000	30.0000	40.0000	1.124941100
220.0000	30.0000	40.0000	0.686243700
230.0000	30.0000	40.0000	0.592138800
240.0000	30.0000	40.0000	0.485766140
250.0000	30.0000	40.0000	0.333436000
260.0000	30.0000	40.0000	0.387304750
270.0000	30.0000	40.0000	0.820341300
280.0000	30.0000	40.0000	0.666118600
290.0000	30.0000	40.0000	0.495725070
300.0000	30.0000	40.0000	0.668007850
310.0000	30.0000	40.0000	0.394227240
320.0000	30.0000	40.0000	0.217036860
330.0000	30.0000	40.0000	0.246796070
340.0000	30.0000	40.0000	0.551133750
350.0000	30.0000	40.0000	1.149471400
360.0000	30.0000	40.0000	1.000000000
0.0000	40.0000	40.0000	0.886785900
10.0000	40.0000	40.0000	0.845411540
20.0000	40.0000	40.0000	1.260810700
30.0000	40.0000	40.0000	0.871448400
40.0000	40.0000	40.0000	0.608886960
50.0000	40.0000	40.0000	0.409308800
60.0000	40.0000	40.0000	0.278564420
70.0000	40.0000	40.0000	0.330586460
80.0000	40.0000	40.0000	0.419086280
90.0000	40.0000	40.0000	0.717748760
100.0000	40.0000	40.0000	0.543866400
110.0000	40.0000	40.0000	0.266133600
120.0000	40.0000	40.0000	0.287128660
130.0000	40.0000	40.0000	0.579079500
140.0000	40.0000	40.0000	0.889772830
150.0000	40.0000	40.0000	1.675822700
160.0000	40.0000	40.0000	1.897863600
170.0000	40.0000	40.0000	0.946305160
180.0000	40.0000	40.0000	0.939118600
190.0000	40.0000	40.0000	0.833921730
200.0000	40.0000	40.0000	1.071072900
210.0000	40.0000	40.0000	2.465551900
220.0000	40.0000	40.0000	2.128603500
230.0000	40.0000	40.0000	0.978978100
240.0000	40.0000	40.0000	0.465392230
250.0000	40.0000	40.0000	0.330244660
260.0000	40.0000	40.0000	0.438582600
270.0000	40.0000	40.0000	0.947083000
280.0000	40.0000	40.0000	0.737561170
290.0000	40.0000	40.0000	0.203977780
300.0000	40.0000	40.0000	0.146223740
310.0000	40.0000	40.0000	0.223002720
320.0000	40.0000	40.0000	0.373627840
330.0000	40.0000	40.0000	0.567151000
340.0000	40.0000	40.0000	1.113622300
350.0000	40.0000	40.0000	1.091988700
360.0000	40.0000	40.0000	1.000000000
0.0000	50.0000	40.0000	1.081353700
10.0000	50.0000	40.0000	0.820304930
20.0000	50.0000	40.0000	0.734187700
30.0000	50.0000	40.0000	1.835324600
40.0000	50.0000	40.0000	1.641046200
50.0000	50.0000	40.0000	0.536353100
60.0000	50.0000	40.0000	0.338570620
70.0000	50.0000	40.0000	0.399431620
80.0000	50.0000	40.0000	0.832312100
90.0000	50.0000	40.0000	1.656583200
100.0000	50.0000	40.0000	0.861234400
110.0000	50.0000	40.0000	0.467658040
120.0000	50.0000	40.0000	0.575629350
130.0000	50.0000	40.0000	0.958723000
140.0000	50.0000	40.0000	1.729425400
150.0000	50.0000	40.0000	2.816200700
160.0000	50.0000	40.0000	2.386386900
170.0000	50.0000	40.0000	0.710470860
180.0000	50.0000	40.0000	0.542104070
190.0000	50.0000	40.0000	0.395199450
200.0000	50.0000	40.0000	0.604847430
210.0000	50.0000	40.0000	3.293595600
220.0000	50.0000	40.0000	2.870850000
230.0000	50.0000	40.0000	0.911301900
240.0000	50.0000	40.0000	0.673967060
250.0000	50.0000	40.0000	0.591564200
260.0000	50.0000	40.0000	1.023722500
270.0000	50.0000	40.0000	3.443039700
280.0000	50.0000	40.0000	2.186242300
290.0000	50.0000	40.0000	0.361834500
300.0000	50.0000	40.0000	0.287141680
310.0000	50.0000	40.0000	0.563031800
320.0000	50.0000	40.0000	1.081534100
330.0000	50.0000	40.0000	1.403566400
340.0000	50.0000	40.0000	1.306565400
350.0000	50.0000	40.0000	0.664398130
360.0000	50.0000	40.0000	1.000000000
0.0000	60.0000	40.0000	0.920936200
10.0000	60.0000	40.0000	0.708102100
20.0000	60.0000	40.0000	0.703804000
30.0000	60.0000	40.0000	3.135137000
40.0000	60.0000	40.0000	1.501452700
50.0000	60.0000	40.0000	0.262952400
60.0000	60.0000	40.0000	0.323147420
70.0000	60.0000	40.0000	0.453934760
80.0000	60.0000	40.0000	0.715239400
90.0000	60.0000	40.0000	1.398475300
100.0000	60.0000	40.0000	1.446294500
110.0000	60.0000	40.0000	1.499622000
120.0000	60.0000	40.0000	0.884689900
130.0000	60.0000	40.0000	0.686261830
140.0000	60.0000	40.0000	1.181054500
150.0000	60.0000	40.0000	1.885025700
160.0000	60.0000	40.0000	1.703768700
170.0000	60.0000	40.0000	0.779003400
180.0000	60.0000	40.0000	0.369603600
190.0000	60.0000	40.0000	0.276417550
200.0000	60.0000	40.0000	0.448789420
210.0000	60.0000	40.0000	1.504716800
220.0000	60.0000	40.0000	0.959553900
230.0000	60.0000	40.0000	0.372274580
240.0000	60.0000	40.0000	0.686553700
250.0000	60.0000	40.0000	0.947344360
260.0000	60.0000	40.0000	0.944771230
270.0000	60.0000	40.0000	2.675877000
280.0000	60.0000	40.0000	3.051989800
290.0000	60.0000	40.0000	0.922517360
300.0000	60.0000	40.0000	0.467809260
310.0000	60.0000	40.0000	0.457762700
320.0000	60.0000	40.0000	1.093374000
330.0000	60.0000	40.0000	3.239911000
340.0000	60.0000	40.0000	2.243399400
350.0000	60.0000	40.0000	0.833666150
360.0000	60.0000	40.0000	1.000000000
0.0000	70.0000	40.0000	0.666544260
10.0000	70.0000	40.0000	0.699689000
20.0000	70.0000	40.0000	1.169992700
30.0000	70.0000	40.0000	1.673000200
40.0000	70.0000	40.0000	0.600340500
50.0000	70.0000	40.0000	0.186322610
60.0000	70.0000	40.0000	0.310997960
70.0000	70.0000	40.0000	0.440620930
80.0000	70.0000	40.0000	0.374924930
90.0000	70.0000	40.0000	0.651660500
100.0000	70.0000	40.0000	1.413069600
110.0000	70.0000	40.0000	2.232540600
120.0000	70.0000	40.0000	0.947931600
130.0000	70.0000	40.0000	0.338325140
140.0000	70.0000	40.0000	0.299496000
150.0000	70.0000	40.0000	0.512408900
160.0000	70.0000	40.0000	1.101977800
170.0000	70.0000	40.0000	0.923295140
180.0000	70.0000	40.0000	0.448941530
190.0000	70.0000	40.0000	0.505971400
200.0000	70.0000	40.0000	0.670816500
210.0000	70.0000	40.0000	0.530510100
220.0000	70.0000	40.0000	0.300237860
230.0000	70.0000	40.0000	0.203694420
240.0000	70.0000	40.0000	0.477503000
250.0000	70.0000	40.0000	0.959366260
260.0000	70.0000	40.0000	0.681457460
270.0000	70.0000	40.0000	1.394376400
280.0000	70.0000	40.0000	1.732657800
290.0000	70.0000	40.0000	1.025914400
300.0000	70.0000	40.0000	0.570925800
310.0000	70.0000	40.0000	0.241536410
320.0000	70.0000	40.0000	0.512209300
330.0000	70.0000	40.0000	2.099258700
340.0000	70.0000	40.0000	1.536360600
350.0000	70.0000	40.0000	1.018671000
360.0000	70.0000	40.0000	1.000000000
0.0000	80.0000	40.0000	0.682959200
10.0000	80.0000	40.0000	0.736495400
20.0000	80.0000	40.0000	1.484210700
30.0000	80.0000	40.0000	0.878858150
40.0000	80.0000	40.0000	0.801243250
50.0000	80.0000	40.0000	1.343910900
60.0000	80.0000	40.0000	1.425119000
70.0000	80.0000	40.0000	1.753274700
80.0000	80.0000	40.0000	0.909237900
90.0000	80.0000	40.0000	1.159507900
100.0000	80.0000	40.0000	3.005108000
110.0000	80.0000	40.0000	3.226943000
120.0000	80.0000	40.0000	1.231001900
130.0000	80.0000	40.0000	0.642872800
140.0000	80.0000	40.0000	0.352216200
150.0000	80.0000	40.0000	0.458139870
160.0000	80.0000	40.0000	1.352600600
170.0000	80.0000	40.0000	0.980297100
180.0000	80.0000	40.0000	0.727003100
190.0000	80.0000	40.0000	1.341682600
200.0000	80.0000	40.0000	1.911615700
210.0000	80.0000	40.0000	0.522864640
220.0000	80.0000	40.0000	0.394034770
230.0000	80.0000	40.0000	0.760909200
240.0000	80.0000	40.0000	1.039298400
250.0000	80.0000	40.0000	1.787221100
260.0000	80.0000	40.0000	1.842169900
270.0000	80.0000	40.0000	2.283798000
280.0000	80.0000	40.0000	2.419394700
290.0000	80.0000	40.0000	1.642720700
300.0000	80.0000	40.0000	0.746596200
310.0000	80.0000	40.0000	0.392142560
320.0000	80.0000	40.0000	0.415628850
330.0000	80.0000	40.0000	0.670763850
340.0000	80.0000	40.0000	0.879546600
350.0000	80.0000	40.0000	1.145442800
360.0000	80.0000	40.0000	1.000000000
0.0000	90.0000	40.0000	0.671263800
10.0000	90.0000	40.0000	0.592728900
20.0000	90.0000	40.0000	1.455490100
30.0000	90.0000	40.0000	0.838048600
40.0000	90.0000	40.0000	1.103157400
50.0000	90.0000	40.0000	2.669255500
60.0000	90.0000	40.0000	2.534760000
70.0000	90.0000	40.0000	4.512573200
80.0000	90.0000	40.0000	1.966237800
90.0000	90.0000	40.0000	2.158606000
100.0000	90.0000	40.0000	5.798695600
110.0000	90.0000	40.0000	5.536691000
120.0000	90.0000	40.0000	1.971872600
130.0000	90.0000	40.0000	1.966901000
140.0000	90.0000	40.0000	0.712336900
150.0000	90.0000	40.0000	0.711903330
160.0000	90.0000	40.0000	2.038909400
170.0000	90.0000	40.0000	0.813586530
180.0000	90.0000	40.0000	0.815255500
190.0000	90.0000	40.0000	1.855539400
200.0000	90.0000	40.0000	2.549013100
210.0000	90.0000	40.0000	0.557003500
220.0000	90.0000	40.0000	0.564519350
230.0000	90.0000	40.0000	1.793502400
240.0000	90.0000	40.0000	2.106249300
250.0000	90.0000	40.0000	4.284671300
260.0000	90.0000	40.0000	3.241517500
270.0000	90.0000	40.0000	2.928519200
280.0000	90.0000	40.0000	3.473209900
290.0000	90.0000	40.0000	2.588145300
300.0000	90.0000	40.0000	0.979979900
310.0000	90.0000	40.0000	0.763647260
320.0000	90.0000	40.0000	0.482940170
330.0000	90.0000	40.0000	0.511958540
340.0000	90.0000	40.0000	1.175771800
350.0000	90.0000	40.0000	1.742663400
360.0000	90.0000	40.0000	1.000000000
0.0000	0.0000	50.0000	1.000000000
10.0000	0.0000	50.0000	1.000000000
20.0000	0.0000	50.0000	1.000000000
30.0000	0.0000	50.0000	1.000000000
40.0000	0.0000	50.0000	1.000000000
50.0000	0.0000	50.0000	1.000000000
60.0000	0.0000	50.0000	1.000000000
70.0000	0.0000	50.0000	1.000000000
80.0000	0.0000	50.0000	1.000000000
90.0000	0.0000	50.0000	1.000000000
100.0000	0.0000	50.0000	1.000000000
110.0000	0.0000	50.0000	1.000000000
120.0000	0.0000	50.0000	1.000000000
130.0000	0.0000	50.0000	1.000000000
140.0000	0.0000	50.0000	1.000000000
150.0000	0.0000	50.0000	1.000000000
160.0000	0.0000	50.0000	1.000000000
170.0000	0.0000	50.0000	1.000000000
180.0000	0.0000	50.0000	1.000000000
190.0000	0.0000	50.0000	1.000000000
200.0000	0.0000	50.0000	1.000000000
210.0000	0.0000	50.0000	1.000000000
220.0000	0.0000	50.0000	1.000000000
230.0000	0.0000	50.0000	1.000000000
240.0000	0.0000	50.0000	1.000000000
250.0000	0.0000	50.0000	1.000000000
260.0000	0.0000	50.0000	1.000000000
270.0000	0.0000	50.0000	1.000000000
280.0000	0.0000	50.0000	1.000000000
290.0000	0.0000	50.0000	1.000000000
300.0000	0.0000	50.0000	1.000000000
310.0000	0.0000	50.0000	1.000000000
320.0000	0.0000	50.0000	1.000000000
330.0000	0.0000	50.0000	1.000000000
340.0000	0.0000	50.0000	1.000000000
350.0000	0.0000	50.0000	1.000000000
360.0000	0.0000	50.0000	1.000000000
0.0000	10.0000	50.0000	0.745074400
10.0000	10.0000	50.0000	2.817858000
20.0000	10.0000	50.0000	2.562165700
30.0000	10.0000	50.0000	0.090891810
40.0000	10.0000	50.0000	0.070707150
50.0000	10.0000	50.0000	0.166806850
60.0000	10.0000	50.0000	0.891633700
70.0000	10.0000	50.0000	1.736850700
80.0000	10.0000	50.0000	2.740869500
90.0000	10.0000	50.0000	7.038260500
100.0000	10.0000	50.0000	6.260655400
110.0000	10.0000	50.0000	0.357590800
120.0000	10.0000	50.0000	0.113487124
130.0000	10.0000	50.0000	0.083637940
140.0000	10.0000	50.0000	0.108179920
150.0000	10.0000	50.0000	0.305808340
160.0000	10.0000	50.0000	1.670336600
170.0000	10.0000	50.0000	1.019656700
180.0000	10.0000	50.0000	0.390210930
190.0000	10.0000	50.0000	0.885732600
200.0000	10.0000	50.0000	0.683927100
210.0000	10.0000	50.0000	0.092869210
220.0000	10.0000	50.0000	0.061701410
230.0000	10.0000	50.0000	0.161581320
240.0000	10.0000	50.0000	0.768281100
250.0000	10.0000	50.0000	1.173163500
260.0000	10.0000	50.0000	2.599628200
270.0000	10.0000	50.0000	7.119198000
280.0000	10.0000	50.0000	6.844574000
290.0000	10.0000	50.0000	0.407239170
300.0000	10.0000	50.0000	0.122565635
310.0000	10.0000	50.0000	0.087582946
320.0000	10.0000	50.0000	0.143020960
330.0000	10.0000	50.0000	0.509976800
340.0000	10.0000	50.0000	1.953304500
350.0000	10.0000	50.0000	1.895524000
360.0000	10.0000	50.0000	1.000000000
0.0000	20.0000	50.0000	1.034691100
10.0000	20.0000	50.0000	1.631878600
20.0000	20.0000	50.0000	0.740133900
30.0000	20.0000	50.0000	0.145261200
40.0000	20.0000	50.0000	0.121132820
50.0000	20.0000	50.0000	0.250777240
60.0000	20.0000	50.0000	0.554096940
70.0000	20.0000	50.0000	0.606814300
80.0000	20.0000	50.0000	1.159219600
90.0000	20.0000	50.0000	4.099992800
100.0000	20.0000	50.0000	1.527146700
110.0000	20.0000	50.0000	0.332553980
120.0000	20.0000	50.0000	0.267733780
130.0000	20.0000	50.0000	0.198949340
140.0000	20.0000	50.0000	0.189436780
150.0000	20.0000	50.0000	0.510105600
160.0000	20.0000	50.0000	1.204670700
170.0000	20.0000	50.0000	0.865033860
180.0000	20.0000	50.0000	0.765885350
190.0000	20.0000	50.0000	1.047206800
200.0000	20.0000	50.0000	0.730374600
210.0000	20.0000	50.0000	0.257638000
220.0000	20.0000	50.0000	0.147760730
230.0000	20.0000	50.0000	0.308873530
240.0000	20.0000	50.0000	0.583772700
250.0000	20.0000	50.0000	0.355891400
260.0000	20.0000	50.0000	0.719352540
270.0000	20.0000	50.0000	3.843024300
280.0000	20.0000	50.0000	1.446523900
290.0000	20.0000	50.0000	0.410004470
300.0000	20.0000	50.0000	0.457148800
310.0000	20.0000	50.0000	0.249531450
320.0000	20.0000	50.0000	0.190682550
330.0000	20.0000	50.0000	0.439801600
340.0000	20.0000	50.0000	1.118425000
350.0000	20.0000	50.0000	1.153621800
360.0000	20.0000	50.0000	1.000000000
0.0000	30.0000	50.0000	0.856148100
10.0000	30.0000	50.0000	0.904746350
20.0000	30.0000	50.0000	0.511662100
30.0000	30.0000	50.0000	0.267745970
40.0000	30.0000	50.0000	0.166919750
50.0000	30.0000	50.0000	0.298617270
60.0000	30.0000	50.0000	0.493423850
70.0000	30.0000	50.0000	0.437641680
80.0000	30.0000	50.0000	0.536910530
90.0000	30.0000	50.0000	0.890447500
100.0000	30.0000	50.0000	0.793215750
110.0000	30.0000	50.0000	0.335500840
120.0000	30.0000	50.0000	0.289683580
130.0000	30.0000	50.0000	0.390425470
140.0000	30.0000	50.0000	0.531968100
150.0000	30.0000	50.0000	1.066268600
160.0000	30.0000	50.0000	1.434403500
170.0000	30.0000	50.0000	0.928028300
180.0000	30.0000	50.0000	1.257028500
190.0000	30.0000	50.0000	1.642159500
200.0000	30.0000	50.0000	1.278899900
210.0000	30.0000	50.0000	0.921425000
220.0000	30.0000	50.0000	0.471013720
230.0000	30.0000	50.0000	0.448869650
240.0000	30.0000	50.0000	0.493782070
250.0000	30.0000	50.0000	0.294348720
260.0000	30.0000	50.0000	0.339916100
270.0000	30.0000	50.0000	0.801162540
280.0000	30.0000	50.0000	0.639175650
290.0000	30.0000	50.0000	0.380784720
300.0000	30.0000	50.0000	0.435375930
310.0000	30.0000	50.0000	0.454913770
320.0000	30.0000	50.0000	0.302246840
330.0000	30.0000	50.0000	0.438033220
340.0000	30.0000	50.0000	1.003719900
350.0000	30.0000	50.0000	0.763636800
360.0000	30.0000	50.0000	1.000000000
0.0000	40.0000	50.0000	0.802465900
10.0000	40.0000	50.0000	0.977207960
20.0000	40.0000	50.0000	1.036599000
30.0000	40.0000	50.0000	0.704719400
40.0000	40.0000	50.0000	0.447940200
50.0000	40.0000	50.0000	0.238329620
60.0000	40.0000	50.0000	0.178602410
70.0000	40.0000	50.0000	0.216731280
80.0000	40.0000	50.0000	0.531639930
90.0000	40.0000	50.0000	0.893629000
100.0000	40.0000	50.0000	0.676165940
110.0000	40.0000	50.0000	0.394747440
120.0000	40.0000	50.0000	0.403575960
130.0000	40.0000	50.0000	0.667338670
140.0000	40.0000	50.0000	1.820233100
150.0000	40.0000	50.0000	3.087306300
160.0000	40.0000	50.0000	1.393308000
170.0000	40.0000	50.0000	0.703495260
180.0000	40.0000	50.0000	1.201176300
190.0000	40.0000	50.0000	1.469696900
200.0000	40.0000	50.0000	1.585319800
210.0000	40.0000	50.0000	2.297026900
220.0000	40.0000	50.0000	1.296990000
230.0000	40.0000	50.0000	0.635722400
240.0000	40.0000	50.0000	0.210802570
250.0000	40.0000	50.0000	0.150765570
260.0000	40.0000	50.0000	0.368546130
270.0000	40.0000	50.0000	0.804758900
280.0000	40.0000	50.0000	0.517439300
290.0000	40.0000	50.0000	0.338412300
300.0000	40.0000	50.0000	0.315122200
310.0000	40.0000	50.0000	0.419781150
320.0000	40.0000	50.0000	0.570416400
330.0000	40.0000	50.0000	0.750694500
340.0000	40.0000	50.0000	0.962708350
350.0000	40.0000	50.0000	0.489781080
360.0000	40.0000	50.0000	1.000000000
0.0000	50.0000	50.0000	0.950275540
10.0000	50.0000	50.0000	1.112154200
20.0000	50.0000	50.0000	1.465488600
30.0000	50.0000	50.0000	2.209560600
40.0000	50.0000	50.0000	1.482814300
50.0000	50.0000	50.0000	0.489087340
60.0000	50.0000	50.0000	0.277092370
70.0000	50.0000	50.0000	0.345233260
80.0000	50.0000	50.0000	1.535016700
90.0000	50.0000	50.0000	3.093927600
100.0000	50.0000	50.0000	1.102798100
110.0000	50.0000	50.0000	0.614598300
120.0000	50.0000	50.0000	0.654784740
130.0000	50.0000	50.0000	0.860328440
140.0000	50.0000	50.0000	3.061127400
150.0000	50.0000	50.0000	4.122448400
160.0000	50.0000	50.0000	0.761495500
170.0000	50.0000	50.0000	0.388465050
180.0000	50.0000	50.0000	0.693291370
190.0000	50.0000	50.0000	0.814425600
200.0000	50.0000	50.0000	1.294925500
210.0000	50.0000	50.0000	2.470495000
220.0000	50.0000	50.0000	2.042445200
230.0000	50.0000	50.0000	1.246054400
240.0000	50.0000	50.0000	0.511011960
250.0000	50.0000	50.0000	0.369232200
260.0000	50.0000	50.0000	0.942290900
270.0000	50.0000	50.0000	2.097730600
280.0000	50.0000	50.0000	1.086787000
290.0000	50.0000	50.0000	0.431566030
300.0000	50.0000	50.0000	0.343752320
310.0000	50.0000	50.0000	0.505765100
320.0000	50.0000	50.0000	1.223994900
330.0000	50.0000	50.0000	1.573232500
340.0000	50.0000	50.0000	0.631332200
350.0000	50.0000	50.0000	0.296353250
360.0000	50.0000	50.0000	1.000000000
0.0000	60.0000	50.0000	0.778090300
10.0000	60.0000	50.0000	0.970638200
20.0000	60.0000	50.0000	2.513411800
30.0000	60.0000	50.0000	5.152459600
40.0000	60.0000	50.0000	1.265514100
50.0000	60.0000	50.0000	0.392555300
60.0000	60.0000	50.0000	0.560928200
70.0000	60.0000	50.0000	1.010044500
80.0000	60.0000	50.0000	1.908114100
90.0000	60.0000	50.0000	2.707232200
100.0000	60.0000	50.0000	1.469466600
110.0000	60.0000	50.0000	1.032886600
120.0000	60.0000	50.0000	0.533280900
130.0000	60.0000	50.0000	0.385146050
140.0000	60.0000	50.0000	1.089622900
150.0000	60.0000	50.0000	1.479860900
160.0000	60.0000	50.0000	0.499476500
170.0000	60.0000	50.0000	0.373576250
180.0000	60.0000	50.0000	0.428105000
190.0000	60.0000	50.0000	0.558959400
200.0000	60.0000	50.0000	1.087289600
210.0000	60.0000	50.0000	1.692818800
220.0000	60.0000	50.0000	1.092792200
230.0000	60.0000	50.0000	0.591383500
240.0000	60.0000	50.0000	0.930900100
250.0000	60.0000	50.0000	1.599913600
260.0000	60.0000	50.0000	1.256162900
270.0000	60.0000	50.0000	1.678767900
280.0000	60.0000	50.0000	1.183808100
290.0000	60.0000	50.0000	0.451996120
300.0000	60.0000	50.0000	0.329240800
310.0000	60.0000	50.0000	0.291924900
320.0000	60.0000	50.0000	1.150281100
330.0000	60.0000	50.0000	2.448876100
340.0000	60.0000	50.0000	0.673884450
350.0000	60.0000	50.0000	0.370025040
360.0000	60.0000	50.0000	1.000000000
0.0000	70.0000	50.0000	0.673125900
10.0000	70.0000	50.0000	0.944195900
20.0000	70.0000	50.0000	2.330433800
30.0000	70.0000	50.0000	2.403720000
40.0000	70.0000	50.0000	0.417783900
50.0000	70.0000	50.0000	0.239413140
60.0000	70.0000	50.0000	0.783628000
70.0000	70.0000	50.0000	1.371116500
80.0000	70.0000	50.0000	1.558876900
90.0000	70.0000	50.0000	1.858541600
100.0000	70.0000	50.0000	1.203633000
110.0000	70.0000	50.0000	0.977271440
120.0000	70.0000	50.0000	0.380852040
130.0000	70.0000	50.0000	0.199499650
140.0000	70.0000	50.0000	0.275256500
150.0000	70.0000	50.0000	0.546478330
160.0000	70.0000	50.0000	0.855293040
170.0000	70.0000	50.0000	0.558339900
180.0000	70.0000	50.0000	0.466721600
190.0000	70.0000	50.0000	0.715360800
200.0000	70.0000	50.0000	0.703610200
210.0000	70.0000	50.0000	0.594306600
220.0000	70.0000	50.0000	0.344188720
230.0000	70.0000	50.0000	0.237780690
240.0000	70.0000	50.0000	0.930143240
250.0000	70.0000	50.0000	1.983984200
260.0000	70.0000	50.0000	0.964298960
270.0000	70.0000	50.0000	0.720202900
280.0000	70.0000	50.0000	0.416361780
290.0000	70.0000	50.0000	0.347870170
300.0000	70.0000	50.0000	0.300898880
310.0000	70.0000	50.0000	0.169694980
320.0000	70.0000	50.0000	0.555378700
330.0000	70.0000	50.0000	1.644190300
340.0000	70.0000	50.0000	0.881499470
350.0000	70.0000	50.0000	0.654673040
360.0000	70.0000	50.0000	1.000000000
0.0000	80.0000	50.0000	0.791472140
10.0000	80.0000	50.0000	1.037788600
20.0000	80.0000	50.0000	1.895646800
30.0000	80.0000	50.0000	0.886230500
40.0000	80.0000	50.0000	0.379690170
50.0000	80.0000	50.0000	0.417714300
60.0000	80.0000	50.0000	1.242205900
70.0000	80.0000	50.0000	2.103479400
80.0000	80.0000	50.0000	3.160388200
90.0000	80.0000	50.0000	3.785613800
100.0000	80.0000	50.0000	3.404610900
110.0000	80.0000	50.0000	2.367499400
120.0000	80.0000	50.0000	1.447294700
130.0000	80.0000	50.0000	1.425071000
140.0000	80.0000	50.0000	0.458810150
150.0000	80.0000	50.0000	0.570523860
160.0000	80.0000	50.0000	1.825187300
170.0000	80.0000	50.0000	0.706561400
180.0000	80.0000	50.0000	0.618027150
190.0000	80.0000	50.0000	1.222286000
200.0000	80.0000	50.0000	0.819829760
210.0000	80.0000	50.0000	0.428626540
220.0000	80.0000	50.0000	0.303779450
230.0000	80.0000	50.0000	0.372083200
240.0000	80.0000	50.0000	1.127259500
250.0000	80.0000	50.0000	1.807764900
260.0000	80.0000	50.0000	1.562008000
270.0000	80.0000	50.0000	0.976386960
280.0000	80.0000	50.0000	0.760474860
290.0000	80.0000	50.0000	0.997243300
300.0000	80.0000	50.0000	0.889435800
310.0000	80.0000	50.0000	0.766867400
320.0000	80.0000	50.0000	0.632127800
330.0000	80.0000	50.0000	0.931369900
340.0000	80.0000	50.0000	1.331634200
350.0000	80.0000	50.0000	1.049779500
360.0000	80.0000	50.0000	1.000000000
0.0000	90.0000	50.0000	0.758252200
10.0000	90.0000	50.0000	0.897768900
20.0000	90.0000	50.0000	2.715923300
30.0000	90.0000	50.0000	0.915747900
40.0000	90.0000	50.0000	0.624597400
50.0000	90.0000	50.0000	1.292596300
60.0000	90.0000	50.0000	2.069430800
70.0000	90.0000	50.0000	4.355376000
80.0000	90.0000	50.0000	5.054660300
90.0000	90.0000	50.0000	5.912741000
100.0000	90.0000	50.0000	7.504059000
110.0000	90.0000	50.0000	5.796931700
120.0000	90.0000	50.0000	2.885968700
130.0000	90.0000	50.0000	2.992227600
140.0000	90.0000	50.0000	0.793428840
150.0000	90.0000	50.0000	0.682521600
160.0000	90.0000	50.0000	2.155047000
170.0000	90.0000	50.0000	0.555294040
180.0000	90.0000	50.0000	0.652556700
190.0000	90.0000	50.0000	1.655871200
200.0000	90.0000	50.0000	1.401006600
210.0000	90.0000	50.0000	0.549250500
220.0000	90.0000	50.0000	0.441761370
230.0000	90.0000	50.0000	0.768159900
240.0000	90.0000	50.0000	1.402764800
250.0000	90.0000	50.0000	2.515358000
260.0000	90.0000	50.0000	1.768383600
270.0000	90.0000	50.0000	1.302132400
280.0000	90.0000	50.0000	1.623421100
290.0000	90.0000	50.0000	2.897853000
300.0000	90.0000	50.0000	1.838800400
310.0000	90.0000	50.0000	1.828361000
320.0000	90.0000	50.0000	0.793744900
330.0000	90.0000	50.0000	0.708604300
340.0000	90.0000	50.0000	1.439914500
350.0000	90.0000	50.0000	1.168746400
360.0000	90.0000	50.0000	1.000000000
0.0000	0.0000	60.0000	1.000000000
10.0000	0.0000	60.0000	1.000000000
20.0000	0.0000	60.0000	1.000000000
30.0000	0.0000	60.0000	1.000000000
40.0000	0.0000	60.0000	1.000000000
50.0000	0.0000	60.0000	1.000000000
60.0000	0.0000	60.0000	1.000000000
70.0000	0.0000	60.0000	1.000000000
80.0000	0.0000	60.0000	1.000000000
90.0000	0.0000	60.0000	1.000000000
100.0000	0.0000	60.0000	1.000000000
110.0000	0.0000	60.0000	1.000000000
120.0000	0.0000	60.0000	1.000000000
130.0000	0.0000	60.0000	1.000000000
140.0000	0.0000	60.0000	1.000000000
150.0000	0.0000	60.0000	1.000000000
160.0000	0.0000	60.0000	1.000000000
170.0000	0.0000	60.0000	1.000000000
180.0000	0.0000	60.0000	1.000000000
190.0000	0.0000	60.0000	1.000000000
200.0000	0.0000	60.0000	1.000000000
210.0000	0.0000	60.0000	1.000000000
220.0000	0.0000	60.0000	1.000000000
230.0000	0.0000	60.0000	1.000000000
240.0000	0.0000	60.0000	1.000000000
250.0000	0.0000	60.0000	1.000000000
260.0000	0.0000	60.0000	1.000000000
270.0000	0.0000	60.0000	1.000000000
280.0000	0.0000	60.0000	1.000000000
290.0000	0.0000	60.0000	1.000000000
300.0000	0.0000	60.0000	1.000000000
310.0000	0.0000	60.0000	1.000000000
320.0000	0.0000	60.0000	1.000000000
330.0000	0.0000	60.0000	1.000000000
340.0000	0.0000	60.0000	1.000000000
350.0000	0.0000	60.0000	1.000000000
360.0000	0.0000	60.0000	1.000000000
0.0000	10.0000	60.0000	1.174181500
10.0000	10.0000	60.0000	3.376022000
20.0000	10.0000	60.0000	0.791393300
30.0000	10.0000	60.0000	0.112011170
40.0000	10.0000	60.0000	0.243876600
50.0000	10.0000	60.0000	0.755846400
60.0000	10.0000	60.0000	1.366151900
70.0000	10.0000	60.0000	1.508336300
80.0000	10.0000	60.0000	1.629150000
90.0000	10.0000	60.0000	0.450693880
100.0000	10.0000	60.0000	0.111006685
110.0000	10.0000	60.0000	0.112171250
120.0000	10.0000	60.0000	0.104354456
130.0000	10.0000	60.0000	0.117504920
140.0000	10.0000	60.0000	0.462885830
150.0000	10.0000	60.0000	0.865779500
160.0000	10.0000	60.0000	1.225419000
170.0000	10.0000	60.0000	1.162106600
180.0000	10.0000	60.0000	0.571866750
190.0000	10.0000	60.0000	0.844720660
200.0000	10.0000	60.0000	0.286060240
210.0000	10.0000	60.0000	0.094921306
220.0000	10.0000	60.0000	0.194854270
230.0000	10.0000	60.0000	0.798228860
240.0000	10.0000	60.0000	1.192087900
250.0000	10.0000	60.0000	0.837008300
260.0000	10.0000	60.0000	1.620239400
270.0000	10.0000	60.0000	0.734160800
280.0000	10.0000	60.0000	0.168753070
290.0000	10.0000	60.0000	0.152774510
300.0000	10.0000	60.0000	0.108425714
310.0000	10.0000	60.0000	0.186642780
320.0000	10.0000	60.0000	0.931225700
330.0000	10.0000	60.0000	1.107693900
340.0000	10.0000	60.0000	1.717465300
350.0000	10.0000	60.0000	2.002785000
360.0000	10.0000	60.0000	1.000000000
0.0000	20.0000	60.0000	1.561847200
10.0000	20.0000	60.0000	1.513450100
20.0000	20.0000	60.0000	0.200527380
30.0000	20.0000	60.0000	0.100298900
40.0000	20.0000	60.0000	0.366056950
50.0000	20.0000	60.0000	0.653281030
60.0000	20.0000	60.0000	1.262088500
70.0000	20.0000	60.0000	1.460961000
80.0000	20.0000	60.0000	0.276563400
90.0000	20.0000	60.0000	0.135003370
100.0000	20.0000	60.0000	0.211808550
110.0000	20.0000	60.0000	0.198900730
120.0000	20.0000	60.0000	0.164232050
130.0000	20.0000	60.0000	0.276806400
140.0000	20.0000	60.0000	0.670879600
150.0000	20.0000	60.0000	1.359033200
160.0000	20.0000	60.0000	0.913217800
170.0000	20.0000	60.0000	0.982727300
180.0000	20.0000	60.0000	1.171788000
190.0000	20.0000	60.0000	0.725788650
200.0000	20.0000	60.0000	0.238872140
210.0000	20.0000	60.0000	0.159133020
220.0000	20.0000	60.0000	0.321824460
230.0000	20.0000	60.0000	0.480747460
240.0000	20.0000	60.0000	0.701820800
250.0000	20.0000	60.0000	0.501796600
260.0000	20.0000	60.0000	0.221700250
270.0000	20.0000	60.0000	0.239233080
280.0000	20.0000	60.0000	0.334434300
290.0000	20.0000	60.0000	0.214554090
300.0000	20.0000	60.0000	0.202392220
310.0000	20.0000	60.0000	0.306449830
320.0000	20.0000	60.0000	0.558114100
330.0000	20.0000	60.0000	1.227269200
340.0000	20.0000	60.0000	1.236261800
350.0000	20.0000	60.0000	1.202802400
360.0000	20.0000	60.0000	1.000000000
0.0000	30.0000	60.0000	1.099299000
10.0000	30.0000	60.0000	0.705609860
20.0000	30.0000	60.0000	0.126143680
30.0000	30.0000	60.0000	0.127333920
40.0000	30.0000	60.0000	0.235586540
50.0000	30.0000	60.0000	0.383423660
60.0000	30.0000	60.0000	0.606194500
70.0000	30.0000	60.0000	1.060299600
80.0000	30.0000	60.0000	0.475140040
90.0000	30.0000	60.0000	0.214760780
100.0000	30.0000	60.0000	0.372949180
110.0000	30.0000	60.0000	0.374249200
120.0000	30.0000	60.0000	0.381893630
130.0000	30.0000	60.0000	0.445152070
140.0000	30.0000	60.0000	0.840221000
150.0000	30.0000	60.0000	1.170271000
160.0000	30.0000	60.0000	0.666060270
170.0000	30.0000	60.0000	1.021685400
180.0000	30.0000	60.0000	1.806549100
190.0000	30.0000	60.0000	1.513825200
200.0000	30.0000	60.0000	0.946016130
210.0000	30.0000	60.0000	0.570576970
220.0000	30.0000	60.0000	0.535174200
230.0000	30.0000	60.0000	0.562535760
240.0000	30.0000	60.0000	0.496998520
250.0000	30.0000	60.0000	0.394150230
260.0000	30.0000	60.0000	0.232281040
270.0000	30.0000	60.0000	0.219096450
280.0000	30.0000	60.0000	0.374570820
290.0000	30.0000	60.0000	0.217576030
300.0000	30.0000	60.0000	0.302034380
310.0000	30.0000	60.0000	0.305442360
320.0000	30.0000	60.0000	0.386745100
330.0000	30.0000	60.0000	0.766611400
340.0000	30.0000	60.0000	0.711782400
350.0000	30.0000	60.0000	0.737152700
360.0000	30.0000	60.0000	1.000000000
0.0000	40.0000	60.0000	1.139110000
10.0000	40.0000	60.0000	0.909987330
20.0000	40.0000	60.0000	0.454068960
30.0000	40.0000	60.0000	0.339970740
40.0000	40.0000	60.0000	0.348032030
50.0000	40.0000	60.0000	0.380225700
60.0000	40.0000	60.0000	0.246537310
70.0000	40.0000	60.0000	0.449799780
80.0000	40.0000	60.0000	1.293607700
90.0000	40.0000	60.0000	1.040712000
100.0000	40.0000	60.0000	0.779807450
110.0000	40.0000	60.0000	0.663210630
120.0000	40.0000	60.0000	0.615553900
130.0000	40.0000	60.0000	0.845593870
140.0000	40.0000	60.0000	1.496628500
150.0000	40.0000	60.0000	0.933389250
160.0000	40.0000	60.0000	0.356774960
170.0000	40.0000	60.0000	0.788086200
180.0000	40.0000	60.0000	2.057985500
190.0000	40.0000	60.0000	1.910893600
200.0000	40.0000	60.0000	1.943496700
210.0000	40.0000	60.0000	1.671556200
220.0000	40.0000	60.0000	0.940065440
230.0000	40.0000	60.0000	0.579016000
240.0000	40.0000	60.0000	0.252829670
250.0000	40.0000	60.0000	0.203752590
260.0000	40.0000	60.0000	0.450511960
270.0000	40.0000	60.0000	0.746502300
280.0000	40.0000	60.0000	0.546994800
290.0000	40.0000	60.0000	0.458834650
300.0000	40.0000	60.0000	0.531888070
310.0000	40.0000	60.0000	0.504349300
320.0000	40.0000	60.0000	0.424666520
330.0000	40.0000	60.0000	0.508473500
340.0000	40.0000	60.0000	0.366235170
350.0000	40.0000	60.0000	0.498155800
360.0000	40.0000	60.0000	1.000000000
0.0000	50.0000	60.0000	1.518063100
10.0000	50.0000	60.0000	1.382254100
20.0000	50.0000	60.0000	1.047667100
30.0000	50.0000	60.0000	0.950233000
40.0000	50.0000	60.0000	0.940141100
50.0000	50.0000	60.0000	0.454079330
60.0000	50.0000	60.0000	0.220584530
70.0000	50.0000	60.0000	0.385339950
80.0000	50.0000	60.0000	2.400229000
90.0000	50.0000	60.0000	1.914849600
100.0000	50.0000	60.0000	0.771305000
110.0000	50.0000	60.0000	0.615860500
120.0000	50.0000	60.0000	0.686310200
130.0000	50.0000	60.0000	1.308172200
140.0000	50.0000	60.0000	2.281501000
150.0000	50.0000	60.0000	0.558643400
160.0000	50.0000	60.0000	0.160519140
170.0000	50.0000	60.0000	0.448724060
180.0000	50.0000	60.0000	1.323458900
190.0000	50.0000	60.0000	1.015026700
200.0000	50.0000	60.0000	0.987864400
210.0000	50.0000	60.0000	1.551121400
220.0000	50.0000	60.0000	1.536441400
230.0000	50.0000	60.0000	0.742087700
240.0000	50.0000	60.0000	0.299719150
250.0000	50.0000	60.0000	0.239121270
260.0000	50.0000	60.0000	0.617195960
270.0000	50.0000	60.0000	1.136637700
280.0000	50.0000	60.0000	0.597856600
290.0000	50.0000	60.0000	0.506507640
300.0000	50.0000	60.0000	0.592102200
310.0000	50.0000	60.0000	0.571772100
320.0000	50.0000	60.0000	0.509208700
330.0000	50.0000	60.0000	0.344293150
340.0000	50.0000	60.0000	0.208668050
350.0000	50.0000	60.0000	0.357067020
360.0000	50.0000	60.0000	1.000000000
0.0000	60.0000	60.0000	1.050011500
10.0000	60.0000	60.0000	1.126796500
20.0000	60.0000	60.0000	1.829934500
30.0000	60.0000	60.0000	2.298972000
40.0000	60.0000	60.0000	1.114677500
50.0000	60.0000	60.0000	0.556491200
60.0000	60.0000	60.0000	0.698208750
70.0000	60.0000	60.0000	1.235889000
80.0000	60.0000	60.0000	2.125969600
90.0000	60.0000	60.0000	2.255320500
100.0000	60.0000	60.0000	0.676454400
110.0000	60.0000	60.0000	0.500800850
120.0000	60.0000	60.0000	0.385632540
130.0000	60.0000	60.0000	0.501104530
140.0000	60.0000	60.0000	0.887516400
150.0000	60.0000	60.0000	0.516888900
160.0000	60.0000	60.0000	0.184131590
170.0000	60.0000	60.0000	0.370399920
180.0000	60.0000	60.0000	0.529451800
190.0000	60.0000	60.0000	0.534705900
200.0000	60.0000	60.0000	0.658084450
210.0000	60.0000	60.0000	1.245638300
220.0000	60.0000	60.0000	1.235204900
230.0000	60.0000	60.0000	0.715765830
240.0000	60.0000	60.0000	0.735104440
250.0000	60.0000	60.0000	1.022754800
260.0000	60.0000	60.0000	0.725343800
270.0000	60.0000	60.0000	0.681230500
280.0000	60.0000	60.0000	0.363823120
290.0000	60.0000	60.0000	0.311440080
300.0000	60.0000	60.0000	0.401726420
310.0000	60.0000	60.0000	0.374929880
320.0000	60.0000	60.0000	0.582691100
330.0000	60.0000	60.0000	0.565821050
340.0000	60.0000	60.0000	0.248558920
350.0000	60.0000	60.0000	0.320719420
360.0000	60.0000	60.0000	1.000000000
0.0000	70.0000	60.0000	0.557883600
10.0000	70.0000	60.0000	0.602778400
20.0000	70.0000	60.0000	1.100500500
30.0000	70.0000	60.0000	2.083058400
40.0000	70.0000	60.0000	0.802187100
50.0000	70.0000	60.0000	0.647506950
60.0000	70.0000	60.0000	1.769685100
70.0000	70.0000	60.0000	2.214556000
80.0000	70.0000	60.0000	1.810682200
90.0000	70.0000	60.0000	1.244957700
100.0000	70.0000	60.0000	0.486935800
110.0000	70.0000	60.0000	0.546944900
120.0000	70.0000	60.0000	0.365329680
130.0000	70.0000	60.0000	0.292824240
140.0000	70.0000	60.0000	0.468693080
150.0000	70.0000	60.0000	0.482873170
160.0000	70.0000	60.0000	0.317093970
170.0000	70.0000	60.0000	0.316587150
180.0000	70.0000	60.0000	0.291237860
190.0000	70.0000	60.0000	0.466366500
200.0000	70.0000	60.0000	0.402068600
210.0000	70.0000	60.0000	0.779197340
220.0000	70.0000	60.0000	0.689349530
230.0000	70.0000	60.0000	0.499796120
240.0000	70.0000	60.0000	1.067009300
250.0000	70.0000	60.0000	1.533870900
260.0000	70.0000	60.0000	0.496092320
270.0000	70.0000	60.0000	0.228857820
280.0000	70.0000	60.0000	0.189236360
290.0000	70.0000	60.0000	0.324832470
300.0000	70.0000	60.0000	0.360223000
310.0000	70.0000	60.0000	0.414216760
320.0000	70.0000	60.0000	0.756104900
330.0000	70.0000	60.0000	0.735626100
340.0000	70.0000	60.0000	0.390839070
350.0000	70.0000	60.0000	0.425675150
360.0000	70.0000	60.0000	1.000000000
0.0000	80.0000	60.0000	0.334387930
10.0000	80.0000	60.0000	0.439416100
20.0000	80.0000	60.0000	0.605299350
30.0000	80.0000	60.0000	0.750151000
40.0000	80.0000	60.0000	0.369095100
50.0000	80.0000	60.0000	0.367892830
60.0000	80.0000	60.0000	1.605623200
70.0000	80.0000	60.0000	2.353759300
80.0000	80.0000	60.0000	2.533377400
90.0000	80.0000	60.0000	1.665899900
100.0000	80.0000	60.0000	1.005551900
110.0000	80.0000	60.0000	1.276578300
120.0000	80.0000	60.0000	0.993151700
130.0000	80.0000	60.0000	0.665362060
140.0000	80.0000	60.0000	0.414681970
150.0000	80.0000	60.0000	0.282995670
160.0000	80.0000	60.0000	0.338993340
170.0000	80.0000	60.0000	0.261540920
180.0000	80.0000	60.0000	0.211689770
190.0000	80.0000	60.0000	0.458928820
200.0000	80.0000	60.0000	0.290696560
210.0000	80.0000	60.0000	0.507991500
220.0000	80.0000	60.0000	0.534442960
230.0000	80.0000	60.0000	0.464635280
240.0000	80.0000	60.0000	1.132593900
250.0000	80.0000	60.0000	1.212947000
260.0000	80.0000	60.0000	0.476294930
270.0000	80.0000	60.0000	0.243503730
280.0000	80.0000	60.0000	0.334083300
290.0000	80.0000	60.0000	1.044619700
300.0000	80.0000	60.0000	0.904034800
310.0000	80.0000	60.0000	1.083458500
320.0000	80.0000	60.0000	1.180667300
330.0000	80.0000	60.0000	0.528576430
340.0000	80.0000	60.0000	0.364931230
350.0000	80.0000	60.0000	0.489183750
360.0000	80.0000	60.0000	1.000000000
0.0000	90.0000	60.0000	0.286345000
10.0000	90.0000	60.0000	0.379259850
20.0000	90.0000	60.0000	0.486340140
30.0000	90.0000	60.0000	0.361407100
40.0000	90.0000	60.0000	0.164177210
50.0000	90.0000	60.0000	0.239529760
60.0000	90.0000	60.0000	1.316649700
70.0000	90.0000	60.0000	2.385659500
80.0000	90.0000	60.0000	3.213025300
90.0000	90.0000	60.0000	2.514913000
100.0000	90.0000	60.0000	2.121544600
110.0000	90.0000	60.0000	2.247361000
120.0000	90.0000	60.0000	1.438603000
130.0000	90.0000	60.0000	0.974631800
140.0000	90.0000	60.0000	0.397814120
150.0000	90.0000	60.0000	0.250662620
160.0000	90.0000	60.0000	0.370184700
170.0000	90.0000	60.0000	0.269950900
180.0000	90.0000	60.0000	0.224082800
190.0000	90.0000	60.0000	0.407923970
200.0000	90.0000	60.0000	0.268825700
210.0000	90.0000	60.0000	0.457473550
220.0000	90.0000	60.0000	0.512303300
230.0000	90.0000	60.0000	0.616645400
240.0000	90.0000	60.0000	1.459476200
250.0000	90.0000	60.0000	1.196033200
260.0000	90.0000	60.0000	0.515330600
270.0000	90.0000	60.0000	0.374383630
280.0000	90.0000	60.0000	0.765709700
290.0000	90.0000	60.0000	2.663389000
300.0000	90.0000	60.0000	1.770086900
310.0000	90.0000	60.0000	1.691069000
320.0000	90.0000	60.0000	1.161275100
330.0000	90.0000	60.0000	0.424694400
340.0000	90.0000	60.0000	0.397283460
350.0000	90.0000	60.0000	0.525646500
360.0000	90.0000	60.0000	1.000000000
