0.0000	0.0000	0.0000	0.173097480
10.0000	0.0000	0.0000	0.410449120
20.0000	0.0000	0.0000	1.638352000
30.0000	0.0000	0.0000	1.337687700
40.0000	0.0000	0.0000	0.727624900
50.0000	0.0000	0.0000	0.865963200
60.0000	0.0000	0.0000	1.270667000
70.0000	0.0000	0.0000	1.220317100
80.0000	0.0000	0.0000	0.195788530
90.0000	0.0000	0.0000	0.198887170
100.0000	0.0000	0.0000	0.601130070
110.0000	0.0000	0.0000	1.979196100
120.0000	0.0000	0.0000	2.898467000
130.0000	0.0000	0.0000	3.239078800
140.0000	0.0000	0.0000	3.712948600
150.0000	0.0000	0.0000	3.543791800
160.0000	0.0000	0.0000	1.399744700
170.0000	0.0000	0.0000	0.259388270
180.0000	0.0000	0.0000	0.143217430
190.0000	0.0000	0.0000	0.312857330
200.0000	0.0000	0.0000	1.835431300
210.0000	0.0000	0.0000	0.741557500
220.0000	0.0000	0.0000	0.335138320
230.0000	0.0000	0.0000	0.464965800
240.0000	0.0000	0.0000	1.000269500
250.0000	0.0000	0.0000	1.046149100
260.0000	0.0000	0.0000	0.139538900
270.0000	0.0000	0.0000	0.113922860
280.0000	0.0000	0.0000	0.339554520
290.0000	0.0000	0.0000	1.472059600
300.0000	0.0000	0.0000	2.209681500
310.0000	0.0000	0.0000	1.984558700
320.0000	0.0000	0.0000	2.458416000
330.0000	0.0000	0.0000	2.843018500
340.0000	0.0000	0.0000	1.113843300
350.0000	0.0000	0.0000	0.264855120
360.0000	0.0000	0.0000	1.000000000
0.0000	10.0000	0.0000	0.244545430
10.0000	10.0000	0.0000	1.157717800
20.0000	10.0000	0.0000	4.200803800
30.0000	10.0000	0.0000	0.677564740
40.0000	10.0000	0.0000	1.799196700
50.0000	10.0000	0.0000	3.874709600
60.0000	10.0000	0.0000	1.147294900
70.0000	10.0000	0.0000	1.542114700
80.0000	10.0000	0.0000	0.146669690
90.0000	10.0000	0.0000	0.291399840
100.0000	10.0000	0.0000	1.895188100
110.0000	10.0000	0.0000	2.959328000
120.0000	10.0000	0.0000	2.318627600
130.0000	10.0000	0.0000	2.547885400
140.0000	10.0000	0.0000	3.803414600
150.0000	10.0000	0.0000	4.435463000
160.0000	10.0000	0.0000	2.049346700
170.0000	10.0000	0.0000	0.572876040
180.0000	10.0000	0.0000	0.241224560
190.0000	10.0000	0.0000	1.396393700
200.0000	10.0000	0.0000	1.250952700
210.0000	10.0000	0.0000	0.327384560
220.0000	10.0000	0.0000	0.396311340
230.0000	10.0000	0.0000	1.430719500
240.0000	10.0000	0.0000	1.086787000
250.0000	10.0000	0.0000	0.890628200
260.0000	10.0000	0.0000	0.218627400
270.0000	10.0000	0.0000	0.422584770
280.0000	10.0000	0.0000	1.800422900
290.0000	10.0000	0.0000	2.929232600
300.0000	10.0000	0.0000	3.291147700
310.0000	10.0000	0.0000	4.162757400
320.0000	10.0000	0.0000	3.460063500
330.0000	10.0000	0.0000	2.581723500
340.0000	10.0000	0.0000	1.615257000
350.0000	10.0000	0.0000	0.668811100
360.0000	10.0000	0.0000	1.000000000
0.0000	20.0000	0.0000	0.373259700
10.0000	20.0000	0.0000	0.806625300
20.0000	20.0000	0.0000	2.425900200
30.0000	20.0000	0.0000	1.684474200
40.0000	20.0000	0.0000	1.962482600
50.0000	20.0000	0.0000	1.941887500
60.0000	20.0000	0.0000	0.167731000
70.0000	20.0000	0.0000	0.189545200
80.0000	20.0000	0.0000	0.067615290
90.0000	20.0000	0.0000	0.191428870
100.0000	20.0000	0.0000	1.419097100
110.0000	20.0000	0.0000	0.744872750
120.0000	20.0000	0.0000	0.660524100
130.0000	20.0000	0.0000	1.174107600
140.0000	20.0000	0.0000	0.543877600
150.0000	20.0000	0.0000	0.648315900
160.0000	20.0000	0.0000	1.308806300
170.0000	20.0000	0.0000	0.654426000
180.0000	20.0000	0.0000	0.432422880
190.0000	20.0000	0.0000	0.651926500
200.0000	20.0000	0.0000	1.036408200
210.0000	20.0000	0.0000	1.012716000
220.0000	20.0000	0.0000	0.346548500
230.0000	20.0000	0.0000	0.480074380
240.0000	20.0000	0.0000	0.241599370
250.0000	20.0000	0.0000	0.125495540
260.0000	20.0000	0.0000	0.053093810
270.0000	20.0000	0.0000	0.306162920
280.0000	20.0000	0.0000	1.305590900
290.0000	20.0000	0.0000	0.752678500
300.0000	20.0000	0.0000	1.814964700
310.0000	20.0000	0.0000	6.307813600
320.0000	20.0000	0.0000	1.360836000
330.0000	20.0000	0.0000	0.889254600
340.0000	20.0000	0.0000	0.927169000
350.0000	20.0000	0.0000	0.514908850
360.0000	20.0000	0.0000	1.000000000
0.0000	30.0000	0.0000	0.813939700
10.0000	30.0000	0.0000	1.330960500
20.0000	30.0000	0.0000	2.448841300
30.0000	30.0000	0.0000	1.683601100
40.0000	30.0000	0.0000	0.765296400
50.0000	30.0000	0.0000	0.320590700
60.0000	30.0000	0.0000	0.126162280
70.0000	30.0000	0.0000	0.189620210
80.0000	30.0000	0.0000	0.080894426
90.0000	30.0000	0.0000	0.199328150
100.0000	30.0000	0.0000	1.063339400
110.0000	30.0000	0.0000	0.231456200
120.0000	30.0000	0.0000	0.202644330
130.0000	30.0000	0.0000	1.090569300
140.0000	30.0000	0.0000	2.056863000
150.0000	30.0000	0.0000	2.661376200
160.0000	30.0000	0.0000	4.979204700
170.0000	30.0000	0.0000	2.163544000
180.0000	30.0000	0.0000	1.772645500
190.0000	30.0000	0.0000	2.073125400
200.0000	30.0000	0.0000	1.632739700
210.0000	30.0000	0.0000	0.976062060
220.0000	30.0000	0.0000	0.274490900
230.0000	30.0000	0.0000	0.136840090
240.0000	30.0000	0.0000	0.191524070
250.0000	30.0000	0.0000	0.176640940
260.0000	30.0000	0.0000	0.046743500
270.0000	30.0000	0.0000	0.160039960
280.0000	30.0000	0.0000	0.657572400
290.0000	30.0000	0.0000	0.246667980
300.0000	30.0000	0.0000	0.444857100
310.0000	30.0000	0.0000	0.982096600
320.0000	30.0000	0.0000	0.697540900
330.0000	30.0000	0.0000	1.155189200
340.0000	30.0000	0.0000	2.263045000
350.0000	30.0000	0.0000	0.956809340
360.0000	30.0000	0.0000	1.000000000
0.0000	40.0000	0.0000	3.003368600
10.0000	40.0000	0.0000	4.781204700
20.0000	40.0000	0.0000	4.372952500
30.0000	40.0000	0.0000	2.897479300
40.0000	40.0000	0.0000	3.134309300
50.0000	40.0000	0.0000	0.643856700
60.0000	40.0000	0.0000	1.121296200
70.0000	40.0000	0.0000	4.228434000
80.0000	40.0000	0.0000	0.723983300
90.0000	40.0000	0.0000	0.610804440
100.0000	40.0000	0.0000	1.562535200
110.0000	40.0000	0.0000	0.589660100
120.0000	40.0000	0.0000	0.366752950
130.0000	40.0000	0.0000	1.035559300
140.0000	40.0000	0.0000	2.915302300
150.0000	40.0000	0.0000	3.413210900
160.0000	40.0000	0.0000	5.517547600
170.0000	40.0000	0.0000	3.800757000
180.0000	40.0000	0.0000	4.048011300
190.0000	40.0000	0.0000	4.770248000
200.0000	40.0000	0.0000	1.749935900
210.0000	40.0000	0.0000	1.047298300
220.0000	40.0000	0.0000	1.134615900
230.0000	40.0000	0.0000	0.441268380
240.0000	40.0000	0.0000	0.743918660
250.0000	40.0000	0.0000	2.302750300
260.0000	40.0000	0.0000	0.389810030
270.0000	40.0000	0.0000	0.407560300
280.0000	40.0000	0.0000	1.506256300
290.0000	40.0000	0.0000	1.539636700
300.0000	40.0000	0.0000	0.871335200
310.0000	40.0000	0.0000	1.169002300
320.0000	40.0000	0.0000	2.092824000
330.0000	40.0000	0.0000	2.981184200
340.0000	40.0000	0.0000	4.739367500
350.0000	40.0000	0.0000	2.877580200
360.0000	40.0000	0.0000	1.000000000
0.0000	50.0000	0.0000	8.651449000
10.0000	50.0000	0.0000	10.237904000
20.0000	50.0000	0.0000	4.397815700
30.0000	50.0000	0.0000	3.070623900
40.0000	50.0000	0.0000	1.731498600
50.0000	50.0000	0.0000	0.423564290
60.0000	50.0000	0.0000	0.540616200
70.0000	50.0000	0.0000	1.685565200
80.0000	50.0000	0.0000	0.505632000
90.0000	50.0000	0.0000	0.576544170
100.0000	50.0000	0.0000	1.674312200
110.0000	50.0000	0.0000	1.143426400
120.0000	50.0000	0.0000	0.442742440
130.0000	50.0000	0.0000	0.496289300
140.0000	50.0000	0.0000	1.598734000
150.0000	50.0000	0.0000	2.191204000
160.0000	50.0000	0.0000	2.433428000
170.0000	50.0000	0.0000	1.407313000
180.0000	50.0000	0.0000	1.559573900
190.0000	50.0000	0.0000	2.446816000
200.0000	50.0000	0.0000	2.284901600
210.0000	50.0000	0.0000	2.700995700
220.0000	50.0000	0.0000	2.795697000
230.0000	50.0000	0.0000	0.752567500
240.0000	50.0000	0.0000	0.574917300
250.0000	50.0000	0.0000	0.865772250
260.0000	50.0000	0.0000	0.308798430
270.0000	50.0000	0.0000	0.552916940
280.0000	50.0000	0.0000	3.049588200
290.0000	50.0000	0.0000	2.478438600
300.0000	50.0000	0.0000	0.646349100
310.0000	50.0000	0.0000	0.790991000
320.0000	50.0000	0.0000	3.141581000
330.0000	50.0000	0.0000	3.206067600
340.0000	50.0000	0.0000	5.049400000
350.0000	50.0000	0.0000	5.787617000
360.0000	50.0000	0.0000	1.000000000
0.0000	60.0000	0.0000	3.523623200
10.0000	60.0000	0.0000	3.442692800
20.0000	60.0000	0.0000	2.354450700
30.0000	60.0000	0.0000	1.478020900
40.0000	60.0000	0.0000	0.577385400
50.0000	60.0000	0.0000	0.227085780
60.0000	60.0000	0.0000	0.177305950
70.0000	60.0000	0.0000	0.466588200
80.0000	60.0000	0.0000	0.211164090
90.0000	60.0000	0.0000	0.187795700
100.0000	60.0000	0.0000	0.496845500
110.0000	60.0000	0.0000	0.324360040
120.0000	60.0000	0.0000	0.406879200
130.0000	60.0000	0.0000	0.502302350
140.0000	60.0000	0.0000	1.153463400
150.0000	60.0000	0.0000	1.935761800
160.0000	60.0000	0.0000	1.030599400
170.0000	60.0000	0.0000	0.421808500
180.0000	60.0000	0.0000	0.420883740
190.0000	60.0000	0.0000	1.226644400
200.0000	60.0000	0.0000	2.603975500
210.0000	60.0000	0.0000	2.239644000
220.0000	60.0000	0.0000	2.647705000
230.0000	60.0000	0.0000	1.061721000
240.0000	60.0000	0.0000	0.263420640
250.0000	60.0000	0.0000	0.285738860
260.0000	60.0000	0.0000	0.160961570
270.0000	60.0000	0.0000	0.254813520
280.0000	60.0000	0.0000	0.781144560
290.0000	60.0000	0.0000	0.333495860
300.0000	60.0000	0.0000	0.233091120
310.0000	60.0000	0.0000	0.144469160
320.0000	60.0000	0.0000	0.440148770
330.0000	60.0000	0.0000	1.576140500
340.0000	60.0000	0.0000	3.068048200
350.0000	60.0000	0.0000	4.025468000
360.0000	60.0000	0.0000	1.000000000
0.0000	70.0000	0.0000	0.419043930
10.0000	70.0000	0.0000	0.509473740
20.0000	70.0000	0.0000	1.194377300
30.0000	70.0000	0.0000	1.071024200
40.0000	70.0000	0.0000	0.447395680
50.0000	70.0000	0.0000	0.464046700
60.0000	70.0000	0.0000	0.402531200
70.0000	70.0000	0.0000	0.467301340
80.0000	70.0000	0.0000	0.158647220
90.0000	70.0000	0.0000	0.143142310
100.0000	70.0000	0.0000	0.308237170
110.0000	70.0000	0.0000	0.321568200
120.0000	70.0000	0.0000	1.123359600
130.0000	70.0000	0.0000	1.229184000
140.0000	70.0000	0.0000	1.267931500
150.0000	70.0000	0.0000	1.775189900
160.0000	70.0000	0.0000	1.713660400
170.0000	70.0000	0.0000	0.397860320
180.0000	70.0000	0.0000	0.249400170
190.0000	70.0000	0.0000	0.804490030
200.0000	70.0000	0.0000	2.070407600
210.0000	70.0000	0.0000	1.467072600
220.0000	70.0000	0.0000	3.707619000
230.0000	70.0000	0.0000	3.455628000
240.0000	70.0000	0.0000	0.302835800
250.0000	70.0000	0.0000	0.244046500
260.0000	70.0000	0.0000	0.144584980
270.0000	70.0000	0.0000	0.243129120
280.0000	70.0000	0.0000	0.333720560
290.0000	70.0000	0.0000	0.218679280
300.0000	70.0000	0.0000	0.677025000
310.0000	70.0000	0.0000	0.497749750
320.0000	70.0000	0.0000	0.531625870
330.0000	70.0000	0.0000	1.591123700
340.0000	70.0000	0.0000	2.205097200
350.0000	70.0000	0.0000	1.290801200
360.0000	70.0000	0.0000	1.000000000
0.0000	80.0000	0.0000	0.139765680
10.0000	80.0000	0.0000	0.208259000
20.0000	80.0000	0.0000	1.355837000
30.0000	80.0000	0.0000	1.957262200
40.0000	80.0000	0.0000	1.165343000
50.0000	80.0000	0.0000	1.149977000
60.0000	80.0000	0.0000	1.116419100
70.0000	80.0000	0.0000	0.594476100
80.0000	80.0000	0.0000	0.122039170
90.0000	80.0000	0.0000	0.139647740
100.0000	80.0000	0.0000	0.445954650
110.0000	80.0000	0.0000	1.140655400
120.0000	80.0000	0.0000	2.016003600
130.0000	80.0000	0.0000	2.230190800
140.0000	80.0000	0.0000	2.266642300
150.0000	80.0000	0.0000	2.148790400
160.0000	80.0000	0.0000	2.689257000
170.0000	80.0000	0.0000	0.385402500
180.0000	80.0000	0.0000	0.200011420
190.0000	80.0000	0.0000	0.654408700
200.0000	80.0000	0.0000	2.068547000
210.0000	80.0000	0.0000	2.762174800
220.0000	80.0000	0.0000	4.000212700
230.0000	80.0000	0.0000	3.362651800
240.0000	80.0000	0.0000	0.954259400
250.0000	80.0000	0.0000	0.441575530
260.0000	80.0000	0.0000	0.114759960
270.0000	80.0000	0.0000	0.172450810
280.0000	80.0000	0.0000	0.331306730
290.0000	80.0000	0.0000	0.711073300
300.0000	80.0000	0.0000	1.421488400
310.0000	80.0000	0.0000	0.725285100
320.0000	80.0000	0.0000	0.715796500
330.0000	80.0000	0.0000	1.381977900
340.0000	80.0000	0.0000	1.633087500
350.0000	80.0000	0.0000	0.609404440
360.0000	80.0000	0.0000	1.000000000
0.0000	90.0000	0.0000	0.124591510
10.0000	90.0000	0.0000	0.163548890
20.0000	90.0000	0.0000	1.740487900
30.0000	90.0000	0.0000	2.866836000
40.0000	90.0000	0.0000	2.376785300
50.0000	90.0000	0.0000	2.968423400
60.0000	90.0000	0.0000	3.144383000
70.0000	90.0000	0.0000	1.306224800
80.0000	90.0000	0.0000	0.201664820
90.0000	90.0000	0.0000	0.186832220
100.0000	90.0000	0.0000	0.683224100
110.0000	90.0000	0.0000	3.200236300
120.0000	90.0000	0.0000	2.078063500
130.0000	90.0000	0.0000	2.269889600
140.0000	90.0000	0.0000	2.972707500
150.0000	90.0000	0.0000	2.667410400
160.0000	90.0000	0.0000	2.570599300
170.0000	90.0000	0.0000	0.176178560
180.0000	90.0000	0.0000	0.172932600
190.0000	90.0000	0.0000	0.743145350
200.0000	90.0000	0.0000	2.391166700
210.0000	90.0000	0.0000	3.608384000
220.0000	90.0000	0.0000	3.834133100
230.0000	90.0000	0.0000	4.285131500
240.0000	90.0000	0.0000	3.593402400
250.0000	90.0000	0.0000	1.593308700
260.0000	90.0000	0.0000	0.218901700
270.0000	90.0000	0.0000	0.182734150
280.0000	90.0000	0.0000	0.483954820
290.0000	90.0000	0.0000	2.576283700
300.0000	90.0000	0.0000	1.287392100
310.0000	90.0000	0.0000	0.575754500
320.0000	90.0000	0.0000	0.779046800
330.0000	90.0000	0.0000	1.417332800
340.0000	90.0000	0.0000	1.158621100
350.0000	90.0000	0.0000	0.435974750
360.0000	90.0000	0.0000	1.000000000
0.0000	0.0000	10.0000	1.000000000
10.0000	0.0000	10.0000	1.000000000
20.0000	0.0000	10.0000	1.000000000
30.0000	0.0000	10.0000	1.000000000
40.0000	0.0000	10.0000	1.000000000
50.0000	0.0000	10.0000	1.000000000
60.0000	0.0000	10.0000	1.000000000
70.0000	0.0000	10.0000	1.000000000
80.0000	0.0000	10.0000	1.000000000
90.0000	0.0000	10.0000	1.000000000
100.0000	0.0000	10.0000	1.000000000
110.0000	0.0000	10.0000	1.000000000
120.0000	0.0000	10.0000	1.000000000
130.0000	0.0000	10.0000	1.000000000
140.0000	0.0000	10.0000	1.000000000
150.0000	0.0000	10.0000	1.000000000
160.0000	0.0000	10.0000	1.000000000
170.0000	0.0000	10.0000	1.000000000
180.0000	0.0000	10.0000	1.000000000
190.0000	0.0000	10.0000	1.000000000
200.0000	0.0000	10.0000	1.000000000
210.0000	0.0000	10.0000	1.000000000
220.0000	0.0000	10.0000	1.000000000
230.0000	0.0000	10.0000	1.000000000
240.0000	0.0000	10.0000	1.000000000
250.0000	0.0000	10.0000	1.000000000
260.0000	0.0000	10.0000	1.000000000
270.0000	0.0000	10.0000	1.000000000
280.0000	0.0000	10.0000	1.000000000
290.0000	0.0000	10.0000	1.000000000
300.0000	0.0000	10.0000	1.000000000
310.0000	0.0000	10.0000	1.000000000
320.0000	0.0000	10.0000	1.000000000
330.0000	0.0000	10.0000	1.000000000
340.0000	0.0000	10.0000	1.000000000
350.0000	0.0000	10.0000	1.000000000
360.0000	0.0000	10.0000	1.000000000
0.0000	10.0000	10.0000	0.714677400
10.0000	10.0000	10.0000	2.895637800
20.0000	10.0000	10.0000	4.441753400
30.0000	10.0000	10.0000	1.618405700
40.0000	10.0000	10.0000	2.137806700
50.0000	10.0000	10.0000	1.754815600
60.0000	10.0000	10.0000	0.339367240
70.0000	10.0000	10.0000	0.505916830
80.0000	10.0000	10.0000	0.290056260
90.0000	10.0000	10.0000	0.338318820
100.0000	10.0000	10.0000	1.454598900
110.0000	10.0000	10.0000	1.496696400
120.0000	10.0000	10.0000	1.515695300
130.0000	10.0000	10.0000	2.285409200
140.0000	10.0000	10.0000	3.108807600
150.0000	10.0000	10.0000	2.150087000
160.0000	10.0000	10.0000	1.034241000
170.0000	10.0000	10.0000	0.633775830
180.0000	10.0000	10.0000	0.669362800
190.0000	10.0000	10.0000	2.067052000
200.0000	10.0000	10.0000	1.187334500
210.0000	10.0000	10.0000	0.437171940
220.0000	10.0000	10.0000	0.606128930
230.0000	10.0000	10.0000	1.312391300
240.0000	10.0000	10.0000	0.313029400
250.0000	10.0000	10.0000	0.216112850
260.0000	10.0000	10.0000	0.346144700
270.0000	10.0000	10.0000	0.555710800
280.0000	10.0000	10.0000	2.099504000
290.0000	10.0000	10.0000	2.052119500
300.0000	10.0000	10.0000	2.564476300
310.0000	10.0000	10.0000	4.557103600
320.0000	10.0000	10.0000	3.143891300
330.0000	10.0000	10.0000	1.379659200
340.0000	10.0000	10.0000	1.019545000
350.0000	10.0000	10.0000	0.710990700
360.0000	10.0000	10.0000	1.000000000
0.0000	20.0000	10.0000	0.875096560
10.0000	20.0000	10.0000	2.315707400
20.0000	20.0000	10.0000	2.727362900
30.0000	20.0000	10.0000	1.788101000
40.0000	20.0000	10.0000	2.239644000
50.0000	20.0000	10.0000	1.812730400
60.0000	20.0000	10.0000	0.184615670
70.0000	20.0000	10.0000	0.165808930
80.0000	20.0000	10.0000	0.213239880
90.0000	20.0000	10.0000	0.191422080
100.0000	20.0000	10.0000	0.935840300
110.0000	20.0000	10.0000	0.597158130
120.0000	20.0000	10.0000	0.502007400
130.0000	20.0000	10.0000	0.959636600
140.0000	20.0000	10.0000	0.878233300
150.0000	20.0000	10.0000	1.111100200
160.0000	20.0000	10.0000	0.767474300
170.0000	20.0000	10.0000	0.657905000
180.0000	20.0000	10.0000	0.821288700
190.0000	20.0000	10.0000	1.201214800
200.0000	20.0000	10.0000	1.064677500
210.0000	20.0000	10.0000	0.575925400
220.0000	20.0000	10.0000	0.522641060
230.0000	20.0000	10.0000	0.859562040
240.0000	20.0000	10.0000	0.203459800
250.0000	20.0000	10.0000	0.138445120
260.0000	20.0000	10.0000	0.401201930
270.0000	20.0000	10.0000	0.398450550
280.0000	20.0000	10.0000	1.305972300
290.0000	20.0000	10.0000	1.633268500
300.0000	20.0000	10.0000	3.031212300
310.0000	20.0000	10.0000	2.741956500
320.0000	20.0000	10.0000	1.495839400
330.0000	20.0000	10.0000	1.419937800
340.0000	20.0000	10.0000	0.593470600
350.0000	20.0000	10.0000	0.422309040
360.0000	20.0000	10.0000	1.000000000
0.0000	30.0000	10.0000	0.999282800
10.0000	30.0000	10.0000	1.506477700
20.0000	30.0000	10.0000	1.228029800
30.0000	30.0000	10.0000	0.836706100
40.0000	30.0000	10.0000	0.745511100
50.0000	30.0000	10.0000	0.492676050
60.0000	30.0000	10.0000	0.263690380
70.0000	30.0000	10.0000	0.230179770
80.0000	30.0000	10.0000	0.350693700
90.0000	30.0000	10.0000	0.605001500
100.0000	30.0000	10.0000	1.492882400
110.0000	30.0000	10.0000	0.406853230
120.0000	30.0000	10.0000	0.328666060
130.0000	30.0000	10.0000	1.089699300
140.0000	30.0000	10.0000	1.304645200
150.0000	30.0000	10.0000	1.912752200
160.0000	30.0000	10.0000	1.660384300
170.0000	30.0000	10.0000	1.530380800
180.0000	30.0000	10.0000	1.915958400
190.0000	30.0000	10.0000	1.871350300
200.0000	30.0000	10.0000	0.841464460
210.0000	30.0000	10.0000	0.486618600
220.0000	30.0000	10.0000	0.365433660
230.0000	30.0000	10.0000	0.323422850
240.0000	30.0000	10.0000	0.308350800
250.0000	30.0000	10.0000	0.313421430
260.0000	30.0000	10.0000	0.322231920
270.0000	30.0000	10.0000	0.313817020
280.0000	30.0000	10.0000	0.486294980
290.0000	30.0000	10.0000	0.368471530
300.0000	30.0000	10.0000	0.582466600
310.0000	30.0000	10.0000	1.036723700
320.0000	30.0000	10.0000	1.299041500
330.0000	30.0000	10.0000	1.651431100
340.0000	30.0000	10.0000	0.612171500
350.0000	30.0000	10.0000	0.341545340
360.0000	30.0000	10.0000	1.000000000
0.0000	40.0000	10.0000	2.373565400
10.0000	40.0000	10.0000	2.793182000
20.0000	40.0000	10.0000	1.697270800
30.0000	40.0000	10.0000	0.922376200
40.0000	40.0000	10.0000	0.547919450
50.0000	40.0000	10.0000	0.568492000
60.0000	40.0000	10.0000	1.267876500
70.0000	40.0000	10.0000	1.361625000
80.0000	40.0000	10.0000	1.461932000
90.0000	40.0000	10.0000	2.810895200
100.0000	40.0000	10.0000	2.640125300
110.0000	40.0000	10.0000	0.529462900
120.0000	40.0000	10.0000	0.334552100
130.0000	40.0000	10.0000	0.923161400
140.0000	40.0000	10.0000	1.606342700
150.0000	40.0000	10.0000	2.346470000
160.0000	40.0000	10.0000	3.211813000
170.0000	40.0000	10.0000	3.036581800
180.0000	40.0000	10.0000	3.283505700
190.0000	40.0000	10.0000	2.550441700
200.0000	40.0000	10.0000	0.882770800
210.0000	40.0000	10.0000	0.500422200
220.0000	40.0000	10.0000	0.493500860
230.0000	40.0000	10.0000	0.405746600
240.0000	40.0000	10.0000	0.499284420
250.0000	40.0000	10.0000	0.736528640
260.0000	40.0000	10.0000	0.831140900
270.0000	40.0000	10.0000	1.252756100
280.0000	40.0000	10.0000	1.523877100
290.0000	40.0000	10.0000	0.727998100
300.0000	40.0000	10.0000	0.704127900
310.0000	40.0000	10.0000	1.500775200
320.0000	40.0000	10.0000	2.153183500
330.0000	40.0000	10.0000	2.204558400
340.0000	40.0000	10.0000	1.487299700
350.0000	40.0000	10.0000	1.057954400
360.0000	40.0000	10.0000	1.000000000
0.0000	50.0000	10.0000	5.852839500
10.0000	50.0000	10.0000	5.164612300
20.0000	50.0000	10.0000	2.327383500
30.0000	50.0000	10.0000	2.357411400
40.0000	50.0000	10.0000	0.904060840
50.0000	50.0000	10.0000	0.492763640
60.0000	50.0000	10.0000	0.990038000
70.0000	50.0000	10.0000	1.238840800
80.0000	50.0000	10.0000	1.094315200
90.0000	50.0000	10.0000	1.702995100
100.0000	50.0000	10.0000	1.322539100
110.0000	50.0000	10.0000	0.472190440
120.0000	50.0000	10.0000	0.261452400
130.0000	50.0000	10.0000	0.360698800
140.0000	50.0000	10.0000	1.103214700
150.0000	50.0000	10.0000	1.744022500
160.0000	50.0000	10.0000	1.833777400
170.0000	50.0000	10.0000	1.341395900
180.0000	50.0000	10.0000	1.306427500
190.0000	50.0000	10.0000	1.416027100
200.0000	50.0000	10.0000	1.009900700
210.0000	50.0000	10.0000	0.988685130
220.0000	50.0000	10.0000	0.965263800
230.0000	50.0000	10.0000	0.846211970
240.0000	50.0000	10.0000	0.924987300
250.0000	50.0000	10.0000	0.912174100
260.0000	50.0000	10.0000	0.798258240
270.0000	50.0000	10.0000	1.485542300
280.0000	50.0000	10.0000	2.424000700
290.0000	50.0000	10.0000	1.139423000
300.0000	50.0000	10.0000	0.467544940
310.0000	50.0000	10.0000	0.506064060
320.0000	50.0000	10.0000	1.366381400
330.0000	50.0000	10.0000	1.811527000
340.0000	50.0000	10.0000	2.506432500
350.0000	50.0000	10.0000	3.664878400
360.0000	50.0000	10.0000	1.000000000
0.0000	60.0000	10.0000	2.449672700
10.0000	60.0000	10.0000	2.171862400
20.0000	60.0000	10.0000	1.455396400
30.0000	60.0000	10.0000	1.373355900
40.0000	60.0000	10.0000	0.581755760
50.0000	60.0000	10.0000	0.250683520
60.0000	60.0000	10.0000	0.200102800
70.0000	60.0000	10.0000	0.445221600
80.0000	60.0000	10.0000	0.433524100
90.0000	60.0000	10.0000	0.416704330
100.0000	60.0000	10.0000	0.396486300
110.0000	60.0000	10.0000	0.333537160
120.0000	60.0000	10.0000	0.484783500
130.0000	60.0000	10.0000	0.450639700
140.0000	60.0000	10.0000	0.934974730
150.0000	60.0000	10.0000	1.282817600
160.0000	60.0000	10.0000	0.759894130
170.0000	60.0000	10.0000	0.324983200
180.0000	60.0000	10.0000	0.303322080
190.0000	60.0000	10.0000	0.776033000
200.0000	60.0000	10.0000	1.208185800
210.0000	60.0000	10.0000	1.225523400
220.0000	60.0000	10.0000	1.708246000
230.0000	60.0000	10.0000	0.875283900
240.0000	60.0000	10.0000	0.308681200
250.0000	60.0000	10.0000	0.416221740
260.0000	60.0000	10.0000	0.399114430
270.0000	60.0000	10.0000	0.524852000
280.0000	60.0000	10.0000	0.710956100
290.0000	60.0000	10.0000	0.479731950
300.0000	60.0000	10.0000	0.460200670
310.0000	60.0000	10.0000	0.302726900
320.0000	60.0000	10.0000	0.728984400
330.0000	60.0000	10.0000	2.085585800
340.0000	60.0000	10.0000	2.565858400
350.0000	60.0000	10.0000	2.835521000
360.0000	60.0000	10.0000	1.000000000
0.0000	70.0000	10.0000	0.333864750
10.0000	70.0000	10.0000	0.433603600
20.0000	70.0000	10.0000	0.693151600
30.0000	70.0000	10.0000	0.767114800
40.0000	70.0000	10.0000	0.716670450
50.0000	70.0000	10.0000	0.470821860
60.0000	70.0000	10.0000	0.274579200
70.0000	70.0000	10.0000	0.443641870
80.0000	70.0000	10.0000	0.364243030
90.0000	70.0000	10.0000	0.239589330
100.0000	70.0000	10.0000	0.229723560
110.0000	70.0000	10.0000	0.429287550
120.0000	70.0000	10.0000	1.105679300
130.0000	70.0000	10.0000	0.988785800
140.0000	70.0000	10.0000	1.116374900
150.0000	70.0000	10.0000	1.446157500
160.0000	70.0000	10.0000	0.894810700
170.0000	70.0000	10.0000	0.223746520
180.0000	70.0000	10.0000	0.157097900
190.0000	70.0000	10.0000	0.466391600
200.0000	70.0000	10.0000	0.961493850
210.0000	70.0000	10.0000	1.160864700
220.0000	70.0000	10.0000	3.158961000
230.0000	70.0000	10.0000	1.484156700
240.0000	70.0000	10.0000	0.179145740
250.0000	70.0000	10.0000	0.251624900
260.0000	70.0000	10.0000	0.294414100
270.0000	70.0000	10.0000	0.247302650
280.0000	70.0000	10.0000	0.234557380
290.0000	70.0000	10.0000	0.461843130
300.0000	70.0000	10.0000	1.169021400
310.0000	70.0000	10.0000	0.546866830
320.0000	70.0000	10.0000	0.711428500
330.0000	70.0000	10.0000	1.854796200
340.0000	70.0000	10.0000	1.255080100
350.0000	70.0000	10.0000	0.593420200
360.0000	70.0000	10.0000	1.000000000
0.0000	80.0000	10.0000	0.122270800
10.0000	80.0000	10.0000	0.163732810
20.0000	80.0000	10.0000	0.545575860
30.0000	80.0000	10.0000	0.958122000
40.0000	80.0000	10.0000	1.693936700
50.0000	80.0000	10.0000	1.919966100
60.0000	80.0000	10.0000	1.032898200
70.0000	80.0000	10.0000	0.638459100
80.0000	80.0000	10.0000	0.294133130
90.0000	80.0000	10.0000	0.209772380
100.0000	80.0000	10.0000	0.404158150
110.0000	80.0000	10.0000	1.410137800
120.0000	80.0000	10.0000	1.762338500
130.0000	80.0000	10.0000	1.579560900
140.0000	80.0000	10.0000	1.898534300
150.0000	80.0000	10.0000	1.861026300
160.0000	80.0000	10.0000	1.054187900
170.0000	80.0000	10.0000	0.220348780
180.0000	80.0000	10.0000	0.141862240
190.0000	80.0000	10.0000	0.304898170
200.0000	80.0000	10.0000	0.677611400
210.0000	80.0000	10.0000	1.297976500
220.0000	80.0000	10.0000	2.600371400
230.0000	80.0000	10.0000	2.367067600
240.0000	80.0000	10.0000	0.806234200
250.0000	80.0000	10.0000	0.459308920
260.0000	80.0000	10.0000	0.215224610
270.0000	80.0000	10.0000	0.169801940
280.0000	80.0000	10.0000	0.274915220
290.0000	80.0000	10.0000	0.806734000
300.0000	80.0000	10.0000	1.254902000
310.0000	80.0000	10.0000	0.537159140
320.0000	80.0000	10.0000	0.615687600
330.0000	80.0000	10.0000	1.429495900
340.0000	80.0000	10.0000	0.763484060
350.0000	80.0000	10.0000	0.251898530
360.0000	80.0000	10.0000	1.000000000
0.0000	90.0000	10.0000	0.102518580
10.0000	90.0000	10.0000	0.105690690
20.0000	90.0000	10.0000	0.589084570
30.0000	90.0000	10.0000	1.172605400
40.0000	90.0000	10.0000	2.384567300
50.0000	90.0000	10.0000	3.318889400
60.0000	90.0000	10.0000	2.894036800
70.0000	90.0000	10.0000	1.133644800
80.0000	90.0000	10.0000	0.364676330
90.0000	90.0000	10.0000	0.269538730
100.0000	90.0000	10.0000	0.790424200
110.0000	90.0000	10.0000	3.773778400
120.0000	90.0000	10.0000	2.201497600
130.0000	90.0000	10.0000	2.230231800
140.0000	90.0000	10.0000	3.053692800
150.0000	90.0000	10.0000	2.247799400
160.0000	90.0000	10.0000	0.840276000
170.0000	90.0000	10.0000	0.122758000
180.0000	90.0000	10.0000	0.127976310
190.0000	90.0000	10.0000	0.336099600
200.0000	90.0000	10.0000	0.567740400
210.0000	90.0000	10.0000	1.133436700
220.0000	90.0000	10.0000	1.906227200
230.0000	90.0000	10.0000	2.050355400
240.0000	90.0000	10.0000	2.274367300
250.0000	90.0000	10.0000	1.310092300
260.0000	90.0000	10.0000	0.316456400
270.0000	90.0000	10.0000	0.203308730
280.0000	90.0000	10.0000	0.540893700
290.0000	90.0000	10.0000	1.704284400
300.0000	90.0000	10.0000	1.143602800
310.0000	90.0000	10.0000	0.460727130
320.0000	90.0000	10.0000	0.593603000
330.0000	90.0000	10.0000	1.675856500
340.0000	90.0000	10.0000	0.666448600
350.0000	90.0000	10.0000	0.218354250
360.0000	90.0000	10.0000	1.000000000
0.0000	0.0000	20.0000	1.000000000
10.0000	0.0000	20.0000	1.000000000
20.0000	0.0000	20.0000	1.000000000
30.0000	0.0000	20.0000	1.000000000
40.0000	0.0000	20.0000	1.000000000
50.0000	0.0000	20.0000	1.000000000
60.0000	0.0000	20.0000	1.000000000
70.0000	0.0000	20.0000	1.000000000
80.0000	0.0000	20.0000	1.000000000
90.0000	0.0000	20.0000	1.000000000
100.0000	0.0000	20.0000	1.000000000
110.0000	0.0000	20.0000	1.000000000
120.0000	0.0000	20.0000	1.000000000
130.0000	0.0000	20.0000	1.000000000
140.0000	0.0000	20.0000	1.000000000
150.0000	0.0000	20.0000	1.000000000
160.0000	0.0000	20.0000	1.000000000
170.0000	0.0000	20.0000	1.000000000
180.0000	0.0000	20.0000	1.000000000
190.0000	0.0000	20.0000	1.000000000
200.0000	0.0000	20.0000	1.000000000
210.0000	0.0000	20.0000	1.000000000
220.0000	0.0000	20.0000	1.000000000
230.0000	0.0000	20.0000	1.000000000
240.0000	0.0000	20.0000	1.000000000
250.0000	0.0000	20.0000	1.000000000
260.0000	0.0000	20.0000	1.000000000
270.0000	0.0000	20.0000	1.000000000
280.0000	0.0000	20.0000	1.000000000
290.0000	0.0000	20.0000	1.000000000
300.0000	0.0000	20.0000	1.000000000
310.0000	0.0000	20.0000	1.000000000
320.0000	0.0000	20.0000	1.000000000
330.0000	0.0000	20.0000	1.000000000
340.0000	0.0000	20.0000	1.000000000
350.0000	0.0000	20.0000	1.000000000
360.0000	0.0000	20.0000	1.000000000
0.0000	10.0000	20.0000	2.689305000
10.0000	10.0000	20.0000	4.678933600
20.0000	10.0000	20.0000	3.694686700
30.0000	10.0000	20.0000	2.371713400
40.0000	10.0000	20.0000	1.405476300
50.0000	10.0000	20.0000	0.210727320
60.0000	10.0000	20.0000	0.055230767
70.0000	10.0000	20.0000	0.067363010
80.0000	10.0000	20.0000	0.057131637
90.0000	10.0000	20.0000	0.087731370
100.0000	10.0000	20.0000	0.448730470
110.0000	10.0000	20.0000	0.798945960
120.0000	10.0000	20.0000	0.671356000
130.0000	10.0000	20.0000	0.975033700
140.0000	10.0000	20.0000	0.618094200
150.0000	10.0000	20.0000	0.157214780
160.0000	10.0000	20.0000	0.404868130
170.0000	10.0000	20.0000	1.078061900
180.0000	10.0000	20.0000	1.703758100
190.0000	10.0000	20.0000	1.124958500
200.0000	10.0000	20.0000	0.640917240
210.0000	10.0000	20.0000	0.488873600
220.0000	10.0000	20.0000	0.983394600
230.0000	10.0000	20.0000	0.347088070
240.0000	10.0000	20.0000	0.044608522
250.0000	10.0000	20.0000	0.023635447
260.0000	10.0000	20.0000	0.029584313
270.0000	10.0000	20.0000	0.102168640
280.0000	10.0000	20.0000	0.579591160
290.0000	10.0000	20.0000	0.966669600
300.0000	10.0000	20.0000	1.593851200
310.0000	10.0000	20.0000	2.368340000
320.0000	10.0000	20.0000	0.616076950
330.0000	10.0000	20.0000	0.200885970
340.0000	10.0000	20.0000	0.519217970
350.0000	10.0000	20.0000	1.164433600
360.0000	10.0000	20.0000	1.000000000
0.0000	20.0000	20.0000	1.918591600
10.0000	20.0000	20.0000	3.361371500
20.0000	20.0000	20.0000	2.105588000
30.0000	20.0000	20.0000	1.729442200
40.0000	20.0000	20.0000	1.366523600
50.0000	20.0000	20.0000	0.534915700
60.0000	20.0000	20.0000	0.169847260
70.0000	20.0000	20.0000	0.143162010
80.0000	20.0000	20.0000	0.101421230
90.0000	20.0000	20.0000	0.117036610
100.0000	20.0000	20.0000	0.343429830
110.0000	20.0000	20.0000	0.448886540
120.0000	20.0000	20.0000	0.438443750
130.0000	20.0000	20.0000	0.620144200
140.0000	20.0000	20.0000	0.627748850
150.0000	20.0000	20.0000	0.350801500
160.0000	20.0000	20.0000	0.317371070
170.0000	20.0000	20.0000	0.724777700
180.0000	20.0000	20.0000	1.234777000
190.0000	20.0000	20.0000	1.134750600
200.0000	20.0000	20.0000	0.655115500
210.0000	20.0000	20.0000	0.477603350
220.0000	20.0000	20.0000	0.661505600
230.0000	20.0000	20.0000	0.499996960
240.0000	20.0000	20.0000	0.164725780
250.0000	20.0000	20.0000	0.168868650
260.0000	20.0000	20.0000	0.126289110
270.0000	20.0000	20.0000	0.077099260
280.0000	20.0000	20.0000	0.302714740
290.0000	20.0000	20.0000	2.752831200
300.0000	20.0000	20.0000	2.734727000
310.0000	20.0000	20.0000	0.979532240
320.0000	20.0000	20.0000	0.799846800
330.0000	20.0000	20.0000	0.327821340
340.0000	20.0000	20.0000	0.217963500
350.0000	20.0000	20.0000	0.402886750
360.0000	20.0000	20.0000	1.000000000
0.0000	30.0000	20.0000	1.232836400
10.0000	30.0000	20.0000	1.366003400
20.0000	30.0000	20.0000	0.643221700
30.0000	30.0000	20.0000	0.708164500
40.0000	30.0000	20.0000	0.691675000
50.0000	30.0000	20.0000	0.515632150
60.0000	30.0000	20.0000	0.512459340
70.0000	30.0000	20.0000	0.217944010
80.0000	30.0000	20.0000	0.187054470
90.0000	30.0000	20.0000	0.227724950
100.0000	30.0000	20.0000	0.396469600
110.0000	30.0000	20.0000	0.577486340
120.0000	30.0000	20.0000	0.774146440
130.0000	30.0000	20.0000	0.579957070
140.0000	30.0000	20.0000	0.715777800
150.0000	30.0000	20.0000	0.914750500
160.0000	30.0000	20.0000	0.731630200
170.0000	30.0000	20.0000	1.140435300
180.0000	30.0000	20.0000	1.901225400
190.0000	30.0000	20.0000	1.369566700
200.0000	30.0000	20.0000	0.483204160
210.0000	30.0000	20.0000	0.512621000
220.0000	30.0000	20.0000	0.574755700
230.0000	30.0000	20.0000	0.460819040
240.0000	30.0000	20.0000	0.523372000
250.0000	30.0000	20.0000	0.316054430
260.0000	30.0000	20.0000	0.256728650
270.0000	30.0000	20.0000	0.133023920
280.0000	30.0000	20.0000	0.449855330
290.0000	30.0000	20.0000	1.763716200
300.0000	30.0000	20.0000	1.447611300
310.0000	30.0000	20.0000	1.201426500
320.0000	30.0000	20.0000	1.428625200
330.0000	30.0000	20.0000	0.464310770
340.0000	30.0000	20.0000	0.102435550
350.0000	30.0000	20.0000	0.123607740
360.0000	30.0000	20.0000	1.000000000
0.0000	40.0000	20.0000	1.399295700
10.0000	40.0000	20.0000	1.016544100
20.0000	40.0000	20.0000	0.328085700
30.0000	40.0000	20.0000	0.268108200
40.0000	40.0000	20.0000	0.221367930
50.0000	40.0000	20.0000	0.514432000
60.0000	40.0000	20.0000	1.595551000
70.0000	40.0000	20.0000	0.722835300
80.0000	40.0000	20.0000	0.737234500
90.0000	40.0000	20.0000	1.459880700
100.0000	40.0000	20.0000	0.941788000
110.0000	40.0000	20.0000	0.476414770
120.0000	40.0000	20.0000	0.344458640
130.0000	40.0000	20.0000	0.497248020
140.0000	40.0000	20.0000	0.963229700
150.0000	40.0000	20.0000	1.458663800
160.0000	40.0000	20.0000	1.741593100
170.0000	40.0000	20.0000	1.805581600
180.0000	40.0000	20.0000	1.981450700
190.0000	40.0000	20.0000	1.006199200
200.0000	40.0000	20.0000	0.292325400
210.0000	40.0000	20.0000	0.303059300
220.0000	40.0000	20.0000	0.509363400
230.0000	40.0000	20.0000	0.654617670
240.0000	40.0000	20.0000	0.731553000
250.0000	40.0000	20.0000	0.539181230
260.0000	40.0000	20.0000	0.551859200
270.0000	40.0000	20.0000	1.047505000
280.0000	40.0000	20.0000	1.431654000
290.0000	40.0000	20.0000	0.939114300
300.0000	40.0000	20.0000	0.682330800
310.0000	40.0000	20.0000	1.146376700
320.0000	40.0000	20.0000	1.140094600
330.0000	40.0000	20.0000	0.588048040
340.0000	40.0000	20.0000	0.371241180
350.0000	40.0000	20.0000	0.381094720
360.0000	40.0000	20.0000	1.000000000
0.0000	50.0000	20.0000	2.037452200
10.0000	50.0000	20.0000	1.139599000
20.0000	50.0000	20.0000	0.302884700
30.0000	50.0000	20.0000	0.262233470
40.0000	50.0000	20.0000	0.315790400
50.0000	50.0000	20.0000	0.659348600
60.0000	50.0000	20.0000	1.309870000
70.0000	50.0000	20.0000	0.660906900
80.0000	50.0000	20.0000	0.697807130
90.0000	50.0000	20.0000	1.327370400
100.0000	50.0000	20.0000	0.847870100
110.0000	50.0000	20.0000	0.248429400
120.0000	50.0000	20.0000	0.149245020
130.0000	50.0000	20.0000	0.329281720
140.0000	50.0000	20.0000	1.315641200
150.0000	50.0000	20.0000	1.375377800
160.0000	50.0000	20.0000	0.915195900
170.0000	50.0000	20.0000	0.740212740
180.0000	50.0000	20.0000	0.999459600
190.0000	50.0000	20.0000	0.788196560
200.0000	50.0000	20.0000	0.271304940
210.0000	50.0000	20.0000	0.245940900
220.0000	50.0000	20.0000	0.695109670
230.0000	50.0000	20.0000	1.203744000
240.0000	50.0000	20.0000	1.080815800
250.0000	50.0000	20.0000	0.672783850
260.0000	50.0000	20.0000	0.589672150
270.0000	50.0000	20.0000	1.344586700
280.0000	50.0000	20.0000	2.218585000
290.0000	50.0000	20.0000	0.760972100
300.0000	50.0000	20.0000	0.243635550
310.0000	50.0000	20.0000	0.361797630
320.0000	50.0000	20.0000	0.970971100
330.0000	50.0000	20.0000	1.144557000
340.0000	50.0000	20.0000	1.565446600
350.0000	50.0000	20.0000	2.023706200
360.0000	50.0000	20.0000	1.000000000
0.0000	60.0000	20.0000	1.062372900
10.0000	60.0000	20.0000	0.810113600
20.0000	60.0000	20.0000	0.401303620
30.0000	60.0000	20.0000	0.413151530
40.0000	60.0000	20.0000	0.475942600
50.0000	60.0000	20.0000	0.522561670
60.0000	60.0000	20.0000	0.437141800
70.0000	60.0000	20.0000	0.326794650
80.0000	60.0000	20.0000	0.216966730
90.0000	60.0000	20.0000	0.399460820
100.0000	60.0000	20.0000	0.339498850
110.0000	60.0000	20.0000	0.467156050
120.0000	60.0000	20.0000	0.459123340
130.0000	60.0000	20.0000	0.471123250
140.0000	60.0000	20.0000	1.140114000
150.0000	60.0000	20.0000	1.131703700
160.0000	60.0000	20.0000	0.456829640
170.0000	60.0000	20.0000	0.238213260
180.0000	60.0000	20.0000	0.286996420
190.0000	60.0000	20.0000	0.573686300
200.0000	60.0000	20.0000	0.437481550
210.0000	60.0000	20.0000	0.428038270
220.0000	60.0000	20.0000	0.964279900
230.0000	60.0000	20.0000	1.044983900
240.0000	60.0000	20.0000	0.485807100
250.0000	60.0000	20.0000	0.428601700
260.0000	60.0000	20.0000	0.287311800
270.0000	60.0000	20.0000	0.461979240
280.0000	60.0000	20.0000	1.023491300
290.0000	60.0000	20.0000	1.117292600
300.0000	60.0000	20.0000	0.685108600
310.0000	60.0000	20.0000	0.705491600
320.0000	60.0000	20.0000	1.658749500
330.0000	60.0000	20.0000	1.828867000
340.0000	60.0000	20.0000	1.706213000
350.0000	60.0000	20.0000	1.769358600
360.0000	60.0000	20.0000	1.000000000
0.0000	70.0000	20.0000	0.352720740
10.0000	70.0000	20.0000	0.443370200
20.0000	70.0000	20.0000	0.356699940
30.0000	70.0000	20.0000	0.344616600
40.0000	70.0000	20.0000	0.874208000
50.0000	70.0000	20.0000	0.623211600
60.0000	70.0000	20.0000	0.430682180
70.0000	70.0000	20.0000	0.584161460
80.0000	70.0000	20.0000	0.184806100
90.0000	70.0000	20.0000	0.148894550
100.0000	70.0000	20.0000	0.231035050
110.0000	70.0000	20.0000	0.577208500
120.0000	70.0000	20.0000	0.872256340
130.0000	70.0000	20.0000	0.659690860
140.0000	70.0000	20.0000	1.070541100
150.0000	70.0000	20.0000	1.399810200
160.0000	70.0000	20.0000	0.416012730
170.0000	70.0000	20.0000	0.133500380
180.0000	70.0000	20.0000	0.122741980
190.0000	70.0000	20.0000	0.314127600
200.0000	70.0000	20.0000	0.357751220
210.0000	70.0000	20.0000	0.428427850
220.0000	70.0000	20.0000	1.154810300
230.0000	70.0000	20.0000	0.748259900
240.0000	70.0000	20.0000	0.215186920
250.0000	70.0000	20.0000	0.329625100
260.0000	70.0000	20.0000	0.229475450
270.0000	70.0000	20.0000	0.226014380
280.0000	70.0000	20.0000	0.535826800
290.0000	70.0000	20.0000	1.344364400
300.0000	70.0000	20.0000	1.728359900
310.0000	70.0000	20.0000	0.850874250
320.0000	70.0000	20.0000	1.239035800
330.0000	70.0000	20.0000	1.745884700
340.0000	70.0000	20.0000	0.758416500
350.0000	70.0000	20.0000	0.552030500
360.0000	70.0000	20.0000	1.000000000
0.0000	80.0000	20.0000	0.226320950
10.0000	80.0000	20.0000	0.237961080
20.0000	80.0000	20.0000	0.212407220
30.0000	80.0000	20.0000	0.390586500
40.0000	80.0000	20.0000	2.534838400
50.0000	80.0000	20.0000	1.864206700
60.0000	80.0000	20.0000	0.831549640
70.0000	80.0000	20.0000	1.003364000
80.0000	80.0000	20.0000	0.280753300
90.0000	80.0000	20.0000	0.145740660
100.0000	80.0000	20.0000	0.348353100
110.0000	80.0000	20.0000	1.397071600
120.0000	80.0000	20.0000	1.464819100
130.0000	80.0000	20.0000	0.990401400
140.0000	80.0000	20.0000	1.301777800
150.0000	80.0000	20.0000	1.346825000
160.0000	80.0000	20.0000	0.392521320
170.0000	80.0000	20.0000	0.144648600
180.0000	80.0000	20.0000	0.124023974
190.0000	80.0000	20.0000	0.234324890
200.0000	80.0000	20.0000	0.234168750
210.0000	80.0000	20.0000	0.413696800
220.0000	80.0000	20.0000	0.898109440
230.0000	80.0000	20.0000	0.907930730
240.0000	80.0000	20.0000	0.520958660
250.0000	80.0000	20.0000	0.628441450
260.0000	80.0000	20.0000	0.337879000
270.0000	80.0000	20.0000	0.255776230
280.0000	80.0000	20.0000	0.521830800
290.0000	80.0000	20.0000	1.389061800
300.0000	80.0000	20.0000	1.614897700
310.0000	80.0000	20.0000	0.471736460
320.0000	80.0000	20.0000	0.488822550
330.0000	80.0000	20.0000	1.198194600
340.0000	80.0000	20.0000	0.377769140
350.0000	80.0000	20.0000	0.276225980
360.0000	80.0000	20.0000	1.000000000
0.0000	90.0000	20.0000	0.159642430
10.0000	90.0000	20.0000	0.135129560
20.0000	90.0000	20.0000	0.241834240
30.0000	90.0000	20.0000	0.553410800
40.0000	90.0000	20.0000	3.504841300
50.0000	90.0000	20.0000	2.730330200
60.0000	90.0000	20.0000	1.504508100
70.0000	90.0000	20.0000	1.407351700
80.0000	90.0000	20.0000	0.396460950
90.0000	90.0000	20.0000	0.249443900
100.0000	90.0000	20.0000	0.775212700
110.0000	90.0000	20.0000	3.315750800
120.0000	90.0000	20.0000	1.993915300
130.0000	90.0000	20.0000	1.392619300
140.0000	90.0000	20.0000	1.633318100
150.0000	90.0000	20.0000	0.819888650
160.0000	90.0000	20.0000	0.266884650
170.0000	90.0000	20.0000	0.104259685
180.0000	90.0000	20.0000	0.117391030
190.0000	90.0000	20.0000	0.333297370
200.0000	90.0000	20.0000	0.274066870
210.0000	90.0000	20.0000	0.462517350
220.0000	90.0000	20.0000	0.620994500
230.0000	90.0000	20.0000	0.667373960
240.0000	90.0000	20.0000	1.007778500
250.0000	90.0000	20.0000	1.243979800
260.0000	90.0000	20.0000	0.556542630
270.0000	90.0000	20.0000	0.402599400
280.0000	90.0000	20.0000	0.806263500
290.0000	90.0000	20.0000	1.580746300
300.0000	90.0000	20.0000	1.284034600
310.0000	90.0000	20.0000	0.357069400
320.0000	90.0000	20.0000	0.353797350
330.0000	90.0000	20.0000	0.936423100
340.0000	90.0000	20.0000	0.264010550
350.0000	90.0000	20.0000	0.213495980
360.0000	90.0000	20.0000	1.000000000
0.0000	0.0000	30.0000	1.000000000
10.0000	0.0000	30.0000	1.000000000
20.0000	0.0000	30.0000	1.000000000
30.0000	0.0000	30.0000	1.000000000
40.0000	0.0000	30.0000	1.000000000
50.0000	0.0000	30.0000	1.000000000
60.0000	0.0000	30.0000	1.000000000
70.0000	0.0000	30.0000	1.000000000
80.0000	0.0000	30.0000	1.000000000
90.0000	0.0000	30.0000	1.000000000
100.0000	0.0000	30.0000	1.000000000
110.0000	0.0000	30.0000	1.000000000
120.0000	0.0000	30.0000	1.000000000
130.0000	0.0000	30.0000	1.000000000
140.0000	0.0000	30.0000	1.000000000
150.0000	0.0000	30.0000	1.000000000
160.0000	0.0000	30.0000	1.000000000
170.0000	0.0000	30.0000	1.000000000
180.0000	0.0000	30.0000	1.000000000
190.0000	0.0000	30.0000	1.000000000
200.0000	0.0000	30.0000	1.000000000
210.0000	0.0000	30.0000	1.000000000
220.0000	0.0000	30.0000	1.000000000
230.0000	0.0000	30.0000	1.000000000
240.0000	0.0000	30.0000	1.000000000
250.0000	0.0000	30.0000	1.000000000
260.0000	0.0000	30.0000	1.000000000
270.0000	0.0000	30.0000	1.000000000
280.0000	0.0000	30.0000	1.000000000
290.0000	0.0000	30.0000	1.000000000
300.0000	0.0000	30.0000	1.000000000
310.0000	0.0000	30.0000	1.000000000
320.0000	0.0000	30.0000	1.000000000
330.0000	0.0000	30.0000	1.000000000
340.0000	0.0000	30.0000	1.000000000
350.0000	0.0000	30.0000	1.000000000
360.0000	0.0000	30.0000	1.000000000
0.0000	10.0000	30.0000	0.929882300
10.0000	10.0000	30.0000	2.804727600
20.0000	10.0000	30.0000	3.217628700
30.0000	10.0000	30.0000	1.168803600
40.0000	10.0000	30.0000	0.535921160
50.0000	10.0000	30.0000	0.107885250
60.0000	10.0000	30.0000	0.110500460
70.0000	10.0000	30.0000	0.139787820
80.0000	10.0000	30.0000	0.187844170
90.0000	10.0000	30.0000	0.795544450
100.0000	10.0000	30.0000	2.601971000
110.0000	10.0000	30.0000	1.639533500
120.0000	10.0000	30.0000	1.031657100
130.0000	10.0000	30.0000	0.584784400
140.0000	10.0000	30.0000	0.205794540
150.0000	10.0000	30.0000	0.107709130
160.0000	10.0000	30.0000	0.479915020
170.0000	10.0000	30.0000	1.861398700
180.0000	10.0000	30.0000	0.348581100
190.0000	10.0000	30.0000	0.508129840
200.0000	10.0000	30.0000	0.584633650
210.0000	10.0000	30.0000	0.754825400
220.0000	10.0000	30.0000	0.827337300
230.0000	10.0000	30.0000	0.104876810
240.0000	10.0000	30.0000	0.065895680
250.0000	10.0000	30.0000	0.065732840
260.0000	10.0000	30.0000	0.087129040
270.0000	10.0000	30.0000	0.540299060
280.0000	10.0000	30.0000	1.749444700
290.0000	10.0000	30.0000	1.533190500
300.0000	10.0000	30.0000	1.811188000
310.0000	10.0000	30.0000	0.784417570
320.0000	10.0000	30.0000	0.249483470
330.0000	10.0000	30.0000	0.159843310
340.0000	10.0000	30.0000	0.568155900
350.0000	10.0000	30.0000	1.952346200
360.0000	10.0000	30.0000	1.000000000
0.0000	20.0000	30.0000	1.607302500
10.0000	20.0000	30.0000	1.830329800
20.0000	20.0000	30.0000	1.661154500
30.0000	20.0000	30.0000	1.577184100
40.0000	20.0000	30.0000	0.598279800
50.0000	20.0000	30.0000	0.217664230
60.0000	20.0000	30.0000	0.153230460
70.0000	20.0000	30.0000	0.261899830
80.0000	20.0000	30.0000	0.258485500
90.0000	20.0000	30.0000	0.264176820
100.0000	20.0000	30.0000	0.501156330
110.0000	20.0000	30.0000	0.532742100
120.0000	20.0000	30.0000	0.479994770
130.0000	20.0000	30.0000	0.408177820
140.0000	20.0000	30.0000	0.320466600
150.0000	20.0000	30.0000	0.142289250
160.0000	20.0000	30.0000	0.269463060
170.0000	20.0000	30.0000	1.193283000
180.0000	20.0000	30.0000	0.899719060
190.0000	20.0000	30.0000	0.529162200
200.0000	20.0000	30.0000	0.539279500
210.0000	20.0000	30.0000	0.989802000
220.0000	20.0000	30.0000	0.630982600
230.0000	20.0000	30.0000	0.309784740
240.0000	20.0000	30.0000	0.207345900
250.0000	20.0000	30.0000	0.297397200
260.0000	20.0000	30.0000	0.232820350
270.0000	20.0000	30.0000	0.131570800
280.0000	20.0000	30.0000	0.332191200
290.0000	20.0000	30.0000	1.349893900
300.0000	20.0000	30.0000	1.305381000
310.0000	20.0000	30.0000	0.613044400
320.0000	20.0000	30.0000	0.360598470
330.0000	20.0000	30.0000	0.093898620
340.0000	20.0000	30.0000	0.155288900
350.0000	20.0000	30.0000	0.832040300
360.0000	20.0000	30.0000	1.000000000
0.0000	30.0000	30.0000	1.244093100
10.0000	30.0000	30.0000	0.964178140
20.0000	30.0000	30.0000	0.724051900
30.0000	30.0000	30.0000	0.983179200
40.0000	30.0000	30.0000	0.505806800
50.0000	30.0000	30.0000	0.246709570
60.0000	30.0000	30.0000	0.232503160
70.0000	30.0000	30.0000	0.281652180
80.0000	30.0000	30.0000	0.272920370
90.0000	30.0000	30.0000	0.242545230
100.0000	30.0000	30.0000	0.268987330
110.0000	30.0000	30.0000	0.408447650
120.0000	30.0000	30.0000	0.405800640
130.0000	30.0000	30.0000	0.346295120
140.0000	30.0000	30.0000	0.473887030
150.0000	30.0000	30.0000	0.439427080
160.0000	30.0000	30.0000	0.666789500
170.0000	30.0000	30.0000	1.395670200
180.0000	30.0000	30.0000	1.597279900
190.0000	30.0000	30.0000	0.814924660
200.0000	30.0000	30.0000	0.529597500
210.0000	30.0000	30.0000	1.137034400
220.0000	30.0000	30.0000	0.918570000
230.0000	30.0000	30.0000	0.559331540
240.0000	30.0000	30.0000	0.449783240
250.0000	30.0000	30.0000	0.410862770
260.0000	30.0000	30.0000	0.415709020
270.0000	30.0000	30.0000	0.159393180
280.0000	30.0000	30.0000	0.449478030
290.0000	30.0000	30.0000	1.541734600
300.0000	30.0000	30.0000	1.078664400
310.0000	30.0000	30.0000	0.614062130
320.0000	30.0000	30.0000	0.319509120
330.0000	30.0000	30.0000	0.095776014
340.0000	30.0000	30.0000	0.109066060
350.0000	30.0000	30.0000	0.415739720
360.0000	30.0000	30.0000	1.000000000
0.0000	40.0000	30.0000	1.408685900
10.0000	40.0000	30.0000	0.837972100
20.0000	40.0000	30.0000	0.376050620
30.0000	40.0000	30.0000	0.487801370
40.0000	40.0000	30.0000	0.379184300
50.0000	40.0000	30.0000	0.473722280
60.0000	40.0000	30.0000	0.472199740
70.0000	40.0000	30.0000	0.448179070
80.0000	40.0000	30.0000	0.801979200
90.0000	40.0000	30.0000	0.864275930
100.0000	40.0000	30.0000	0.325100150
110.0000	40.0000	30.0000	0.301274700
120.0000	40.0000	30.0000	0.280151550
130.0000	40.0000	30.0000	0.483591500
140.0000	40.0000	30.0000	0.887406650
150.0000	40.0000	30.0000	0.856801450
160.0000	40.0000	30.0000	1.224677300
170.0000	40.0000	30.0000	1.154715500
180.0000	40.0000	30.0000	1.536825800
190.0000	40.0000	30.0000	0.734793700
200.0000	40.0000	30.0000	0.356315050
210.0000	40.0000	30.0000	1.105307200
220.0000	40.0000	30.0000	1.643880800
230.0000	40.0000	30.0000	0.933916400
240.0000	40.0000	30.0000	0.580172240
250.0000	40.0000	30.0000	0.411167830
260.0000	40.0000	30.0000	0.627740860
270.0000	40.0000	30.0000	1.111627500
280.0000	40.0000	30.0000	1.179147800
290.0000	40.0000	30.0000	0.527409100
300.0000	40.0000	30.0000	0.342722360
310.0000	40.0000	30.0000	0.506887200
320.0000	40.0000	30.0000	0.591818750
330.0000	40.0000	30.0000	0.451453630
340.0000	40.0000	30.0000	0.588113800
350.0000	40.0000	30.0000	0.929248100
360.0000	40.0000	30.0000	1.000000000
0.0000	50.0000	30.0000	1.825708700
10.0000	50.0000	30.0000	0.834649000
20.0000	50.0000	30.0000	0.207797150
30.0000	50.0000	30.0000	0.273068700
40.0000	50.0000	30.0000	0.447419670
50.0000	50.0000	30.0000	0.762828470
60.0000	50.0000	30.0000	0.628353950
70.0000	50.0000	30.0000	0.472223730
80.0000	50.0000	30.0000	0.719675500
90.0000	50.0000	30.0000	1.076211000
100.0000	50.0000	30.0000	0.506825300
110.0000	50.0000	30.0000	0.273271860
120.0000	50.0000	30.0000	0.326644000
130.0000	50.0000	30.0000	0.827716200
140.0000	50.0000	30.0000	1.832299400
150.0000	50.0000	30.0000	1.151124100
160.0000	50.0000	30.0000	0.920579730
170.0000	50.0000	30.0000	0.883637500
180.0000	50.0000	30.0000	1.045058500
190.0000	50.0000	30.0000	0.495757880
200.0000	50.0000	30.0000	0.192940830
210.0000	50.0000	30.0000	0.609801350
220.0000	50.0000	30.0000	1.747538900
230.0000	50.0000	30.0000	0.797861000
240.0000	50.0000	30.0000	0.658230070
250.0000	50.0000	30.0000	0.512517330
260.0000	50.0000	30.0000	0.553107800
270.0000	50.0000	30.0000	2.346317000
280.0000	50.0000	30.0000	3.110397300
290.0000	50.0000	30.0000	0.281155770
300.0000	50.0000	30.0000	0.193192690
310.0000	50.0000	30.0000	0.512709260
320.0000	50.0000	30.0000	1.035246400
330.0000	50.0000	30.0000	0.777235750
340.0000	50.0000	30.0000	1.295555200
350.0000	50.0000	30.0000	1.389091700
360.0000	50.0000	30.0000	1.000000000
0.0000	60.0000	30.0000	1.108804000
10.0000	60.0000	30.0000	0.554136900
20.0000	60.0000	30.0000	0.155030680
30.0000	60.0000	30.0000	0.330053900
40.0000	60.0000	30.0000	0.608195400
50.0000	60.0000	30.0000	0.518783570
60.0000	60.0000	30.0000	0.422090140
70.0000	60.0000	30.0000	0.283796460
80.0000	60.0000	30.0000	0.292478170
90.0000	60.0000	30.0000	0.709912960
100.0000	60.0000	30.0000	0.709158100
110.0000	60.0000	30.0000	0.980887830
120.0000	60.0000	30.0000	0.674590050
130.0000	60.0000	30.0000	0.728583630
140.0000	60.0000	30.0000	1.790483600
150.0000	60.0000	30.0000	1.451561800
160.0000	60.0000	30.0000	0.766512100
170.0000	60.0000	30.0000	0.703434800
180.0000	60.0000	30.0000	0.510636030
190.0000	60.0000	30.0000	0.380025000
200.0000	60.0000	30.0000	0.230583550
210.0000	60.0000	30.0000	0.410491470
220.0000	60.0000	30.0000	0.781303300
230.0000	60.0000	30.0000	0.580217660
240.0000	60.0000	30.0000	0.451400520
250.0000	60.0000	30.0000	0.428732750
260.0000	60.0000	30.0000	0.287484140
270.0000	60.0000	30.0000	1.244064900
280.0000	60.0000	30.0000	2.462076400
290.0000	60.0000	30.0000	1.031206800
300.0000	60.0000	30.0000	0.502097900
310.0000	60.0000	30.0000	0.741275200
320.0000	60.0000	30.0000	1.589453700
330.0000	60.0000	30.0000	1.429386600
340.0000	60.0000	30.0000	1.704907000
350.0000	60.0000	30.0000	1.262114800
360.0000	60.0000	30.0000	1.000000000
0.0000	70.0000	30.0000	0.504230600
10.0000	70.0000	30.0000	0.354968730
20.0000	70.0000	30.0000	0.256680520
30.0000	70.0000	30.0000	0.515586200
40.0000	70.0000	30.0000	0.836113700
50.0000	70.0000	30.0000	0.695937630
60.0000	70.0000	30.0000	0.576739250
70.0000	70.0000	30.0000	0.409048470
80.0000	70.0000	30.0000	0.175596450
90.0000	70.0000	30.0000	0.201623930
100.0000	70.0000	30.0000	0.413573980
110.0000	70.0000	30.0000	1.410046200
120.0000	70.0000	30.0000	1.105188100
130.0000	70.0000	30.0000	0.564820350
140.0000	70.0000	30.0000	0.874693200
150.0000	70.0000	30.0000	1.086934400
160.0000	70.0000	30.0000	0.494951600
170.0000	70.0000	30.0000	0.415862170
180.0000	70.0000	30.0000	0.227174650
190.0000	70.0000	30.0000	0.282565000
200.0000	70.0000	30.0000	0.363297340
210.0000	70.0000	30.0000	0.341087970
220.0000	70.0000	30.0000	0.491420840
230.0000	70.0000	30.0000	0.541569900
240.0000	70.0000	30.0000	0.278496470
250.0000	70.0000	30.0000	0.397139000
260.0000	70.0000	30.0000	0.301270400
270.0000	70.0000	30.0000	0.606512840
280.0000	70.0000	30.0000	1.490641100
290.0000	70.0000	30.0000	1.974685300
300.0000	70.0000	30.0000	1.214778300
310.0000	70.0000	30.0000	0.682063340
320.0000	70.0000	30.0000	1.044397600
330.0000	70.0000	30.0000	1.813309900
340.0000	70.0000	30.0000	1.215562900
350.0000	70.0000	30.0000	1.342812200
360.0000	70.0000	30.0000	1.000000000
0.0000	80.0000	30.0000	0.369253600
10.0000	80.0000	30.0000	0.292110700
20.0000	80.0000	30.0000	0.248421490
30.0000	80.0000	30.0000	0.393271480
40.0000	80.0000	30.0000	1.195024400
50.0000	80.0000	30.0000	1.225529800
60.0000	80.0000	30.0000	1.101987600
70.0000	80.0000	30.0000	1.472675100
80.0000	80.0000	30.0000	0.333218340
90.0000	80.0000	30.0000	0.202581870
100.0000	80.0000	30.0000	0.520543800
110.0000	80.0000	30.0000	1.750969900
120.0000	80.0000	30.0000	1.311941600
130.0000	80.0000	30.0000	0.493491500
140.0000	80.0000	30.0000	0.559859930
150.0000	80.0000	30.0000	0.544280100
160.0000	80.0000	30.0000	0.370769140
170.0000	80.0000	30.0000	0.324078380
180.0000	80.0000	30.0000	0.234443920
190.0000	80.0000	30.0000	0.388504000
200.0000	80.0000	30.0000	0.462379000
210.0000	80.0000	30.0000	0.308484500
220.0000	80.0000	30.0000	0.438544100
230.0000	80.0000	30.0000	0.935261250
240.0000	80.0000	30.0000	0.740659100
250.0000	80.0000	30.0000	1.047036000
260.0000	80.0000	30.0000	0.830144000
270.0000	80.0000	30.0000	1.002048700
280.0000	80.0000	30.0000	1.683385300
290.0000	80.0000	30.0000	2.410157400
300.0000	80.0000	30.0000	1.509076200
310.0000	80.0000	30.0000	0.439357640
320.0000	80.0000	30.0000	0.441559170
330.0000	80.0000	30.0000	0.647075500
340.0000	80.0000	30.0000	0.470621020
350.0000	80.0000	30.0000	0.883729500
360.0000	80.0000	30.0000	1.000000000
0.0000	90.0000	30.0000	0.225203780
10.0000	90.0000	30.0000	0.196858730
20.0000	90.0000	30.0000	0.203081440
30.0000	90.0000	30.0000	0.306382570
40.0000	90.0000	30.0000	1.085835200
50.0000	90.0000	30.0000	1.294577000
60.0000	90.0000	30.0000	1.278221400
70.0000	90.0000	30.0000	2.210550000
80.0000	90.0000	30.0000	0.635153500
90.0000	90.0000	30.0000	0.400705640
100.0000	90.0000	30.0000	1.242757600
110.0000	90.0000	30.0000	3.099936200
120.0000	90.0000	30.0000	1.662996200
130.0000	90.0000	30.0000	0.834801400
140.0000	90.0000	30.0000	0.579402200
150.0000	90.0000	30.0000	0.299544930
160.0000	90.0000	30.0000	0.277752670
170.0000	90.0000	30.0000	0.178976730
180.0000	90.0000	30.0000	0.212297620
190.0000	90.0000	30.0000	0.726055800
200.0000	90.0000	30.0000	0.579434200
210.0000	90.0000	30.0000	0.321050640
220.0000	90.0000	30.0000	0.416727570
230.0000	90.0000	30.0000	1.265796800
240.0000	90.0000	30.0000	1.637888800
250.0000	90.0000	30.0000	2.648552700
260.0000	90.0000	30.0000	1.632998100
270.0000	90.0000	30.0000	1.458941500
280.0000	90.0000	30.0000	2.061621000
290.0000	90.0000	30.0000	2.384816200
300.0000	90.0000	30.0000	1.323545800
310.0000	90.0000	30.0000	0.380252960
320.0000	90.0000	30.0000	0.231831700
330.0000	90.0000	30.0000	0.325903180
340.0000	90.0000	30.0000	0.287353160
350.0000	90.0000	30.0000	0.578156700
360.0000	90.0000	30.0000	1.000000000
0.0000	0.0000	40.0000	1.000000000
10.0000	0.0000	40.0000	1.000000000
20.0000	0.0000	40.0000	1.000000000
30.0000	0.0000	40.0000	1.000000000
40.0000	0.0000	40.0000	1.000000000
50.0000	0.0000	40.0000	1.000000000
60.0000	0.0000	40.0000	1.000000000
70.0000	0.0000	40.0000	1.000000000
80.0000	0.0000	40.0000	1.000000000
90.0000	0.0000	40.0000	1.000000000
100.0000	0.0000	40.0000	1.000000000
110.0000	0.0000	40.0000	1.000000000
120.0000	0.0000	40.0000	1.000000000
130.0000	0.0000	40.0000	1.000000000
140.0000	0.0000	40.0000	1.000000000
150.0000	0.0000	40.0000	1.000000000
160.0000	0.0000	40.0000	1.000000000
170.0000	0.0000	40.0000	1.000000000
180.0000	0.0000	40.0000	1.000000000
190.0000	0.0000	40.0000	1.000000000
200.0000	0.0000	40.0000	1.000000000
210.0000	0.0000	40.0000	1.000000000
220.0000	0.0000	40.0000	1.000000000
230.0000	0.0000	40.0000	1.000000000
240.0000	0.0000	40.0000	1.000000000
250.0000	0.0000	40.0000	1.000000000
260.0000	0.0000	40.0000	1.000000000
270.0000	0.0000	40.0000	1.000000000
280.0000	0.0000	40.0000	1.000000000
290.0000	0.0000	40.0000	1.000000000
300.0000	0.0000	40.0000	1.000000000
310.0000	0.0000	40.0000	1.000000000
320.0000	0.0000	40.0000	1.000000000
330.0000	0.0000	40.0000	1.000000000
340.0000	0.0000	40.0000	1.000000000
350.0000	0.0000	40.0000	1.000000000
360.0000	0.0000	40.0000	1.000000000
0.0000	10.0000	40.0000	0.806433140
10.0000	10.0000	40.0000	2.357027000
20.0000	10.0000	40.0000	3.081662200
30.0000	10.0000	40.0000	0.344792720
40.0000	10.0000	40.0000	0.094214140
50.0000	10.0000	40.0000	0.087539360
60.0000	10.0000	40.0000	0.208671600
70.0000	10.0000	40.0000	0.614688160
80.0000	10.0000	40.0000	1.451415500
90.0000	10.0000	40.0000	7.026669500
100.0000	10.0000	40.0000	11.967279000
110.0000	10.0000	40.0000	1.934080700
120.0000	10.0000	40.0000	0.623246900
130.0000	10.0000	40.0000	0.130070970
140.0000	10.0000	40.0000	0.073497470
150.0000	10.0000	40.0000	0.081281280
160.0000	10.0000	40.0000	1.072920700
170.0000	10.0000	40.0000	1.546387000
180.0000	10.0000	40.0000	0.278585550
190.0000	10.0000	40.0000	0.570522100
200.0000	10.0000	40.0000	0.914742900
210.0000	10.0000	40.0000	0.390314430
220.0000	10.0000	40.0000	0.077548810
230.0000	10.0000	40.0000	0.062234797
240.0000	10.0000	40.0000	0.125117350
250.0000	10.0000	40.0000	0.405332120
260.0000	10.0000	40.0000	1.583088900
270.0000	10.0000	40.0000	6.960261000
280.0000	10.0000	40.0000	11.376056000
290.0000	10.0000	40.0000	1.863679300
300.0000	10.0000	40.0000	0.802115100
310.0000	10.0000	40.0000	0.193723800
320.0000	10.0000	40.0000	0.107957620
330.0000	10.0000	40.0000	0.131223630
340.0000	10.0000	40.0000	1.287128900
350.0000	10.0000	40.0000	2.340859700
360.0000	10.0000	40.0000	1.000000000
0.0000	20.0000	40.0000	1.024319600
10.0000	20.0000	40.0000	1.375353200
20.0000	20.0000	40.0000	1.639347800
30.0000	20.0000	40.0000	0.554115360
40.0000	20.0000	40.0000	0.135580550
50.0000	20.0000	40.0000	0.138388630
60.0000	20.0000	40.0000	0.302631530
70.0000	20.0000	40.0000	0.397462900
80.0000	20.0000	40.0000	0.880693300
90.0000	20.0000	40.0000	4.677384400
100.0000	20.0000	40.0000	1.710560000
110.0000	20.0000	40.0000	0.347586540
120.0000	20.0000	40.0000	0.354706140
130.0000	20.0000	40.0000	0.218948220
140.0000	20.0000	40.0000	0.127973780
150.0000	20.0000	40.0000	0.195085350
160.0000	20.0000	40.0000	0.735279740
170.0000	20.0000	40.0000	1.377120700
180.0000	20.0000	40.0000	0.635414600
190.0000	20.0000	40.0000	0.585300000
200.0000	20.0000	40.0000	0.975072560
210.0000	20.0000	40.0000	0.609448430
220.0000	20.0000	40.0000	0.197368890
230.0000	20.0000	40.0000	0.261120000
240.0000	20.0000	40.0000	0.442545030
250.0000	20.0000	40.0000	0.369468600
260.0000	20.0000	40.0000	0.856436430
270.0000	20.0000	40.0000	3.861261800
280.0000	20.0000	40.0000	1.241637600
290.0000	20.0000	40.0000	0.441058340
300.0000	20.0000	40.0000	0.789286800
310.0000	20.0000	40.0000	0.316607480
320.0000	20.0000	40.0000	0.133823470
330.0000	20.0000	40.0000	0.168828170
340.0000	20.0000	40.0000	0.571401500
350.0000	20.0000	40.0000	1.477980300
360.0000	20.0000	40.0000	1.000000000
0.0000	30.0000	40.0000	0.895564600
10.0000	30.0000	40.0000	0.815723960
20.0000	30.0000	40.0000	1.373898300
30.0000	30.0000	40.0000	0.651553750
40.0000	30.0000	40.0000	0.253078280
50.0000	30.0000	40.0000	0.220372570
60.0000	30.0000	40.0000	0.206449630
70.0000	30.0000	40.0000	0.298058570
80.0000	30.0000	40.0000	0.450401840
90.0000	30.0000	40.0000	0.930592360
100.0000	30.0000	40.0000	0.728527700
110.0000	30.0000	40.0000	0.236555760
120.0000	30.0000	40.0000	0.235311480
130.0000	30.0000	40.0000	0.295440380
140.0000	30.0000	40.0000	0.311397700
150.0000	30.0000	40.0000	0.680614200
160.0000	30.0000	40.0000	1.140480800
170.0000	30.0000	40.0000	1.239790900
180.0000	30.0000	40.0000	1.169265900
190.0000	30.0000	40.0000	1.011171900
200.0000	30.0000	40.0000	1.208539600
210.0000	30.0000	40.0000	1.188876200
220.0000	30.0000	40.0000	0.791770300
230.0000	30.0000	40.0000	0.509570200
240.0000	30.0000	40.0000	0.284971420
250.0000	30.0000	40.0000	0.239066730
260.0000	30.0000	40.0000	0.353827710
270.0000	30.0000	40.0000	0.793458160
280.0000	30.0000	40.0000	0.665705300
290.0000	30.0000	40.0000	0.473283600
300.0000	30.0000	40.0000	0.603183270
310.0000	30.0000	40.0000	0.290297030
320.0000	30.0000	40.0000	0.192469370
330.0000	30.0000	40.0000	0.270185050
340.0000	30.0000	40.0000	0.553222060
350.0000	30.0000	40.0000	1.246865400
360.0000	30.0000	40.0000	1.000000000
0.0000	40.0000	40.0000	0.928603100
10.0000	40.0000	40.0000	0.856691200
20.0000	40.0000	40.0000	1.404886800
30.0000	40.0000	40.0000	1.010480200
40.0000	40.0000	40.0000	0.643987700
50.0000	40.0000	40.0000	0.418122700
60.0000	40.0000	40.0000	0.258768920
70.0000	40.0000	40.0000	0.321449900
80.0000	40.0000	40.0000	0.434579600
90.0000	40.0000	40.0000	0.700259100
100.0000	40.0000	40.0000	0.451524760
110.0000	40.0000	40.0000	0.214842420
120.0000	40.0000	40.0000	0.274963920
130.0000	40.0000	40.0000	0.540702800
140.0000	40.0000	40.0000	0.725653400
150.0000	40.0000	40.0000	1.438542600
160.0000	40.0000	40.0000	1.528854800
170.0000	40.0000	40.0000	0.783244900
180.0000	40.0000	40.0000	0.953625400
190.0000	40.0000	40.0000	0.860204760
200.0000	40.0000	40.0000	0.968479600
210.0000	40.0000	40.0000	2.538188200
220.0000	40.0000	40.0000	2.095256300
230.0000	40.0000	40.0000	0.784762560
240.0000	40.0000	40.0000	0.267486960
250.0000	40.0000	40.0000	0.178993250
260.0000	40.0000	40.0000	0.317824330
270.0000	40.0000	40.0000	0.919801100
280.0000	40.0000	40.0000	0.800738700
290.0000	40.0000	40.0000	0.229476780
300.0000	40.0000	40.0000	0.156570240
310.0000	40.0000	40.0000	0.229208830
320.0000	40.0000	40.0000	0.463653800
330.0000	40.0000	40.0000	0.614361640
340.0000	40.0000	40.0000	1.245468700
350.0000	40.0000	40.0000	1.438283400
360.0000	40.0000	40.0000	1.000000000
0.0000	50.0000	40.0000	1.066277000
10.0000	50.0000	40.0000	0.825023900
20.0000	50.0000	40.0000	0.866625200
30.0000	50.0000	40.0000	2.132456000
40.0000	50.0000	40.0000	1.649787800
50.0000	50.0000	40.0000	0.539435270
60.0000	50.0000	40.0000	0.364314080
70.0000	50.0000	40.0000	0.478772160
80.0000	50.0000	40.0000	1.009797700
90.0000	50.0000	40.0000	1.587231400
100.0000	50.0000	40.0000	0.725999830
110.0000	50.0000	40.0000	0.435110200
120.0000	50.0000	40.0000	0.667922140
130.0000	50.0000	40.0000	1.128904200
140.0000	50.0000	40.0000	1.698194000
150.0000	50.0000	40.0000	2.642462700
160.0000	50.0000	40.0000	2.199717300
170.0000	50.0000	40.0000	0.676280200
180.0000	50.0000	40.0000	0.552473370
190.0000	50.0000	40.0000	0.414497800
200.0000	50.0000	40.0000	0.605945000
210.0000	50.0000	40.0000	3.194094700
220.0000	50.0000	40.0000	2.391432000
230.0000	50.0000	40.0000	0.686673200
240.0000	50.0000	40.0000	0.526509940
250.0000	50.0000	40.0000	0.461169100
260.0000	50.0000	40.0000	0.789316060
270.0000	50.0000	40.0000	3.272184600
280.0000	50.0000	40.0000	2.214951500
290.0000	50.0000	40.0000	0.310628770
300.0000	50.0000	40.0000	0.276778670
310.0000	50.0000	40.0000	0.660849100
320.0000	50.0000	40.0000	1.242943800
330.0000	50.0000	40.0000	1.342592500
340.0000	50.0000	40.0000	1.342049000
350.0000	50.0000	40.0000	0.721267500
360.0000	50.0000	40.0000	1.000000000
0.0000	60.0000	40.0000	0.792529340
10.0000	60.0000	40.0000	0.578527750
20.0000	60.0000	40.0000	0.567708250
30.0000	60.0000	40.0000	3.087213800
40.0000	60.0000	40.0000	1.386207800
50.0000	60.0000	40.0000	0.262327460
60.0000	60.0000	40.0000	0.354576020
70.0000	60.0000	40.0000	0.554358540
80.0000	60.0000	40.0000	0.872309860
90.0000	60.0000	40.0000	1.401054900
100.0000	60.0000	40.0000	1.579797500
110.0000	60.0000	40.0000	1.752328900
120.0000	60.0000	40.0000	0.974465400
130.0000	60.0000	40.0000	0.814189300
140.0000	60.0000	40.0000	1.500017800
150.0000	60.0000	40.0000	1.949296100
160.0000	60.0000	40.0000	1.818312500
170.0000	60.0000	40.0000	0.829255940
180.0000	60.0000	40.0000	0.427429650
190.0000	60.0000	40.0000	0.383108230
200.0000	60.0000	40.0000	0.534068100
210.0000	60.0000	40.0000	1.382193400
220.0000	60.0000	40.0000	0.839350040
230.0000	60.0000	40.0000	0.335136800
240.0000	60.0000	40.0000	0.673805240
250.0000	60.0000	40.0000	0.959462200
260.0000	60.0000	40.0000	0.795754850
270.0000	60.0000	40.0000	2.361223200
280.0000	60.0000	40.0000	2.876257000
290.0000	60.0000	40.0000	0.790345000
300.0000	60.0000	40.0000	0.410196800
310.0000	60.0000	40.0000	0.454187570
320.0000	60.0000	40.0000	1.113988200
330.0000	60.0000	40.0000	2.898702600
340.0000	60.0000	40.0000	1.720232700
350.0000	60.0000	40.0000	0.566063300
360.0000	60.0000	40.0000	1.000000000
0.0000	70.0000	40.0000	0.576241600
10.0000	70.0000	40.0000	0.614795740
20.0000	70.0000	40.0000	1.112795800
30.0000	70.0000	40.0000	1.612094000
40.0000	70.0000	40.0000	0.538699400
50.0000	70.0000	40.0000	0.190091490
60.0000	70.0000	40.0000	0.365419240
70.0000	70.0000	40.0000	0.488894640
80.0000	70.0000	40.0000	0.421568660
90.0000	70.0000	40.0000	0.696937100
100.0000	70.0000	40.0000	1.393905800
110.0000	70.0000	40.0000	2.518400200
120.0000	70.0000	40.0000	0.987817050
130.0000	70.0000	40.0000	0.306111280
140.0000	70.0000	40.0000	0.339298600
150.0000	70.0000	40.0000	0.515264100
160.0000	70.0000	40.0000	0.986333850
170.0000	70.0000	40.0000	0.987191440
180.0000	70.0000	40.0000	0.435072060
190.0000	70.0000	40.0000	0.531263500
200.0000	70.0000	40.0000	0.791134700
210.0000	70.0000	40.0000	0.470596900
220.0000	70.0000	40.0000	0.252852700
230.0000	70.0000	40.0000	0.228409320
240.0000	70.0000	40.0000	0.537097200
250.0000	70.0000	40.0000	1.068002700
260.0000	70.0000	40.0000	0.684534670
270.0000	70.0000	40.0000	1.177561200
280.0000	70.0000	40.0000	1.520216200
290.0000	70.0000	40.0000	0.990138500
300.0000	70.0000	40.0000	0.497454500
310.0000	70.0000	40.0000	0.217713130
320.0000	70.0000	40.0000	0.524215160
330.0000	70.0000	40.0000	2.188428600
340.0000	70.0000	40.0000	1.454985900
350.0000	70.0000	40.0000	0.909495950
360.0000	70.0000	40.0000	1.000000000
0.0000	80.0000	40.0000	0.657819000
10.0000	80.0000	40.0000	0.686948300
20.0000	80.0000	40.0000	1.439453700
30.0000	80.0000	40.0000	0.830918550
40.0000	80.0000	40.0000	0.839679540
50.0000	80.0000	40.0000	1.340607300
60.0000	80.0000	40.0000	1.318500400
70.0000	80.0000	40.0000	1.595200100
80.0000	80.0000	40.0000	0.880102460
90.0000	80.0000	40.0000	1.152588700
100.0000	80.0000	40.0000	2.851796400
110.0000	80.0000	40.0000	3.262913200
120.0000	80.0000	40.0000	1.273410000
130.0000	80.0000	40.0000	0.553649000
140.0000	80.0000	40.0000	0.356936500
150.0000	80.0000	40.0000	0.524325300
160.0000	80.0000	40.0000	1.338044800
170.0000	80.0000	40.0000	1.063381700
180.0000	80.0000	40.0000	0.767784240
190.0000	80.0000	40.0000	1.282774600
200.0000	80.0000	40.0000	1.962122100
210.0000	80.0000	40.0000	0.479186270
220.0000	80.0000	40.0000	0.356623320
230.0000	80.0000	40.0000	0.847020100
240.0000	80.0000	40.0000	1.057161000
250.0000	80.0000	40.0000	1.777208800
260.0000	80.0000	40.0000	1.931669100
270.0000	80.0000	40.0000	2.314278000
280.0000	80.0000	40.0000	2.354808800
290.0000	80.0000	40.0000	1.451690900
300.0000	80.0000	40.0000	0.712251250
310.0000	80.0000	40.0000	0.377086760
320.0000	80.0000	40.0000	0.383921680
330.0000	80.0000	40.0000	0.650151250
340.0000	80.0000	40.0000	0.909027400
350.0000	80.0000	40.0000	1.196794400
360.0000	80.0000	40.0000	1.000000000
0.0000	90.0000	40.0000	0.539342760
10.0000	90.0000	40.0000	0.455191900
20.0000	90.0000	40.0000	1.213361400
30.0000	90.0000	40.0000	0.760511460
40.0000	90.0000	40.0000	1.140423500
50.0000	90.0000	40.0000	2.604984800
60.0000	90.0000	40.0000	2.134103800
70.0000	90.0000	40.0000	3.677863800
80.0000	90.0000	40.0000	1.704872100
90.0000	90.0000	40.0000	2.037149700
100.0000	90.0000	40.0000	6.438793000
110.0000	90.0000	40.0000	6.019246000
120.0000	90.0000	40.0000	2.008867000
130.0000	90.0000	40.0000	2.071227800
140.0000	90.0000	40.0000	0.748786870
150.0000	90.0000	40.0000	0.848603370
160.0000	90.0000	40.0000	2.211310400
170.0000	90.0000	40.0000	0.667149400
180.0000	90.0000	40.0000	0.755386650
190.0000	90.0000	40.0000	2.112836100
200.0000	90.0000	40.0000	2.566425600
210.0000	90.0000	40.0000	0.544303600
220.0000	90.0000	40.0000	0.576511440
230.0000	90.0000	40.0000	1.913271500
240.0000	90.0000	40.0000	2.073072700
250.0000	90.0000	40.0000	3.811113600
260.0000	90.0000	40.0000	3.001473200
270.0000	90.0000	40.0000	3.102722600
280.0000	90.0000	40.0000	3.540240800
290.0000	90.0000	40.0000	2.286007200
300.0000	90.0000	40.0000	1.000466000
310.0000	90.0000	40.0000	0.772808730
320.0000	90.0000	40.0000	0.432893960
330.0000	90.0000	40.0000	0.466688840
340.0000	90.0000	40.0000	1.208189600
350.0000	90.0000	40.0000	1.918345000
360.0000	90.0000	40.0000	1.000000000
0.0000	0.0000	50.0000	1.000000000
10.0000	0.0000	50.0000	1.000000000
20.0000	0.0000	50.0000	1.000000000
30.0000	0.0000	50.0000	1.000000000
40.0000	0.0000	50.0000	1.000000000
50.0000	0.0000	50.0000	1.000000000
60.0000	0.0000	50.0000	1.000000000
70.0000	0.0000	50.0000	1.000000000
80.0000	0.0000	50.0000	1.000000000
90.0000	0.0000	50.0000	1.000000000
100.0000	0.0000	50.0000	1.000000000
110.0000	0.0000	50.0000	1.000000000
120.0000	0.0000	50.0000	1.000000000
130.0000	0.0000	50.0000	1.000000000
140.0000	0.0000	50.0000	1.000000000
150.0000	0.0000	50.0000	1.000000000
160.0000	0.0000	50.0000	1.000000000
170.0000	0.0000	50.0000	1.000000000
180.0000	0.0000	50.0000	1.000000000
190.0000	0.0000	50.0000	1.000000000
200.0000	0.0000	50.0000	1.000000000
210.0000	0.0000	50.0000	1.000000000
220.0000	0.0000	50.0000	1.000000000
230.0000	0.0000	50.0000	1.000000000
240.0000	0.0000	50.0000	1.000000000
250.0000	0.0000	50.0000	1.000000000
260.0000	0.0000	50.0000	1.000000000
270.0000	0.0000	50.0000	1.000000000
280.0000	0.0000	50.0000	1.000000000
290.0000	0.0000	50.0000	1.000000000
300.0000	0.0000	50.0000	1.000000000
310.0000	0.0000	50.0000	1.000000000
320.0000	0.0000	50.0000	1.000000000
330.0000	0.0000	50.0000	1.000000000
340.0000	0.0000	50.0000	1.000000000
350.0000	0.0000	50.0000	1.000000000
360.0000	0.0000	50.0000	1.000000000
0.0000	10.0000	50.0000	0.787444530
10.0000	10.0000	50.0000	2.465517000
20.0000	10.0000	50.0000	2.082208600
30.0000	10.0000	50.0000	0.096090905
40.0000	10.0000	50.0000	0.075141960
50.0000	10.0000	50.0000	0.194264200
60.0000	10.0000	50.0000	1.171530800
70.0000	10.0000	50.0000	2.075420900
80.0000	10.0000	50.0000	2.414678600
90.0000	10.0000	50.0000	7.266352000
100.0000	10.0000	50.0000	7.901709000
110.0000	10.0000	50.0000	0.320504720
120.0000	10.0000	50.0000	0.104947800
130.0000	10.0000	50.0000	0.087574355
140.0000	10.0000	50.0000	0.095031650
150.0000	10.0000	50.0000	0.212160470
160.0000	10.0000	50.0000	1.551531200
170.0000	10.0000	50.0000	0.966285900
180.0000	10.0000	50.0000	0.352471470
190.0000	10.0000	50.0000	0.857957070
200.0000	10.0000	50.0000	0.558812300
210.0000	10.0000	50.0000	0.069295340
220.0000	10.0000	50.0000	0.057614915
230.0000	10.0000	50.0000	0.179960970
240.0000	10.0000	50.0000	0.976929840
250.0000	10.0000	50.0000	1.409364900
260.0000	10.0000	50.0000	2.219088600
270.0000	10.0000	50.0000	7.020251000
280.0000	10.0000	50.0000	8.119679000
290.0000	10.0000	50.0000	0.418537650
300.0000	10.0000	50.0000	0.142552840
310.0000	10.0000	50.0000	0.107860625
320.0000	10.0000	50.0000	0.160840110
330.0000	10.0000	50.0000	0.477497850
340.0000	10.0000	50.0000	1.874648200
350.0000	10.0000	50.0000	1.852791900
360.0000	10.0000	50.0000	1.000000000
0.0000	20.0000	50.0000	1.008044800
10.0000	20.0000	50.0000	1.480688000
20.0000	20.0000	50.0000	0.774786600
30.0000	20.0000	50.0000	0.155202690
40.0000	20.0000	50.0000	0.089541390
50.0000	20.0000	50.0000	0.182647390
60.0000	20.0000	50.0000	0.544126600
70.0000	20.0000	50.0000	0.591507100
80.0000	20.0000	50.0000	1.017709900
90.0000	20.0000	50.0000	4.435263000
100.0000	20.0000	50.0000	1.662260000
110.0000	20.0000	50.0000	0.327526570
120.0000	20.0000	50.0000	0.348363430
130.0000	20.0000	50.0000	0.212023840
140.0000	20.0000	50.0000	0.160533730
150.0000	20.0000	50.0000	0.529874560
160.0000	20.0000	50.0000	1.334695200
170.0000	20.0000	50.0000	1.011691500
180.0000	20.0000	50.0000	0.734976350
190.0000	20.0000	50.0000	0.887390430
200.0000	20.0000	50.0000	0.682083370
210.0000	20.0000	50.0000	0.199326430
220.0000	20.0000	50.0000	0.104719250
230.0000	20.0000	50.0000	0.246268000
240.0000	20.0000	50.0000	0.512554700
250.0000	20.0000	50.0000	0.350489880
260.0000	20.0000	50.0000	0.716888250
270.0000	20.0000	50.0000	3.645723300
280.0000	20.0000	50.0000	1.275810100
290.0000	20.0000	50.0000	0.367682520
300.0000	20.0000	50.0000	0.526016400
310.0000	20.0000	50.0000	0.265178560
320.0000	20.0000	50.0000	0.181481210
330.0000	20.0000	50.0000	0.434151770
340.0000	20.0000	50.0000	1.168018800
350.0000	20.0000	50.0000	1.222844200
360.0000	20.0000	50.0000	1.000000000
0.0000	30.0000	50.0000	0.811633300
10.0000	30.0000	50.0000	0.802356540
20.0000	30.0000	50.0000	0.513667800
30.0000	30.0000	50.0000	0.270675900
40.0000	30.0000	50.0000	0.138486200
50.0000	30.0000	50.0000	0.237774420
60.0000	30.0000	50.0000	0.435073200
70.0000	30.0000	50.0000	0.370091500
80.0000	30.0000	50.0000	0.446461500
90.0000	30.0000	50.0000	0.911157550
100.0000	30.0000	50.0000	0.734837830
110.0000	30.0000	50.0000	0.260941860
120.0000	30.0000	50.0000	0.247951420
130.0000	30.0000	50.0000	0.266163980
140.0000	30.0000	50.0000	0.521399260
150.0000	30.0000	50.0000	1.436481500
160.0000	30.0000	50.0000	1.833940500
170.0000	30.0000	50.0000	1.098237400
180.0000	30.0000	50.0000	1.471727800
190.0000	30.0000	50.0000	1.976692700
200.0000	30.0000	50.0000	1.382001300
210.0000	30.0000	50.0000	0.877174000
220.0000	30.0000	50.0000	0.372725300
230.0000	30.0000	50.0000	0.288168300
240.0000	30.0000	50.0000	0.336773800
250.0000	30.0000	50.0000	0.245728660
260.0000	30.0000	50.0000	0.321155640
270.0000	30.0000	50.0000	0.779260700
280.0000	30.0000	50.0000	0.659618200
290.0000	30.0000	50.0000	0.357020020
300.0000	30.0000	50.0000	0.316607680
310.0000	30.0000	50.0000	0.329556170
320.0000	30.0000	50.0000	0.300766170
330.0000	30.0000	50.0000	0.436606020
340.0000	30.0000	50.0000	0.999472600
350.0000	30.0000	50.0000	0.732453500
360.0000	30.0000	50.0000	1.000000000
0.0000	40.0000	50.0000	0.819451400
10.0000	40.0000	50.0000	0.980541350
20.0000	40.0000	50.0000	1.096017700
30.0000	40.0000	50.0000	0.788167830
40.0000	40.0000	50.0000	0.521877500
50.0000	40.0000	50.0000	0.260809270
60.0000	40.0000	50.0000	0.189378510
70.0000	40.0000	50.0000	0.225198030
80.0000	40.0000	50.0000	0.527517400
90.0000	40.0000	50.0000	0.813592550
100.0000	40.0000	50.0000	0.479224230
110.0000	40.0000	50.0000	0.261349680
120.0000	40.0000	50.0000	0.309924200
130.0000	40.0000	50.0000	0.510519100
140.0000	40.0000	50.0000	1.712509200
150.0000	40.0000	50.0000	3.044644400
160.0000	40.0000	50.0000	1.356381500
170.0000	40.0000	50.0000	0.744779350
180.0000	40.0000	50.0000	1.327967600
190.0000	40.0000	50.0000	1.437963500
200.0000	40.0000	50.0000	1.242594500
210.0000	40.0000	50.0000	1.903756000
220.0000	40.0000	50.0000	1.150494900
230.0000	40.0000	50.0000	0.545149400
240.0000	40.0000	50.0000	0.163681360
250.0000	40.0000	50.0000	0.125184420
260.0000	40.0000	50.0000	0.307485550
270.0000	40.0000	50.0000	0.809787750
280.0000	40.0000	50.0000	0.659362300
290.0000	40.0000	50.0000	0.344357520
300.0000	40.0000	50.0000	0.241387000
310.0000	40.0000	50.0000	0.406363100
320.0000	40.0000	50.0000	0.620538800
330.0000	40.0000	50.0000	0.697809100
340.0000	40.0000	50.0000	1.042282900
350.0000	40.0000	50.0000	0.541097460
360.0000	40.0000	50.0000	1.000000000
0.0000	50.0000	50.0000	1.031401300
10.0000	50.0000	50.0000	1.192559000
20.0000	50.0000	50.0000	1.519920300
30.0000	50.0000	50.0000	2.388247500
40.0000	50.0000	50.0000	1.600831000
50.0000	50.0000	50.0000	0.457678900
60.0000	50.0000	50.0000	0.272230600
70.0000	50.0000	50.0000	0.401196570
80.0000	50.0000	50.0000	1.677550900
90.0000	50.0000	50.0000	2.518408500
100.0000	50.0000	50.0000	0.716254200
110.0000	50.0000	50.0000	0.453192260
120.0000	50.0000	50.0000	0.582301100
130.0000	50.0000	50.0000	0.748756400
140.0000	50.0000	50.0000	2.662919300
150.0000	50.0000	50.0000	3.661104400
160.0000	50.0000	50.0000	0.642316760
170.0000	50.0000	50.0000	0.351350340
180.0000	50.0000	50.0000	0.699511600
190.0000	50.0000	50.0000	0.844054340
200.0000	50.0000	50.0000	1.166345100
210.0000	50.0000	50.0000	2.241075800
220.0000	50.0000	50.0000	2.104011500
230.0000	50.0000	50.0000	1.259824200
240.0000	50.0000	50.0000	0.512607460
250.0000	50.0000	50.0000	0.389139000
260.0000	50.0000	50.0000	0.893630200
270.0000	50.0000	50.0000	2.147813600
280.0000	50.0000	50.0000	1.300157900
290.0000	50.0000	50.0000	0.443874150
300.0000	50.0000	50.0000	0.371247530
310.0000	50.0000	50.0000	0.663191440
320.0000	50.0000	50.0000	1.325864900
330.0000	50.0000	50.0000	1.470799800
340.0000	50.0000	50.0000	0.730108860
350.0000	50.0000	50.0000	0.372030400
360.0000	50.0000	50.0000	1.000000000
0.0000	60.0000	50.0000	0.770053300
10.0000	60.0000	50.0000	0.901215730
20.0000	60.0000	50.0000	2.069659700
30.0000	60.0000	50.0000	4.666450000
40.0000	60.0000	50.0000	0.981461000
50.0000	60.0000	50.0000	0.331303100
60.0000	60.0000	50.0000	0.553647000
70.0000	60.0000	50.0000	1.021596000
80.0000	60.0000	50.0000	1.754823400
90.0000	60.0000	50.0000	2.187405600
100.0000	60.0000	50.0000	1.251799500
110.0000	60.0000	50.0000	0.935216800
120.0000	60.0000	50.0000	0.464678440
130.0000	60.0000	50.0000	0.369541470
140.0000	60.0000	50.0000	1.170933600
150.0000	60.0000	50.0000	1.495261000
160.0000	60.0000	50.0000	0.528767800
170.0000	60.0000	50.0000	0.351965100
180.0000	60.0000	50.0000	0.471774070
190.0000	60.0000	50.0000	0.843342800
200.0000	60.0000	50.0000	1.214602200
210.0000	60.0000	50.0000	1.645761800
220.0000	60.0000	50.0000	1.200609300
230.0000	60.0000	50.0000	0.672479400
240.0000	60.0000	50.0000	1.141597000
250.0000	60.0000	50.0000	2.007059300
260.0000	60.0000	50.0000	1.308287900
270.0000	60.0000	50.0000	1.816564900
280.0000	60.0000	50.0000	1.399983900
290.0000	60.0000	50.0000	0.487401750
300.0000	60.0000	50.0000	0.363512280
310.0000	60.0000	50.0000	0.331270800
320.0000	60.0000	50.0000	1.231429100
330.0000	60.0000	50.0000	2.154437000
340.0000	60.0000	50.0000	0.492005880
350.0000	60.0000	50.0000	0.276441570
360.0000	60.0000	50.0000	1.000000000
0.0000	70.0000	50.0000	0.563819100
10.0000	70.0000	50.0000	0.857859100
20.0000	70.0000	50.0000	2.606756200
30.0000	70.0000	50.0000	2.534217100
40.0000	70.0000	50.0000	0.347129600
50.0000	70.0000	50.0000	0.222485420
60.0000	70.0000	50.0000	0.802292470
70.0000	70.0000	50.0000	1.189397300
80.0000	70.0000	50.0000	1.282167400
90.0000	70.0000	50.0000	1.712369600
100.0000	70.0000	50.0000	1.271989700
110.0000	70.0000	50.0000	1.072198200
120.0000	70.0000	50.0000	0.375962320
130.0000	70.0000	50.0000	0.170750260
140.0000	70.0000	50.0000	0.278312150
150.0000	70.0000	50.0000	0.541457530
160.0000	70.0000	50.0000	0.879194500
170.0000	70.0000	50.0000	0.599220800
180.0000	70.0000	50.0000	0.458226470
190.0000	70.0000	50.0000	0.793463470
200.0000	70.0000	50.0000	0.851175300
210.0000	70.0000	50.0000	0.521225500
220.0000	70.0000	50.0000	0.255627160
230.0000	70.0000	50.0000	0.250999200
240.0000	70.0000	50.0000	1.097126800
250.0000	70.0000	50.0000	2.354460700
260.0000	70.0000	50.0000	1.011433500
270.0000	70.0000	50.0000	0.673777300
280.0000	70.0000	50.0000	0.498770200
290.0000	70.0000	50.0000	0.416190420
300.0000	70.0000	50.0000	0.310402960
310.0000	70.0000	50.0000	0.155847150
320.0000	70.0000	50.0000	0.557891670
330.0000	70.0000	50.0000	1.663066900
340.0000	70.0000	50.0000	0.729444270
350.0000	70.0000	50.0000	0.534432500
360.0000	70.0000	50.0000	1.000000000
0.0000	80.0000	50.0000	0.706847500
10.0000	80.0000	50.0000	0.955892900
20.0000	80.0000	50.0000	2.181648300
30.0000	80.0000	50.0000	0.966100200
40.0000	80.0000	50.0000	0.420989800
50.0000	80.0000	50.0000	0.435725300
60.0000	80.0000	50.0000	1.114881500
70.0000	80.0000	50.0000	1.782000500
80.0000	80.0000	50.0000	2.867203200
90.0000	80.0000	50.0000	4.198903000
100.0000	80.0000	50.0000	4.122893300
110.0000	80.0000	50.0000	2.525215100
120.0000	80.0000	50.0000	1.540603800
130.0000	80.0000	50.0000	1.277934200
140.0000	80.0000	50.0000	0.398286070
150.0000	80.0000	50.0000	0.550115100
160.0000	80.0000	50.0000	1.807802600
170.0000	80.0000	50.0000	0.824983300
180.0000	80.0000	50.0000	0.678077900
190.0000	80.0000	50.0000	1.140350000
200.0000	80.0000	50.0000	0.913493340
210.0000	80.0000	50.0000	0.383477720
220.0000	80.0000	50.0000	0.244157170
230.0000	80.0000	50.0000	0.377925540
240.0000	80.0000	50.0000	1.132864800
250.0000	80.0000	50.0000	1.735073700
260.0000	80.0000	50.0000	1.350686900
270.0000	80.0000	50.0000	0.828480300
280.0000	80.0000	50.0000	0.747639660
290.0000	80.0000	50.0000	0.968447300
300.0000	80.0000	50.0000	0.852566300
310.0000	80.0000	50.0000	0.706246700
320.0000	80.0000	50.0000	0.587492500
330.0000	80.0000	50.0000	0.985336700
340.0000	80.0000	50.0000	1.436367500
350.0000	80.0000	50.0000	1.119064200
360.0000	80.0000	50.0000	1.000000000
0.0000	90.0000	50.0000	0.595140100
10.0000	90.0000	50.0000	0.690683360
20.0000	90.0000	50.0000	2.580453000
30.0000	90.0000	50.0000	0.935086000
40.0000	90.0000	50.0000	0.745820050
50.0000	90.0000	50.0000	1.520985500
60.0000	90.0000	50.0000	1.877376700
70.0000	90.0000	50.0000	3.476307200
80.0000	90.0000	50.0000	4.901251000
90.0000	90.0000	50.0000	6.589391000
100.0000	90.0000	50.0000	9.665081000
110.0000	90.0000	50.0000	5.883153000
120.0000	90.0000	50.0000	2.791265700
130.0000	90.0000	50.0000	3.185815000
140.0000	90.0000	50.0000	0.691315000
150.0000	90.0000	50.0000	0.601100500
160.0000	90.0000	50.0000	2.202335100
170.0000	90.0000	50.0000	0.532461760
180.0000	90.0000	50.0000	0.646523360
190.0000	90.0000	50.0000	1.785288700
200.0000	90.0000	50.0000	1.429485300
210.0000	90.0000	50.0000	0.495514750
220.0000	90.0000	50.0000	0.432269300
230.0000	90.0000	50.0000	0.888132400
240.0000	90.0000	50.0000	1.442602500
250.0000	90.0000	50.0000	2.065728400
260.0000	90.0000	50.0000	1.282184500
270.0000	90.0000	50.0000	1.139349100
280.0000	90.0000	50.0000	1.500191800
290.0000	90.0000	50.0000	2.387248500
300.0000	90.0000	50.0000	1.715186400
310.0000	90.0000	50.0000	1.748283900
320.0000	90.0000	50.0000	0.769282000
330.0000	90.0000	50.0000	0.736972600
340.0000	90.0000	50.0000	1.639312100
350.0000	90.0000	50.0000	1.325276500
360.0000	90.0000	50.0000	1.000000000
0.0000	0.0000	60.0000	1.000000000
10.0000	0.0000	60.0000	1.000000000
20.0000	0.0000	60.0000	1.000000000
30.0000	0.0000	60.0000	1.000000000
40.0000	0.0000	60.0000	1.000000000
50.0000	0.0000	60.0000	1.000000000
60.0000	0.0000	60.0000	1.000000000
70.0000	0.0000	60.0000	1.000000000
80.0000	0.0000	60.0000	1.000000000
90.0000	0.0000	60.0000	1.000000000
100.0000	0.0000	60.0000	1.000000000
110.0000	0.0000	60.0000	1.000000000
120.0000	0.0000	60.0000	1.000000000
130.0000	0.0000	60.0000	1.000000000
140.0000	0.0000	60.0000	1.000000000
150.0000	0.0000	60.0000	1.000000000
160.0000	0.0000	60.0000	1.000000000
170.0000	0.0000	60.0000	1.000000000
180.0000	0.0000	60.0000	1.000000000
190.0000	0.0000	60.0000	1.000000000
200.0000	0.0000	60.0000	1.000000000
210.0000	0.0000	60.0000	1.000000000
220.0000	0.0000	60.0000	1.000000000
230.0000	0.0000	60.0000	1.000000000
240.0000	0.0000	60.0000	1.000000000
250.0000	0.0000	60.0000	1.000000000
260.0000	0.0000	60.0000	1.000000000
270.0000	0.0000	60.0000	1.000000000
280.0000	0.0000	60.0000	1.000000000
290.0000	0.0000	60.0000	1.000000000
300.0000	0.0000	60.0000	1.000000000
310.0000	0.0000	60.0000	1.000000000
320.0000	0.0000	60.0000	1.000000000
330.0000	0.0000	60.0000	1.000000000
340.0000	0.0000	60.0000	1.000000000
350.0000	0.0000	60.0000	1.000000000
360.0000	0.0000	60.0000	1.000000000
0.0000	10.0000	60.0000	1.031808100
10.0000	10.0000	60.0000	2.709371800
20.0000	10.0000	60.0000	0.714183750
30.0000	10.0000	60.0000	0.112764880
40.0000	10.0000	60.0000	0.242510180
50.0000	10.0000	60.0000	0.839595140
60.0000	10.0000	60.0000	1.686123600
70.0000	10.0000	60.0000	2.056673300
80.0000	10.0000	60.0000	1.921419500
90.0000	10.0000	60.0000	0.302328200
100.0000	10.0000	60.0000	0.077151470
110.0000	10.0000	60.0000	0.094724710
120.0000	10.0000	60.0000	0.099517320
130.0000	10.0000	60.0000	0.126968940
140.0000	10.0000	60.0000	0.356256570
150.0000	10.0000	60.0000	0.682761700
160.0000	10.0000	60.0000	1.149623000
170.0000	10.0000	60.0000	1.078222500
180.0000	10.0000	60.0000	0.417035200
190.0000	10.0000	60.0000	0.757654250
200.0000	10.0000	60.0000	0.263534100
210.0000	10.0000	60.0000	0.092416100
220.0000	10.0000	60.0000	0.209554210
230.0000	10.0000	60.0000	0.815883000
240.0000	10.0000	60.0000	1.190087300
250.0000	10.0000	60.0000	0.953903800
260.0000	10.0000	60.0000	2.141551300
270.0000	10.0000	60.0000	0.805846200
280.0000	10.0000	60.0000	0.172771480
290.0000	10.0000	60.0000	0.168987170
300.0000	10.0000	60.0000	0.117533990
310.0000	10.0000	60.0000	0.213917540
320.0000	10.0000	60.0000	0.867618000
330.0000	10.0000	60.0000	1.148250700
340.0000	10.0000	60.0000	1.774871000
350.0000	10.0000	60.0000	1.943599500
360.0000	10.0000	60.0000	1.000000000
0.0000	20.0000	60.0000	1.558006600
10.0000	20.0000	60.0000	1.558351500
20.0000	20.0000	60.0000	0.200229110
30.0000	20.0000	60.0000	0.073989004
40.0000	20.0000	60.0000	0.253385160
50.0000	20.0000	60.0000	0.549434660
60.0000	20.0000	60.0000	1.426071600
70.0000	20.0000	60.0000	1.669002400
80.0000	20.0000	60.0000	0.245756790
90.0000	20.0000	60.0000	0.105719835
100.0000	20.0000	60.0000	0.192203570
110.0000	20.0000	60.0000	0.227767840
120.0000	20.0000	60.0000	0.221323530
130.0000	20.0000	60.0000	0.281526420
140.0000	20.0000	60.0000	0.630309940
150.0000	20.0000	60.0000	1.493707200
160.0000	20.0000	60.0000	1.001852200
170.0000	20.0000	60.0000	1.023387600
180.0000	20.0000	60.0000	1.024016000
190.0000	20.0000	60.0000	0.617496430
200.0000	20.0000	60.0000	0.225630760
210.0000	20.0000	60.0000	0.123943485
220.0000	20.0000	60.0000	0.208205460
230.0000	20.0000	60.0000	0.384062260
240.0000	20.0000	60.0000	0.675553440
250.0000	20.0000	60.0000	0.461424770
260.0000	20.0000	60.0000	0.239095060
270.0000	20.0000	60.0000	0.303905340
280.0000	20.0000	60.0000	0.388477800
290.0000	20.0000	60.0000	0.244883600
300.0000	20.0000	60.0000	0.248407190
310.0000	20.0000	60.0000	0.334407100
320.0000	20.0000	60.0000	0.539257600
330.0000	20.0000	60.0000	1.267652600
340.0000	20.0000	60.0000	1.397993100
350.0000	20.0000	60.0000	1.314251800
360.0000	20.0000	60.0000	1.000000000
0.0000	30.0000	60.0000	1.040529500
10.0000	30.0000	60.0000	0.642225560
20.0000	30.0000	60.0000	0.109050720
30.0000	30.0000	60.0000	0.099658564
40.0000	30.0000	60.0000	0.219603260
50.0000	30.0000	60.0000	0.417463360
60.0000	30.0000	60.0000	0.748182300
70.0000	30.0000	60.0000	1.078400700
80.0000	30.0000	60.0000	0.469006500
90.0000	30.0000	60.0000	0.252533800
100.0000	30.0000	60.0000	0.403425040
110.0000	30.0000	60.0000	0.437634740
120.0000	30.0000	60.0000	0.423519400
130.0000	30.0000	60.0000	0.426331280
140.0000	30.0000	60.0000	0.936331800
150.0000	30.0000	60.0000	1.444796200
160.0000	30.0000	60.0000	0.795491160
170.0000	30.0000	60.0000	1.130899000
180.0000	30.0000	60.0000	1.980286400
190.0000	30.0000	60.0000	1.721687000
200.0000	30.0000	60.0000	0.870396260
210.0000	30.0000	60.0000	0.438240950
220.0000	30.0000	60.0000	0.375616550
230.0000	30.0000	60.0000	0.447577420
240.0000	30.0000	60.0000	0.460355880
250.0000	30.0000	60.0000	0.340985500
260.0000	30.0000	60.0000	0.234850230
270.0000	30.0000	60.0000	0.285659460
280.0000	30.0000	60.0000	0.429660080
290.0000	30.0000	60.0000	0.222338990
300.0000	30.0000	60.0000	0.260236500
310.0000	30.0000	60.0000	0.308523400
320.0000	30.0000	60.0000	0.389449800
330.0000	30.0000	60.0000	0.676438870
340.0000	30.0000	60.0000	0.736781800
350.0000	30.0000	60.0000	0.826331500
360.0000	30.0000	60.0000	1.000000000
0.0000	40.0000	60.0000	1.111883800
10.0000	40.0000	60.0000	0.833448770
20.0000	40.0000	60.0000	0.412161400
30.0000	40.0000	60.0000	0.403017820
40.0000	40.0000	60.0000	0.466535930
50.0000	40.0000	60.0000	0.468177140
60.0000	40.0000	60.0000	0.271920230
70.0000	40.0000	60.0000	0.429736700
80.0000	40.0000	60.0000	1.449813600
90.0000	40.0000	60.0000	1.306237700
100.0000	40.0000	60.0000	0.788554600
110.0000	40.0000	60.0000	0.556274830
120.0000	40.0000	60.0000	0.503444550
130.0000	40.0000	60.0000	0.873614130
140.0000	40.0000	60.0000	1.656235500
150.0000	40.0000	60.0000	0.901352600
160.0000	40.0000	60.0000	0.359486200
170.0000	40.0000	60.0000	0.918928440
180.0000	40.0000	60.0000	2.168708800
190.0000	40.0000	60.0000	1.623601400
200.0000	40.0000	60.0000	1.606345800
210.0000	40.0000	60.0000	1.395977600
220.0000	40.0000	60.0000	0.912664200
230.0000	40.0000	60.0000	0.552391700
240.0000	40.0000	60.0000	0.222529580
250.0000	40.0000	60.0000	0.195626940
260.0000	40.0000	60.0000	0.406270860
270.0000	40.0000	60.0000	0.783601460
280.0000	40.0000	60.0000	0.743549470
290.0000	40.0000	60.0000	0.475697040
300.0000	40.0000	60.0000	0.460723070
310.0000	40.0000	60.0000	0.586603600
320.0000	40.0000	60.0000	0.413506270
330.0000	40.0000	60.0000	0.393174020
340.0000	40.0000	60.0000	0.348747340
350.0000	40.0000	60.0000	0.568710200
360.0000	40.0000	60.0000	1.000000000
0.0000	50.0000	60.0000	1.657085500
10.0000	50.0000	60.0000	1.367498200
20.0000	50.0000	60.0000	0.900914600
30.0000	50.0000	60.0000	0.960449760
40.0000	50.0000	60.0000	0.976175840
50.0000	50.0000	60.0000	0.414089230
60.0000	50.0000	60.0000	0.193349960
70.0000	50.0000	60.0000	0.382617830
80.0000	50.0000	60.0000	2.660173000
90.0000	50.0000	60.0000	1.856164500
100.0000	50.0000	60.0000	0.597524500
110.0000	50.0000	60.0000	0.441841190
120.0000	50.0000	60.0000	0.568254770
130.0000	50.0000	60.0000	1.216362600
140.0000	50.0000	60.0000	2.169498200
150.0000	50.0000	60.0000	0.458929600
160.0000	50.0000	60.0000	0.148022650
170.0000	50.0000	60.0000	0.499794400
180.0000	50.0000	60.0000	1.424710900
190.0000	50.0000	60.0000	0.976655400
200.0000	50.0000	60.0000	0.902035300
210.0000	50.0000	60.0000	1.519523700
220.0000	50.0000	60.0000	1.866046900
230.0000	50.0000	60.0000	0.766353550
240.0000	50.0000	60.0000	0.289937820
250.0000	50.0000	60.0000	0.305859540
260.0000	50.0000	60.0000	0.565183400
270.0000	50.0000	60.0000	1.052430000
280.0000	50.0000	60.0000	0.643242240
290.0000	50.0000	60.0000	0.482501720
300.0000	50.0000	60.0000	0.680344500
310.0000	50.0000	60.0000	0.742248300
320.0000	50.0000	60.0000	0.496967170
330.0000	50.0000	60.0000	0.288721500
340.0000	50.0000	60.0000	0.214296400
350.0000	50.0000	60.0000	0.417510400
360.0000	50.0000	60.0000	1.000000000
0.0000	60.0000	60.0000	1.073309400
10.0000	60.0000	60.0000	1.048044900
20.0000	60.0000	60.0000	1.590219000
30.0000	60.0000	60.0000	2.046520000
40.0000	60.0000	60.0000	1.029894500
50.0000	60.0000	60.0000	0.558674300
60.0000	60.0000	60.0000	0.720531900
70.0000	60.0000	60.0000	1.158337800
80.0000	60.0000	60.0000	2.135003300
90.0000	60.0000	60.0000	1.910663100
100.0000	60.0000	60.0000	0.407884600
110.0000	60.0000	60.0000	0.307347570
120.0000	60.0000	60.0000	0.291290700
130.0000	60.0000	60.0000	0.429219900
140.0000	60.0000	60.0000	0.847481400
150.0000	60.0000	60.0000	0.545594040
160.0000	60.0000	60.0000	0.216817530
170.0000	60.0000	60.0000	0.353305820
180.0000	60.0000	60.0000	0.556012500
190.0000	60.0000	60.0000	0.694583240
200.0000	60.0000	60.0000	0.658019700
210.0000	60.0000	60.0000	1.251600500
220.0000	60.0000	60.0000	1.308800300
230.0000	60.0000	60.0000	0.698027430
240.0000	60.0000	60.0000	0.798010350
250.0000	60.0000	60.0000	1.354224600
260.0000	60.0000	60.0000	0.795048600
270.0000	60.0000	60.0000	0.702207270
280.0000	60.0000	60.0000	0.332760840
290.0000	60.0000	60.0000	0.288851100
300.0000	60.0000	60.0000	0.459877500
310.0000	60.0000	60.0000	0.410964430
320.0000	60.0000	60.0000	0.586895940
330.0000	60.0000	60.0000	0.523362400
340.0000	60.0000	60.0000	0.187390330
350.0000	60.0000	60.0000	0.257325680
360.0000	60.0000	60.0000	1.000000000
0.0000	70.0000	60.0000	0.452452420
10.0000	70.0000	60.0000	0.546058900
20.0000	70.0000	60.0000	1.283099500
30.0000	70.0000	60.0000	2.442385700
40.0000	70.0000	60.0000	0.856675800
50.0000	70.0000	60.0000	0.748273250
60.0000	70.0000	60.0000	2.038416900
70.0000	70.0000	60.0000	2.151167200
80.0000	70.0000	60.0000	1.696333900
90.0000	70.0000	60.0000	0.996828560
100.0000	70.0000	60.0000	0.326593880
110.0000	70.0000	60.0000	0.392143400
120.0000	70.0000	60.0000	0.305412620
130.0000	70.0000	60.0000	0.257453800
140.0000	70.0000	60.0000	0.435808300
150.0000	70.0000	60.0000	0.521748070
160.0000	70.0000	60.0000	0.388065220
170.0000	70.0000	60.0000	0.298257500
180.0000	70.0000	60.0000	0.219847650
190.0000	70.0000	60.0000	0.464692350
200.0000	70.0000	60.0000	0.454182100
210.0000	70.0000	60.0000	0.748001900
220.0000	70.0000	60.0000	0.567038950
230.0000	70.0000	60.0000	0.467816600
240.0000	70.0000	60.0000	1.128191600
250.0000	70.0000	60.0000	1.667777700
260.0000	70.0000	60.0000	0.517345370
270.0000	70.0000	60.0000	0.195416720
280.0000	70.0000	60.0000	0.168486060
290.0000	70.0000	60.0000	0.349807170
300.0000	70.0000	60.0000	0.417445270
310.0000	70.0000	60.0000	0.421967060
320.0000	70.0000	60.0000	0.734118300
330.0000	70.0000	60.0000	0.750847000
340.0000	70.0000	60.0000	0.335474700
350.0000	70.0000	60.0000	0.359313900
360.0000	70.0000	60.0000	1.000000000
0.0000	80.0000	60.0000	0.316696350
10.0000	80.0000	60.0000	0.386139200
20.0000	80.0000	60.0000	0.543666360
30.0000	80.0000	60.0000	0.789507600
40.0000	80.0000	60.0000	0.429333500
50.0000	80.0000	60.0000	0.398577400
60.0000	80.0000	60.0000	1.629873400
70.0000	80.0000	60.0000	2.475178500
80.0000	80.0000	60.0000	2.706981200
90.0000	80.0000	60.0000	1.485257500
100.0000	80.0000	60.0000	0.856797750
110.0000	80.0000	60.0000	1.231798900
120.0000	80.0000	60.0000	1.055908600
130.0000	80.0000	60.0000	0.712032400
140.0000	80.0000	60.0000	0.348378000
150.0000	80.0000	60.0000	0.248109890
160.0000	80.0000	60.0000	0.379177200
170.0000	80.0000	60.0000	0.320724760
180.0000	80.0000	60.0000	0.206356630
190.0000	80.0000	60.0000	0.393435800
200.0000	80.0000	60.0000	0.332229670
210.0000	80.0000	60.0000	0.504814500
220.0000	80.0000	60.0000	0.470484700
230.0000	80.0000	60.0000	0.507943500
240.0000	80.0000	60.0000	1.212801300
250.0000	80.0000	60.0000	1.056236900
260.0000	80.0000	60.0000	0.438549250
270.0000	80.0000	60.0000	0.194252000
280.0000	80.0000	60.0000	0.287196280
290.0000	80.0000	60.0000	1.028031100
300.0000	80.0000	60.0000	0.963142800
310.0000	80.0000	60.0000	1.170202600
320.0000	80.0000	60.0000	1.166269500
330.0000	80.0000	60.0000	0.560659200
340.0000	80.0000	60.0000	0.413621540
350.0000	80.0000	60.0000	0.536548140
360.0000	80.0000	60.0000	1.000000000
0.0000	90.0000	60.0000	0.243690430
10.0000	90.0000	60.0000	0.283590940
20.0000	90.0000	60.0000	0.344713450
30.0000	90.0000	60.0000	0.350298550
40.0000	90.0000	60.0000	0.192482600
50.0000	90.0000	60.0000	0.265239800
60.0000	90.0000	60.0000	1.323721500
70.0000	90.0000	60.0000	2.468384000
80.0000	90.0000	60.0000	3.559345700
90.0000	90.0000	60.0000	2.533436000
100.0000	90.0000	60.0000	2.168809000
110.0000	90.0000	60.0000	2.468551000
120.0000	90.0000	60.0000	1.645763000
130.0000	90.0000	60.0000	1.138282500
140.0000	90.0000	60.0000	0.314618350
150.0000	90.0000	60.0000	0.178033040
160.0000	90.0000	60.0000	0.414472040
170.0000	90.0000	60.0000	0.311974080
180.0000	90.0000	60.0000	0.211140510
190.0000	90.0000	60.0000	0.393666200
200.0000	90.0000	60.0000	0.293144880
210.0000	90.0000	60.0000	0.443125000
220.0000	90.0000	60.0000	0.506367440
230.0000	90.0000	60.0000	0.860161360
240.0000	90.0000	60.0000	1.905984900
250.0000	90.0000	60.0000	0.946127360
260.0000	90.0000	60.0000	0.421049540
270.0000	90.0000	60.0000	0.324038480
280.0000	90.0000	60.0000	0.660738800
290.0000	90.0000	60.0000	2.359558800
300.0000	90.0000	60.0000	1.701868500
310.0000	90.0000	60.0000	1.804367900
320.0000	90.0000	60.0000	1.224713200
330.0000	90.0000	60.0000	0.429621400
340.0000	90.0000	60.0000	0.404912140
350.0000	90.0000	60.0000	0.502606750
360.0000	90.0000	60.0000	1.000000000
