0.0000	0.0000	0.0000	0.168792490
10.0000	0.0000	0.0000	0.358025070
20.0000	0.0000	0.0000	1.401293400
30.0000	0.0000	0.0000	1.176007500
40.0000	0.0000	0.0000	0.776191000
50.0000	0.0000	0.0000	1.136471400
60.0000	0.0000	0.0000	1.536152800
70.0000	0.0000	0.0000	1.273334600
80.0000	0.0000	0.0000	0.258422700
90.0000	0.0000	0.0000	0.203770090
100.0000	0.0000	0.0000	0.476431460
110.0000	0.0000	0.0000	1.762764900
120.0000	0.0000	0.0000	3.064731800
130.0000	0.0000	0.0000	3.359792500
140.0000	0.0000	0.0000	3.795944200
150.0000	0.0000	0.0000	3.466087000
160.0000	0.0000	0.0000	1.365746000
170.0000	0.0000	0.0000	0.276433000
180.0000	0.0000	0.0000	0.153388780
190.0000	0.0000	0.0000	0.327373560
200.0000	0.0000	0.0000	1.995104200
210.0000	0.0000	0.0000	0.835904700
220.0000	0.0000	0.0000	0.368507440
230.0000	0.0000	0.0000	0.449451900
240.0000	0.0000	0.0000	0.860613700
250.0000	0.0000	0.0000	1.079055700
260.0000	0.0000	0.0000	0.171684430
270.0000	0.0000	0.0000	0.109516725
280.0000	0.0000	0.0000	0.279960270
290.0000	0.0000	0.0000	1.303336500
300.0000	0.0000	0.0000	2.083836000
310.0000	0.0000	0.0000	1.941273100
320.0000	0.0000	0.0000	2.327278400
330.0000	0.0000	0.0000	2.333761200
340.0000	0.0000	0.0000	0.962342560
350.0000	0.0000	0.0000	0.276002400
360.0000	0.0000	0.0000	1.000000000
0.0000	10.0000	0.0000	0.199127420
10.0000	10.0000	0.0000	1.075869600
20.0000	10.0000	0.0000	4.130923000
30.0000	10.0000	0.0000	0.653044600
40.0000	10.0000	0.0000	1.877336000
50.0000	10.0000	0.0000	4.873284300
60.0000	10.0000	0.0000	1.314436800
70.0000	10.0000	0.0000	1.610164500
80.0000	10.0000	0.0000	0.391145200
90.0000	10.0000	0.0000	0.380345800
100.0000	10.0000	0.0000	1.308435100
110.0000	10.0000	0.0000	3.066153500
120.0000	10.0000	0.0000	2.262502400
130.0000	10.0000	0.0000	2.561158000
140.0000	10.0000	0.0000	4.358196700
150.0000	10.0000	0.0000	4.808982400
160.0000	10.0000	0.0000	2.294222800
170.0000	10.0000	0.0000	0.601339340
180.0000	10.0000	0.0000	0.238981770
190.0000	10.0000	0.0000	2.110457000
200.0000	10.0000	0.0000	1.764074400
210.0000	10.0000	0.0000	0.280782000
220.0000	10.0000	0.0000	0.331346040
230.0000	10.0000	0.0000	1.294321900
240.0000	10.0000	0.0000	0.971248570
250.0000	10.0000	0.0000	0.925373730
260.0000	10.0000	0.0000	0.528959930
270.0000	10.0000	0.0000	0.452171400
280.0000	10.0000	0.0000	1.153042400
290.0000	10.0000	0.0000	2.211075000
300.0000	10.0000	0.0000	2.807598600
310.0000	10.0000	0.0000	4.034041000
320.0000	10.0000	0.0000	3.198032000
330.0000	10.0000	0.0000	1.828115800
340.0000	10.0000	0.0000	1.423734500
350.0000	10.0000	0.0000	0.567876500
360.0000	10.0000	0.0000	1.000000000
0.0000	20.0000	0.0000	0.379359570
10.0000	20.0000	0.0000	0.911499600
20.0000	20.0000	0.0000	2.377695600
30.0000	20.0000	0.0000	1.944778700
40.0000	20.0000	0.0000	1.635371400
50.0000	20.0000	0.0000	1.238279700
60.0000	20.0000	0.0000	0.166454200
70.0000	20.0000	0.0000	0.170055300
80.0000	20.0000	0.0000	0.178404940
90.0000	20.0000	0.0000	0.246937500
100.0000	20.0000	0.0000	0.960676250
110.0000	20.0000	0.0000	0.789790750
120.0000	20.0000	0.0000	0.654052100
130.0000	20.0000	0.0000	1.162180300
140.0000	20.0000	0.0000	0.537006140
150.0000	20.0000	0.0000	0.682777700
160.0000	20.0000	0.0000	1.563581000
170.0000	20.0000	0.0000	0.537193660
180.0000	20.0000	0.0000	0.316849440
190.0000	20.0000	0.0000	0.695837100
200.0000	20.0000	0.0000	1.180316300
210.0000	20.0000	0.0000	0.690239250
220.0000	20.0000	0.0000	0.222553940
230.0000	20.0000	0.0000	0.441618500
240.0000	20.0000	0.0000	0.293031480
250.0000	20.0000	0.0000	0.133779180
260.0000	20.0000	0.0000	0.140625800
270.0000	20.0000	0.0000	0.345924320
280.0000	20.0000	0.0000	0.805504860
290.0000	20.0000	0.0000	0.650369400
300.0000	20.0000	0.0000	1.896108400
310.0000	20.0000	0.0000	8.016575000
320.0000	20.0000	0.0000	1.704417300
330.0000	20.0000	0.0000	0.772438300
340.0000	20.0000	0.0000	0.910481630
350.0000	20.0000	0.0000	0.436721950
360.0000	20.0000	0.0000	1.000000000
0.0000	30.0000	0.0000	0.883836200
10.0000	30.0000	0.0000	1.555341000
20.0000	30.0000	0.0000	2.452188300
30.0000	30.0000	0.0000	1.501398200
40.0000	30.0000	0.0000	0.510765430
50.0000	30.0000	0.0000	0.209391800
60.0000	30.0000	0.0000	0.113529390
70.0000	30.0000	0.0000	0.166770430
80.0000	30.0000	0.0000	0.188773140
90.0000	30.0000	0.0000	0.270832930
100.0000	30.0000	0.0000	0.881812750
110.0000	30.0000	0.0000	0.246618100
120.0000	30.0000	0.0000	0.184874700
130.0000	30.0000	0.0000	0.938172000
140.0000	30.0000	0.0000	1.625202100
150.0000	30.0000	0.0000	2.762858200
160.0000	30.0000	0.0000	5.818781400
170.0000	30.0000	0.0000	2.088979000
180.0000	30.0000	0.0000	1.676226500
190.0000	30.0000	0.0000	2.058622400
200.0000	30.0000	0.0000	1.007679000
210.0000	30.0000	0.0000	0.581053500
220.0000	30.0000	0.0000	0.205711260
230.0000	30.0000	0.0000	0.118207930
240.0000	30.0000	0.0000	0.202017190
250.0000	30.0000	0.0000	0.203345570
260.0000	30.0000	0.0000	0.126771910
270.0000	30.0000	0.0000	0.197618400
280.0000	30.0000	0.0000	0.433041300
290.0000	30.0000	0.0000	0.254196940
300.0000	30.0000	0.0000	0.370416070
310.0000	30.0000	0.0000	0.819738900
320.0000	30.0000	0.0000	0.567989500
330.0000	30.0000	0.0000	1.051202500
340.0000	30.0000	0.0000	2.398338600
350.0000	30.0000	0.0000	0.949574770
360.0000	30.0000	0.0000	1.000000000
0.0000	40.0000	0.0000	3.322413200
10.0000	40.0000	0.0000	5.357606400
20.0000	40.0000	0.0000	4.575505000
30.0000	40.0000	0.0000	2.459358700
40.0000	40.0000	0.0000	2.698444800
50.0000	40.0000	0.0000	0.659876940
60.0000	40.0000	0.0000	1.217482600
70.0000	40.0000	0.0000	4.130435000
80.0000	40.0000	0.0000	1.213874300
90.0000	40.0000	0.0000	0.828220100
100.0000	40.0000	0.0000	1.386951000
110.0000	40.0000	0.0000	0.627398000
120.0000	40.0000	0.0000	0.351555880
130.0000	40.0000	0.0000	0.976981500
140.0000	40.0000	0.0000	2.805547500
150.0000	40.0000	0.0000	3.870295800
160.0000	40.0000	0.0000	6.600617000
170.0000	40.0000	0.0000	4.033769000
180.0000	40.0000	0.0000	4.062561000
190.0000	40.0000	0.0000	5.176905000
200.0000	40.0000	0.0000	1.568888800
210.0000	40.0000	0.0000	0.870013800
220.0000	40.0000	0.0000	1.162906000
230.0000	40.0000	0.0000	0.437019740
240.0000	40.0000	0.0000	0.743640840
250.0000	40.0000	0.0000	2.060232000
260.0000	40.0000	0.0000	0.622787900
270.0000	40.0000	0.0000	0.506406550
280.0000	40.0000	0.0000	1.097738000
290.0000	40.0000	0.0000	1.531213600
300.0000	40.0000	0.0000	0.786715570
310.0000	40.0000	0.0000	1.001549500
320.0000	40.0000	0.0000	1.658069000
330.0000	40.0000	0.0000	3.130257600
340.0000	40.0000	0.0000	5.808330000
350.0000	40.0000	0.0000	3.326609600
360.0000	40.0000	0.0000	1.000000000
0.0000	50.0000	0.0000	9.471515000
10.0000	50.0000	0.0000	11.370989000
20.0000	50.0000	0.0000	4.047857000
30.0000	50.0000	0.0000	2.572088500
40.0000	50.0000	0.0000	1.631648800
50.0000	50.0000	0.0000	0.403749670
60.0000	50.0000	0.0000	0.541007500
70.0000	50.0000	0.0000	1.576879100
80.0000	50.0000	0.0000	0.851928000
90.0000	50.0000	0.0000	0.814090850
100.0000	50.0000	0.0000	1.336328500
110.0000	50.0000	0.0000	1.066228000
120.0000	50.0000	0.0000	0.429071700
130.0000	50.0000	0.0000	0.489107700
140.0000	50.0000	0.0000	1.592877400
150.0000	50.0000	0.0000	2.421707900
160.0000	50.0000	0.0000	2.970395800
170.0000	50.0000	0.0000	1.544235600
180.0000	50.0000	0.0000	1.761908200
190.0000	50.0000	0.0000	3.029042700
200.0000	50.0000	0.0000	2.401406000
210.0000	50.0000	0.0000	2.417470700
220.0000	50.0000	0.0000	2.745466200
230.0000	50.0000	0.0000	0.704215760
240.0000	50.0000	0.0000	0.480709080
250.0000	50.0000	0.0000	0.594624200
260.0000	50.0000	0.0000	0.438047560
270.0000	50.0000	0.0000	0.722034400
280.0000	50.0000	0.0000	2.329098500
290.0000	50.0000	0.0000	2.292134800
300.0000	50.0000	0.0000	0.627783900
310.0000	50.0000	0.0000	0.729331000
320.0000	50.0000	0.0000	2.369313000
330.0000	50.0000	0.0000	3.347541800
340.0000	50.0000	0.0000	6.288858400
350.0000	50.0000	0.0000	6.993889300
360.0000	50.0000	0.0000	1.000000000
0.0000	60.0000	0.0000	4.204368600
10.0000	60.0000	0.0000	3.862147600
20.0000	60.0000	0.0000	1.740063800
30.0000	60.0000	0.0000	0.992397400
40.0000	60.0000	0.0000	0.480694060
50.0000	60.0000	0.0000	0.208241340
60.0000	60.0000	0.0000	0.168721770
70.0000	60.0000	0.0000	0.461194130
80.0000	60.0000	0.0000	0.444166840
90.0000	60.0000	0.0000	0.307481260
100.0000	60.0000	0.0000	0.372646100
110.0000	60.0000	0.0000	0.240914540
120.0000	60.0000	0.0000	0.333856800
130.0000	60.0000	0.0000	0.403775540
140.0000	60.0000	0.0000	0.779547500
150.0000	60.0000	0.0000	1.750629100
160.0000	60.0000	0.0000	1.141595800
170.0000	60.0000	0.0000	0.426700770
180.0000	60.0000	0.0000	0.450240500
190.0000	60.0000	0.0000	1.570382500
200.0000	60.0000	0.0000	2.960697000
210.0000	60.0000	0.0000	2.102549600
220.0000	60.0000	0.0000	2.450518800
230.0000	60.0000	0.0000	0.914816500
240.0000	60.0000	0.0000	0.178362310
250.0000	60.0000	0.0000	0.226517290
260.0000	60.0000	0.0000	0.280659200
270.0000	60.0000	0.0000	0.339282270
280.0000	60.0000	0.0000	0.634515500
290.0000	60.0000	0.0000	0.313392280
300.0000	60.0000	0.0000	0.182074740
310.0000	60.0000	0.0000	0.091208470
320.0000	60.0000	0.0000	0.298195870
330.0000	60.0000	0.0000	1.256839300
340.0000	60.0000	0.0000	2.970992000
350.0000	60.0000	0.0000	4.505866500
360.0000	60.0000	0.0000	1.000000000
0.0000	70.0000	0.0000	0.415847840
10.0000	70.0000	0.0000	0.514420500
20.0000	70.0000	0.0000	1.113062600
30.0000	70.0000	0.0000	0.888064300
40.0000	70.0000	0.0000	0.408038320
50.0000	70.0000	0.0000	0.550732700
60.0000	70.0000	0.0000	0.390520300
70.0000	70.0000	0.0000	0.455633430
80.0000	70.0000	0.0000	0.308570060
90.0000	70.0000	0.0000	0.242631320
100.0000	70.0000	0.0000	0.270742770
110.0000	70.0000	0.0000	0.219565260
120.0000	70.0000	0.0000	0.793834600
130.0000	70.0000	0.0000	1.091884100
140.0000	70.0000	0.0000	1.246421900
150.0000	70.0000	0.0000	1.835386000
160.0000	70.0000	0.0000	1.716310000
170.0000	70.0000	0.0000	0.316578270
180.0000	70.0000	0.0000	0.228975900
190.0000	70.0000	0.0000	0.935637600
200.0000	70.0000	0.0000	2.185500400
210.0000	70.0000	0.0000	1.636998300
220.0000	70.0000	0.0000	3.771631700
230.0000	70.0000	0.0000	3.468557800
240.0000	70.0000	0.0000	0.248321740
250.0000	70.0000	0.0000	0.242816600
260.0000	70.0000	0.0000	0.256733360
270.0000	70.0000	0.0000	0.288960070
280.0000	70.0000	0.0000	0.304399850
290.0000	70.0000	0.0000	0.236048430
300.0000	70.0000	0.0000	0.640951500
310.0000	70.0000	0.0000	0.404995700
320.0000	70.0000	0.0000	0.429304150
330.0000	70.0000	0.0000	1.530607500
340.0000	70.0000	0.0000	2.541065500
350.0000	70.0000	0.0000	1.281287200
360.0000	70.0000	0.0000	1.000000000
0.0000	80.0000	0.0000	0.124657540
10.0000	80.0000	0.0000	0.198907320
20.0000	80.0000	0.0000	1.539716000
30.0000	80.0000	0.0000	2.067460800
40.0000	80.0000	0.0000	1.216971000
50.0000	80.0000	0.0000	1.302743200
60.0000	80.0000	0.0000	0.972812350
70.0000	80.0000	0.0000	0.535981000
80.0000	80.0000	0.0000	0.193648800
90.0000	80.0000	0.0000	0.181513860
100.0000	80.0000	0.0000	0.352825880
110.0000	80.0000	0.0000	0.882668140
120.0000	80.0000	0.0000	1.686139200
130.0000	80.0000	0.0000	2.335477000
140.0000	80.0000	0.0000	2.961886600
150.0000	80.0000	0.0000	2.349325400
160.0000	80.0000	0.0000	2.573827700
170.0000	80.0000	0.0000	0.346595620
180.0000	80.0000	0.0000	0.164167280
190.0000	80.0000	0.0000	0.539615000
200.0000	80.0000	0.0000	1.762890600
210.0000	80.0000	0.0000	2.847715100
220.0000	80.0000	0.0000	4.160796000
230.0000	80.0000	0.0000	3.556013800
240.0000	80.0000	0.0000	0.881345570
250.0000	80.0000	0.0000	0.449762500
260.0000	80.0000	0.0000	0.176889700
270.0000	80.0000	0.0000	0.194004430
280.0000	80.0000	0.0000	0.308830560
290.0000	80.0000	0.0000	0.865236460
300.0000	80.0000	0.0000	1.837949400
310.0000	80.0000	0.0000	0.817891840
320.0000	80.0000	0.0000	0.755439800
330.0000	80.0000	0.0000	1.609484900
340.0000	80.0000	0.0000	2.259961800
350.0000	80.0000	0.0000	0.728899300
360.0000	80.0000	0.0000	1.000000000
0.0000	90.0000	0.0000	0.126780570
10.0000	90.0000	0.0000	0.164898720
20.0000	90.0000	0.0000	1.575958600
30.0000	90.0000	0.0000	2.785757300
40.0000	90.0000	0.0000	2.272129300
50.0000	90.0000	0.0000	2.886994000
60.0000	90.0000	0.0000	2.417569000
70.0000	90.0000	0.0000	1.074511200
80.0000	90.0000	0.0000	0.306219700
90.0000	90.0000	0.0000	0.211718780
100.0000	90.0000	0.0000	0.517497060
110.0000	90.0000	0.0000	2.909843700
120.0000	90.0000	0.0000	2.047252400
130.0000	90.0000	0.0000	2.520150200
140.0000	90.0000	0.0000	3.821790200
150.0000	90.0000	0.0000	2.718611500
160.0000	90.0000	0.0000	2.169710400
170.0000	90.0000	0.0000	0.239458310
180.0000	90.0000	0.0000	0.174669860
190.0000	90.0000	0.0000	0.505724200
200.0000	90.0000	0.0000	2.239968000
210.0000	90.0000	0.0000	4.146011000
220.0000	90.0000	0.0000	3.861291200
230.0000	90.0000	0.0000	4.250345000
240.0000	90.0000	0.0000	3.202614800
250.0000	90.0000	0.0000	1.517041300
260.0000	90.0000	0.0000	0.307881150
270.0000	90.0000	0.0000	0.202894750
280.0000	90.0000	0.0000	0.461364660
290.0000	90.0000	0.0000	3.217007400
300.0000	90.0000	0.0000	1.709550600
310.0000	90.0000	0.0000	0.723243200
320.0000	90.0000	0.0000	0.884555340
330.0000	90.0000	0.0000	1.622784900
340.0000	90.0000	0.0000	1.507617200
350.0000	90.0000	0.0000	0.551181300
360.0000	90.0000	0.0000	1.000000000
0.0000	0.0000	10.0000	1.000000000
10.0000	0.0000	10.0000	1.000000000
20.0000	0.0000	10.0000	1.000000000
30.0000	0.0000	10.0000	1.000000000
40.0000	0.0000	10.0000	1.000000000
50.0000	0.0000	10.0000	1.000000000
60.0000	0.0000	10.0000	1.000000000
70.0000	0.0000	10.0000	1.000000000
80.0000	0.0000	10.0000	1.000000000
90.0000	0.0000	10.0000	1.000000000
100.0000	0.0000	10.0000	1.000000000
110.0000	0.0000	10.0000	1.000000000
120.0000	0.0000	10.0000	1.000000000
130.0000	0.0000	10.0000	1.000000000
140.0000	0.0000	10.0000	1.000000000
150.0000	0.0000	10.0000	1.000000000
160.0000	0.0000	10.0000	1.000000000
170.0000	0.0000	10.0000	1.000000000
180.0000	0.0000	10.0000	1.000000000
190.0000	0.0000	10.0000	1.000000000
200.0000	0.0000	10.0000	1.000000000
210.0000	0.0000	10.0000	1.000000000
220.0000	0.0000	10.0000	1.000000000
230.0000	0.0000	10.0000	1.000000000
240.0000	0.0000	10.0000	1.000000000
250.0000	0.0000	10.0000	1.000000000
260.0000	0.0000	10.0000	1.000000000
270.0000	0.0000	10.0000	1.000000000
280.0000	0.0000	10.0000	1.000000000
290.0000	0.0000	10.0000	1.000000000
300.0000	0.0000	10.0000	1.000000000
310.0000	0.0000	10.0000	1.000000000
320.0000	0.0000	10.0000	1.000000000
330.0000	0.0000	10.0000	1.000000000
340.0000	0.0000	10.0000	1.000000000
350.0000	0.0000	10.0000	1.000000000
360.0000	0.0000	10.0000	1.000000000
0.0000	10.0000	10.0000	0.634788160
10.0000	10.0000	10.0000	2.889788000
20.0000	10.0000	10.0000	4.598202700
30.0000	10.0000	10.0000	1.630744000
40.0000	10.0000	10.0000	2.301905400
50.0000	10.0000	10.0000	2.167562700
60.0000	10.0000	10.0000	0.342511150
70.0000	10.0000	10.0000	0.419337000
80.0000	10.0000	10.0000	0.282765300
90.0000	10.0000	10.0000	0.363501280
100.0000	10.0000	10.0000	1.584237900
110.0000	10.0000	10.0000	1.498715800
120.0000	10.0000	10.0000	1.424706000
130.0000	10.0000	10.0000	2.434621300
140.0000	10.0000	10.0000	3.565829500
150.0000	10.0000	10.0000	2.294824600
160.0000	10.0000	10.0000	1.135174800
170.0000	10.0000	10.0000	0.690511500
180.0000	10.0000	10.0000	0.762857800
190.0000	10.0000	10.0000	3.179621700
200.0000	10.0000	10.0000	1.479996000
210.0000	10.0000	10.0000	0.382746930
220.0000	10.0000	10.0000	0.592478900
230.0000	10.0000	10.0000	1.345959300
240.0000	10.0000	10.0000	0.291235500
250.0000	10.0000	10.0000	0.213581280
260.0000	10.0000	10.0000	0.365036340
270.0000	10.0000	10.0000	0.538214100
280.0000	10.0000	10.0000	2.137781000
290.0000	10.0000	10.0000	1.784923600
300.0000	10.0000	10.0000	2.386523700
310.0000	10.0000	10.0000	4.777506400
320.0000	10.0000	10.0000	2.729501700
330.0000	10.0000	10.0000	0.927438740
340.0000	10.0000	10.0000	0.938140800
350.0000	10.0000	10.0000	0.662591600
360.0000	10.0000	10.0000	1.000000000
0.0000	20.0000	10.0000	0.955603840
10.0000	20.0000	10.0000	2.683933000
20.0000	20.0000	10.0000	2.518143700
30.0000	20.0000	10.0000	1.644515400
40.0000	20.0000	10.0000	1.872625400
50.0000	20.0000	10.0000	1.747772600
60.0000	20.0000	10.0000	0.195915460
70.0000	20.0000	10.0000	0.147630240
80.0000	20.0000	10.0000	0.208755580
90.0000	20.0000	10.0000	0.192124620
100.0000	20.0000	10.0000	1.017542600
110.0000	20.0000	10.0000	0.569238100
120.0000	20.0000	10.0000	0.452464000
130.0000	20.0000	10.0000	0.989970900
140.0000	20.0000	10.0000	0.880234500
150.0000	20.0000	10.0000	1.033635900
160.0000	20.0000	10.0000	0.696048800
170.0000	20.0000	10.0000	0.519934100
180.0000	20.0000	10.0000	0.688418150
190.0000	20.0000	10.0000	1.412863100
200.0000	20.0000	10.0000	0.956989940
210.0000	20.0000	10.0000	0.380714500
220.0000	20.0000	10.0000	0.434346970
230.0000	20.0000	10.0000	1.013069300
240.0000	20.0000	10.0000	0.234421610
250.0000	20.0000	10.0000	0.132859890
260.0000	20.0000	10.0000	0.385786600
270.0000	20.0000	10.0000	0.445311900
280.0000	20.0000	10.0000	1.336735800
290.0000	20.0000	10.0000	1.536819200
300.0000	20.0000	10.0000	3.180798800
310.0000	20.0000	10.0000	3.529946300
320.0000	20.0000	10.0000	1.817871200
330.0000	20.0000	10.0000	1.321938900
340.0000	20.0000	10.0000	0.550679300
350.0000	20.0000	10.0000	0.404643200
360.0000	20.0000	10.0000	1.000000000
0.0000	30.0000	10.0000	1.147725600
10.0000	30.0000	10.0000	1.710285900
20.0000	30.0000	10.0000	1.045139400
30.0000	30.0000	10.0000	0.669974150
40.0000	30.0000	10.0000	0.555339040
50.0000	30.0000	10.0000	0.418155400
60.0000	30.0000	10.0000	0.268548430
70.0000	30.0000	10.0000	0.196969540
80.0000	30.0000	10.0000	0.257580760
90.0000	30.0000	10.0000	0.561309460
100.0000	30.0000	10.0000	1.948708400
110.0000	30.0000	10.0000	0.455524650
120.0000	30.0000	10.0000	0.304706160
130.0000	30.0000	10.0000	0.941670700
140.0000	30.0000	10.0000	1.093216400
150.0000	30.0000	10.0000	1.771917700
160.0000	30.0000	10.0000	1.532481200
170.0000	30.0000	10.0000	1.391497600
180.0000	30.0000	10.0000	1.950098400
190.0000	30.0000	10.0000	1.857333000
200.0000	30.0000	10.0000	0.470723750
210.0000	30.0000	10.0000	0.313511940
220.0000	30.0000	10.0000	0.301690300
230.0000	30.0000	10.0000	0.301610230
240.0000	30.0000	10.0000	0.309925300
250.0000	30.0000	10.0000	0.318690630
260.0000	30.0000	10.0000	0.330334780
270.0000	30.0000	10.0000	0.270087060
280.0000	30.0000	10.0000	0.477116320
290.0000	30.0000	10.0000	0.405044020
300.0000	30.0000	10.0000	0.497764740
310.0000	30.0000	10.0000	0.907838340
320.0000	30.0000	10.0000	1.215649200
330.0000	30.0000	10.0000	1.566825700
340.0000	30.0000	10.0000	0.571751300
350.0000	30.0000	10.0000	0.324578800
360.0000	30.0000	10.0000	1.000000000
0.0000	40.0000	10.0000	2.676371000
10.0000	40.0000	10.0000	3.139875000
20.0000	40.0000	10.0000	1.756087500
30.0000	40.0000	10.0000	0.911145500
40.0000	40.0000	10.0000	0.485076250
50.0000	40.0000	10.0000	0.554380500
60.0000	40.0000	10.0000	1.355529000
70.0000	40.0000	10.0000	1.204203500
80.0000	40.0000	10.0000	1.200243700
90.0000	40.0000	10.0000	2.881034000
100.0000	40.0000	10.0000	3.218105300
110.0000	40.0000	10.0000	0.567209660
120.0000	40.0000	10.0000	0.322240260
130.0000	40.0000	10.0000	0.819745700
140.0000	40.0000	10.0000	1.492959000
150.0000	40.0000	10.0000	2.262076900
160.0000	40.0000	10.0000	3.246761600
170.0000	40.0000	10.0000	3.082839300
180.0000	40.0000	10.0000	3.399844200
190.0000	40.0000	10.0000	2.737297300
200.0000	40.0000	10.0000	0.755685570
210.0000	40.0000	10.0000	0.465561480
220.0000	40.0000	10.0000	0.476172060
230.0000	40.0000	10.0000	0.357992980
240.0000	40.0000	10.0000	0.472217620
250.0000	40.0000	10.0000	0.739584150
260.0000	40.0000	10.0000	0.754352000
270.0000	40.0000	10.0000	1.151542900
280.0000	40.0000	10.0000	1.724569700
290.0000	40.0000	10.0000	0.786079400
300.0000	40.0000	10.0000	0.591585100
310.0000	40.0000	10.0000	1.150449800
320.0000	40.0000	10.0000	1.763764900
330.0000	40.0000	10.0000	2.323388600
340.0000	40.0000	10.0000	1.663474200
350.0000	40.0000	10.0000	1.123293300
360.0000	40.0000	10.0000	1.000000000
0.0000	50.0000	10.0000	6.227034600
10.0000	50.0000	10.0000	5.242569000
20.0000	50.0000	10.0000	1.966353400
30.0000	50.0000	10.0000	2.470079200
40.0000	50.0000	10.0000	0.944142400
50.0000	50.0000	10.0000	0.465018000
60.0000	50.0000	10.0000	1.065305000
70.0000	50.0000	10.0000	1.239651800
80.0000	50.0000	10.0000	0.970955800
90.0000	50.0000	10.0000	1.667819100
100.0000	50.0000	10.0000	1.194683000
110.0000	50.0000	10.0000	0.420670750
120.0000	50.0000	10.0000	0.244545850
130.0000	50.0000	10.0000	0.336847160
140.0000	50.0000	10.0000	1.170695900
150.0000	50.0000	10.0000	1.872311400
160.0000	50.0000	10.0000	2.060643200
170.0000	50.0000	10.0000	1.416855300
180.0000	50.0000	10.0000	1.435136600
190.0000	50.0000	10.0000	1.668803900
200.0000	50.0000	10.0000	0.939459150
210.0000	50.0000	10.0000	0.913580830
220.0000	50.0000	10.0000	1.028059200
230.0000	50.0000	10.0000	0.738289360
240.0000	50.0000	10.0000	0.763119300
250.0000	50.0000	10.0000	0.819661400
260.0000	50.0000	10.0000	0.705514100
270.0000	50.0000	10.0000	1.429196500
280.0000	50.0000	10.0000	2.482710000
290.0000	50.0000	10.0000	1.039992300
300.0000	50.0000	10.0000	0.402117000
310.0000	50.0000	10.0000	0.414947270
320.0000	50.0000	10.0000	1.184134000
330.0000	50.0000	10.0000	1.983729600
340.0000	50.0000	10.0000	2.861671400
350.0000	50.0000	10.0000	4.033548400
360.0000	50.0000	10.0000	1.000000000
0.0000	60.0000	10.0000	2.870921000
10.0000	60.0000	10.0000	2.464272500
20.0000	60.0000	10.0000	1.135722900
30.0000	60.0000	10.0000	1.006309600
40.0000	60.0000	10.0000	0.495193240
50.0000	60.0000	10.0000	0.229184360
60.0000	60.0000	10.0000	0.193335250
70.0000	60.0000	10.0000	0.434752900
80.0000	60.0000	10.0000	0.377177150
90.0000	60.0000	10.0000	0.377244740
100.0000	60.0000	10.0000	0.352123700
110.0000	60.0000	10.0000	0.270439240
120.0000	60.0000	10.0000	0.420943100
130.0000	60.0000	10.0000	0.376738070
140.0000	60.0000	10.0000	0.786490140
150.0000	60.0000	10.0000	1.381514400
160.0000	60.0000	10.0000	0.782961250
170.0000	60.0000	10.0000	0.302946480
180.0000	60.0000	10.0000	0.315138430
190.0000	60.0000	10.0000	0.923014100
200.0000	60.0000	10.0000	1.220617400
210.0000	60.0000	10.0000	1.220027000
220.0000	60.0000	10.0000	1.779711500
230.0000	60.0000	10.0000	0.789139750
240.0000	60.0000	10.0000	0.225312900
250.0000	60.0000	10.0000	0.344671670
260.0000	60.0000	10.0000	0.362606170
270.0000	60.0000	10.0000	0.474280200
280.0000	60.0000	10.0000	0.716984000
290.0000	60.0000	10.0000	0.407834050
300.0000	60.0000	10.0000	0.341848900
310.0000	60.0000	10.0000	0.218315200
320.0000	60.0000	10.0000	0.613036040
330.0000	60.0000	10.0000	1.993664100
340.0000	60.0000	10.0000	2.525015800
350.0000	60.0000	10.0000	2.951658200
360.0000	60.0000	10.0000	1.000000000
0.0000	70.0000	10.0000	0.311966700
10.0000	70.0000	10.0000	0.449963720
20.0000	70.0000	10.0000	0.661352160
30.0000	70.0000	10.0000	0.622063640
40.0000	70.0000	10.0000	0.644294000
50.0000	70.0000	10.0000	0.478153800
60.0000	70.0000	10.0000	0.252445880
70.0000	70.0000	10.0000	0.414333640
80.0000	70.0000	10.0000	0.290107160
90.0000	70.0000	10.0000	0.199897930
100.0000	70.0000	10.0000	0.255594130
110.0000	70.0000	10.0000	0.365348820
120.0000	70.0000	10.0000	0.880621000
130.0000	70.0000	10.0000	0.826195800
140.0000	70.0000	10.0000	1.044659000
150.0000	70.0000	10.0000	1.582501900
160.0000	70.0000	10.0000	0.822032900
170.0000	70.0000	10.0000	0.153795060
180.0000	70.0000	10.0000	0.146465990
190.0000	70.0000	10.0000	0.527598400
200.0000	70.0000	10.0000	0.872398600
210.0000	70.0000	10.0000	1.303257700
220.0000	70.0000	10.0000	3.339014300
230.0000	70.0000	10.0000	1.344317800
240.0000	70.0000	10.0000	0.157730940
250.0000	70.0000	10.0000	0.241189600
260.0000	70.0000	10.0000	0.277065750
270.0000	70.0000	10.0000	0.212292130
280.0000	70.0000	10.0000	0.250865600
290.0000	70.0000	10.0000	0.454622270
300.0000	70.0000	10.0000	0.919200960
310.0000	70.0000	10.0000	0.386660700
320.0000	70.0000	10.0000	0.596438800
330.0000	70.0000	10.0000	1.960929500
340.0000	70.0000	10.0000	1.368815100
350.0000	70.0000	10.0000	0.524618400
360.0000	70.0000	10.0000	1.000000000
0.0000	80.0000	10.0000	0.099452235
10.0000	80.0000	10.0000	0.142062530
20.0000	80.0000	10.0000	0.545259400
30.0000	80.0000	10.0000	0.999683500
40.0000	80.0000	10.0000	1.763703000
50.0000	80.0000	10.0000	2.025758300
60.0000	80.0000	10.0000	0.955389740
70.0000	80.0000	10.0000	0.554246900
80.0000	80.0000	10.0000	0.230214300
90.0000	80.0000	10.0000	0.172717350
100.0000	80.0000	10.0000	0.417844150
110.0000	80.0000	10.0000	1.322485000
120.0000	80.0000	10.0000	1.548770300
130.0000	80.0000	10.0000	1.506801500
140.0000	80.0000	10.0000	2.226864300
150.0000	80.0000	10.0000	2.207253000
160.0000	80.0000	10.0000	1.002309600
170.0000	80.0000	10.0000	0.180639180
180.0000	80.0000	10.0000	0.120438910
190.0000	80.0000	10.0000	0.259444650
200.0000	80.0000	10.0000	0.572552400
210.0000	80.0000	10.0000	1.367984700
220.0000	80.0000	10.0000	2.637413500
230.0000	80.0000	10.0000	2.401531000
240.0000	80.0000	10.0000	0.854043250
250.0000	80.0000	10.0000	0.469768260
260.0000	80.0000	10.0000	0.221784830
270.0000	80.0000	10.0000	0.157982130
280.0000	80.0000	10.0000	0.299800160
290.0000	80.0000	10.0000	1.019096600
300.0000	80.0000	10.0000	1.351341500
310.0000	80.0000	10.0000	0.468114530
320.0000	80.0000	10.0000	0.588213440
330.0000	80.0000	10.0000	1.802172300
340.0000	80.0000	10.0000	0.970430500
350.0000	80.0000	10.0000	0.237710970
360.0000	80.0000	10.0000	1.000000000
0.0000	90.0000	10.0000	0.108118590
10.0000	90.0000	10.0000	0.109606730
20.0000	90.0000	10.0000	0.551341400
30.0000	90.0000	10.0000	1.198224800
40.0000	90.0000	10.0000	2.328439200
50.0000	90.0000	10.0000	3.829512400
60.0000	90.0000	10.0000	2.706317700
70.0000	90.0000	10.0000	0.837047160
80.0000	90.0000	10.0000	0.319581630
90.0000	90.0000	10.0000	0.236053880
100.0000	90.0000	10.0000	0.773268700
110.0000	90.0000	10.0000	3.752144800
120.0000	90.0000	10.0000	2.276869500
130.0000	90.0000	10.0000	2.293969000
140.0000	90.0000	10.0000	3.663363200
150.0000	90.0000	10.0000	2.578425200
160.0000	90.0000	10.0000	0.777683900
170.0000	90.0000	10.0000	0.154498550
180.0000	90.0000	10.0000	0.136034370
190.0000	90.0000	10.0000	0.233404870
200.0000	90.0000	10.0000	0.559551060
210.0000	90.0000	10.0000	1.297491700
220.0000	90.0000	10.0000	1.804721200
230.0000	90.0000	10.0000	2.227795600
240.0000	90.0000	10.0000	2.548008000
250.0000	90.0000	10.0000	1.424985500
260.0000	90.0000	10.0000	0.351130250
270.0000	90.0000	10.0000	0.203702640
280.0000	90.0000	10.0000	0.611417300
290.0000	90.0000	10.0000	2.431069900
300.0000	90.0000	10.0000	1.476481200
310.0000	90.0000	10.0000	0.458579660
320.0000	90.0000	10.0000	0.640501800
330.0000	90.0000	10.0000	2.169333200
340.0000	90.0000	10.0000	0.826908100
350.0000	90.0000	10.0000	0.216084840
360.0000	90.0000	10.0000	1.000000000
0.0000	0.0000	20.0000	1.000000000
10.0000	0.0000	20.0000	1.000000000
20.0000	0.0000	20.0000	1.000000000
30.0000	0.0000	20.0000	1.000000000
40.0000	0.0000	20.0000	1.000000000
50.0000	0.0000	20.0000	1.000000000
60.0000	0.0000	20.0000	1.000000000
70.0000	0.0000	20.0000	1.000000000
80.0000	0.0000	20.0000	1.000000000
90.0000	0.0000	20.0000	1.000000000
100.0000	0.0000	20.0000	1.000000000
110.0000	0.0000	20.0000	1.000000000
120.0000	0.0000	20.0000	1.000000000
130.0000	0.0000	20.0000	1.000000000
140.0000	0.0000	20.0000	1.000000000
150.0000	0.0000	20.0000	1.000000000
160.0000	0.0000	20.0000	1.000000000
170.0000	0.0000	20.0000	1.000000000
180.0000	0.0000	20.0000	1.000000000
190.0000	0.0000	20.0000	1.000000000
200.0000	0.0000	20.0000	1.000000000
210.0000	0.0000	20.0000	1.000000000
220.0000	0.0000	20.0000	1.000000000
230.0000	0.0000	20.0000	1.000000000
240.0000	0.0000	20.0000	1.000000000
250.0000	0.0000	20.0000	1.000000000
260.0000	0.0000	20.0000	1.000000000
270.0000	0.0000	20.0000	1.000000000
280.0000	0.0000	20.0000	1.000000000
290.0000	0.0000	20.0000	1.000000000
300.0000	0.0000	20.0000	1.000000000
310.0000	0.0000	20.0000	1.000000000
320.0000	0.0000	20.0000	1.000000000
330.0000	0.0000	20.0000	1.000000000
340.0000	0.0000	20.0000	1.000000000
350.0000	0.0000	20.0000	1.000000000
360.0000	0.0000	20.0000	1.000000000
0.0000	10.0000	20.0000	2.423763300
10.0000	10.0000	20.0000	4.348056000
20.0000	10.0000	20.0000	3.815987300
30.0000	10.0000	20.0000	2.761408000
40.0000	10.0000	20.0000	1.404560200
50.0000	10.0000	20.0000	0.232934940
60.0000	10.0000	20.0000	0.049725976
70.0000	10.0000	20.0000	0.054204180
80.0000	10.0000	20.0000	0.032948297
90.0000	10.0000	20.0000	0.077359910
100.0000	10.0000	20.0000	0.680451630
110.0000	10.0000	20.0000	0.721323670
120.0000	10.0000	20.0000	0.657130400
130.0000	10.0000	20.0000	1.090994100
140.0000	10.0000	20.0000	0.693655250
150.0000	10.0000	20.0000	0.159733430
160.0000	10.0000	20.0000	0.454412670
170.0000	10.0000	20.0000	1.423898200
180.0000	10.0000	20.0000	2.678081800
190.0000	10.0000	20.0000	1.444031100
200.0000	10.0000	20.0000	0.681411270
210.0000	10.0000	20.0000	0.505348800
220.0000	10.0000	20.0000	1.213345400
230.0000	10.0000	20.0000	0.389661500
240.0000	10.0000	20.0000	0.039423250
250.0000	10.0000	20.0000	0.022483999
260.0000	10.0000	20.0000	0.022228085
270.0000	10.0000	20.0000	0.094952930
280.0000	10.0000	20.0000	0.708007500
290.0000	10.0000	20.0000	0.945446970
300.0000	10.0000	20.0000	1.878016600
310.0000	10.0000	20.0000	2.578652900
320.0000	10.0000	20.0000	0.417829500
330.0000	10.0000	20.0000	0.146922070
340.0000	10.0000	20.0000	0.503105460
350.0000	10.0000	20.0000	1.295694800
360.0000	10.0000	20.0000	1.000000000
0.0000	20.0000	20.0000	2.019539400
10.0000	20.0000	20.0000	3.340721800
20.0000	20.0000	20.0000	1.766261200
30.0000	20.0000	20.0000	1.419317700
40.0000	20.0000	20.0000	1.244639600
50.0000	20.0000	20.0000	0.625218500
60.0000	20.0000	20.0000	0.161259520
70.0000	20.0000	20.0000	0.123333655
80.0000	20.0000	20.0000	0.105098896
90.0000	20.0000	20.0000	0.117178924
100.0000	20.0000	20.0000	0.307632060
110.0000	20.0000	20.0000	0.380381730
120.0000	20.0000	20.0000	0.482996170
130.0000	20.0000	20.0000	0.670825840
140.0000	20.0000	20.0000	0.581742760
150.0000	20.0000	20.0000	0.265404400
160.0000	20.0000	20.0000	0.244333740
170.0000	20.0000	20.0000	0.627909660
180.0000	20.0000	20.0000	1.279767400
190.0000	20.0000	20.0000	1.097468400
200.0000	20.0000	20.0000	0.454625820
210.0000	20.0000	20.0000	0.367388670
220.0000	20.0000	20.0000	0.686441700
230.0000	20.0000	20.0000	0.579353870
240.0000	20.0000	20.0000	0.164855450
250.0000	20.0000	20.0000	0.148244050
260.0000	20.0000	20.0000	0.102192580
270.0000	20.0000	20.0000	0.076102525
280.0000	20.0000	20.0000	0.345651300
290.0000	20.0000	20.0000	2.906807200
300.0000	20.0000	20.0000	3.208869700
310.0000	20.0000	20.0000	1.098222600
320.0000	20.0000	20.0000	0.750036400
330.0000	20.0000	20.0000	0.259398940
340.0000	20.0000	20.0000	0.209182070
350.0000	20.0000	20.0000	0.423940300
360.0000	20.0000	20.0000	1.000000000
0.0000	30.0000	20.0000	1.358235000
10.0000	30.0000	20.0000	1.363323900
20.0000	30.0000	20.0000	0.539857100
30.0000	30.0000	20.0000	0.587174500
40.0000	30.0000	20.0000	0.567036870
50.0000	30.0000	20.0000	0.499595460
60.0000	30.0000	20.0000	0.484594430
70.0000	30.0000	20.0000	0.169263820
80.0000	30.0000	20.0000	0.168747040
90.0000	30.0000	20.0000	0.254691300
100.0000	30.0000	20.0000	0.401960730
110.0000	30.0000	20.0000	0.557776200
120.0000	30.0000	20.0000	0.689671200
130.0000	30.0000	20.0000	0.445805700
140.0000	30.0000	20.0000	0.548535050
150.0000	30.0000	20.0000	0.714934400
160.0000	30.0000	20.0000	0.572385850
170.0000	30.0000	20.0000	1.044693100
180.0000	30.0000	20.0000	2.202037300
190.0000	30.0000	20.0000	1.136303800
200.0000	30.0000	20.0000	0.284723250
210.0000	30.0000	20.0000	0.376881420
220.0000	30.0000	20.0000	0.467271920
230.0000	30.0000	20.0000	0.441616620
240.0000	30.0000	20.0000	0.516766900
250.0000	30.0000	20.0000	0.269192280
260.0000	30.0000	20.0000	0.186910450
270.0000	30.0000	20.0000	0.129174070
280.0000	30.0000	20.0000	0.522722100
290.0000	30.0000	20.0000	2.092475400
300.0000	30.0000	20.0000	1.549847200
310.0000	30.0000	20.0000	1.256413300
320.0000	30.0000	20.0000	1.484829500
330.0000	30.0000	20.0000	0.411941350
340.0000	30.0000	20.0000	0.089649476
350.0000	30.0000	20.0000	0.126745610
360.0000	30.0000	20.0000	1.000000000
0.0000	40.0000	20.0000	1.662289400
10.0000	40.0000	20.0000	1.068107600
20.0000	40.0000	20.0000	0.325184640
30.0000	40.0000	20.0000	0.286436920
40.0000	40.0000	20.0000	0.190785800
50.0000	40.0000	20.0000	0.484526220
60.0000	40.0000	20.0000	1.605043200
70.0000	40.0000	20.0000	0.771106900
80.0000	40.0000	20.0000	0.658492860
90.0000	40.0000	20.0000	1.373516100
100.0000	40.0000	20.0000	1.015423000
110.0000	40.0000	20.0000	0.456817120
120.0000	40.0000	20.0000	0.274485000
130.0000	40.0000	20.0000	0.342911660
140.0000	40.0000	20.0000	0.767853400
150.0000	40.0000	20.0000	1.154259800
160.0000	40.0000	20.0000	1.676189700
170.0000	40.0000	20.0000	1.871603700
180.0000	40.0000	20.0000	2.128017000
190.0000	40.0000	20.0000	0.935416760
200.0000	40.0000	20.0000	0.240508290
210.0000	40.0000	20.0000	0.267657400
220.0000	40.0000	20.0000	0.375540760
230.0000	40.0000	20.0000	0.458817360
240.0000	40.0000	20.0000	0.573781130
250.0000	40.0000	20.0000	0.508354700
260.0000	40.0000	20.0000	0.503388760
270.0000	40.0000	20.0000	1.135976300
280.0000	40.0000	20.0000	1.748916600
290.0000	40.0000	20.0000	1.041266700
300.0000	40.0000	20.0000	0.612722300
310.0000	40.0000	20.0000	0.846200050
320.0000	40.0000	20.0000	1.016817600
330.0000	40.0000	20.0000	0.593387400
340.0000	40.0000	20.0000	0.350153630
350.0000	40.0000	20.0000	0.373732630
360.0000	40.0000	20.0000	1.000000000
0.0000	50.0000	20.0000	1.961910100
10.0000	50.0000	20.0000	0.924020350
20.0000	50.0000	20.0000	0.220249700
30.0000	50.0000	20.0000	0.263658000
40.0000	50.0000	20.0000	0.333160340
50.0000	50.0000	20.0000	0.662614000
60.0000	50.0000	20.0000	1.167310100
70.0000	50.0000	20.0000	0.683438540
80.0000	50.0000	20.0000	0.662349800
90.0000	50.0000	20.0000	1.080712000
100.0000	50.0000	20.0000	0.688134400
110.0000	50.0000	20.0000	0.243336410
120.0000	50.0000	20.0000	0.132452260
130.0000	50.0000	20.0000	0.271861460
140.0000	50.0000	20.0000	1.280873700
150.0000	50.0000	20.0000	1.261520300
160.0000	50.0000	20.0000	0.922032500
170.0000	50.0000	20.0000	0.692367550
180.0000	50.0000	20.0000	0.970669000
190.0000	50.0000	20.0000	0.763697560
200.0000	50.0000	20.0000	0.213419510
210.0000	50.0000	20.0000	0.211987470
220.0000	50.0000	20.0000	0.679186640
230.0000	50.0000	20.0000	1.082873300
240.0000	50.0000	20.0000	0.909759000
250.0000	50.0000	20.0000	0.588705000
260.0000	50.0000	20.0000	0.513266900
270.0000	50.0000	20.0000	1.280830900
280.0000	50.0000	20.0000	2.277889300
290.0000	50.0000	20.0000	0.739724300
300.0000	50.0000	20.0000	0.202026380
310.0000	50.0000	20.0000	0.255136800
320.0000	50.0000	20.0000	0.924160100
330.0000	50.0000	20.0000	1.249831800
340.0000	50.0000	20.0000	1.581596300
350.0000	50.0000	20.0000	2.030853500
360.0000	50.0000	20.0000	1.000000000
0.0000	60.0000	20.0000	1.230869800
10.0000	60.0000	20.0000	0.854518300
20.0000	60.0000	20.0000	0.349963040
30.0000	60.0000	20.0000	0.368940260
40.0000	60.0000	20.0000	0.455242160
50.0000	60.0000	20.0000	0.477551200
60.0000	60.0000	20.0000	0.382938150
70.0000	60.0000	20.0000	0.287342550
80.0000	60.0000	20.0000	0.214972510
90.0000	60.0000	20.0000	0.392736700
100.0000	60.0000	20.0000	0.291179960
110.0000	60.0000	20.0000	0.538150900
120.0000	60.0000	20.0000	0.492659270
130.0000	60.0000	20.0000	0.447665480
140.0000	60.0000	20.0000	1.353216300
150.0000	60.0000	20.0000	1.401060600
160.0000	60.0000	20.0000	0.439511300
170.0000	60.0000	20.0000	0.221248970
180.0000	60.0000	20.0000	0.287509350
190.0000	60.0000	20.0000	0.538081050
200.0000	60.0000	20.0000	0.400774300
210.0000	60.0000	20.0000	0.421186860
220.0000	60.0000	20.0000	0.999986000
230.0000	60.0000	20.0000	1.118852900
240.0000	60.0000	20.0000	0.531987800
250.0000	60.0000	20.0000	0.381492100
260.0000	60.0000	20.0000	0.202887670
270.0000	60.0000	20.0000	0.361552060
280.0000	60.0000	20.0000	0.806012000
290.0000	60.0000	20.0000	0.871467650
300.0000	60.0000	20.0000	0.582221750
310.0000	60.0000	20.0000	0.598556940
320.0000	60.0000	20.0000	1.711321100
330.0000	60.0000	20.0000	1.993030200
340.0000	60.0000	20.0000	1.776237700
350.0000	60.0000	20.0000	1.902010900
360.0000	60.0000	20.0000	1.000000000
0.0000	70.0000	20.0000	0.316375400
10.0000	70.0000	20.0000	0.439536570
20.0000	70.0000	20.0000	0.359356730
30.0000	70.0000	20.0000	0.330499650
40.0000	70.0000	20.0000	0.789975900
50.0000	70.0000	20.0000	0.503166700
60.0000	70.0000	20.0000	0.406994300
70.0000	70.0000	20.0000	0.594608000
80.0000	70.0000	20.0000	0.152036730
90.0000	70.0000	20.0000	0.136404660
100.0000	70.0000	20.0000	0.224841000
110.0000	70.0000	20.0000	0.622027460
120.0000	70.0000	20.0000	0.810644870
130.0000	70.0000	20.0000	0.577479800
140.0000	70.0000	20.0000	1.093615200
150.0000	70.0000	20.0000	1.620942700
160.0000	70.0000	20.0000	0.339790250
170.0000	70.0000	20.0000	0.090344400
180.0000	70.0000	20.0000	0.148390140
190.0000	70.0000	20.0000	0.392691500
200.0000	70.0000	20.0000	0.322224350
210.0000	70.0000	20.0000	0.441749160
220.0000	70.0000	20.0000	1.097114600
230.0000	70.0000	20.0000	0.701844200
240.0000	70.0000	20.0000	0.233787600
250.0000	70.0000	20.0000	0.350046600
260.0000	70.0000	20.0000	0.154687990
270.0000	70.0000	20.0000	0.176226720
280.0000	70.0000	20.0000	0.458038660
290.0000	70.0000	20.0000	1.083876600
300.0000	70.0000	20.0000	1.292984700
310.0000	70.0000	20.0000	0.664226500
320.0000	70.0000	20.0000	1.164886100
330.0000	70.0000	20.0000	1.906718100
340.0000	70.0000	20.0000	0.738417000
350.0000	70.0000	20.0000	0.429150600
360.0000	70.0000	20.0000	1.000000000
0.0000	80.0000	20.0000	0.171068040
10.0000	80.0000	20.0000	0.180821550
20.0000	80.0000	20.0000	0.185777370
30.0000	80.0000	20.0000	0.416491400
40.0000	80.0000	20.0000	2.701284000
50.0000	80.0000	20.0000	1.838186000
60.0000	80.0000	20.0000	0.848303560
70.0000	80.0000	20.0000	0.953585200
80.0000	80.0000	20.0000	0.201600150
90.0000	80.0000	20.0000	0.134580600
100.0000	80.0000	20.0000	0.380979120
110.0000	80.0000	20.0000	1.368415800
120.0000	80.0000	20.0000	1.286693300
130.0000	80.0000	20.0000	0.810268800
140.0000	80.0000	20.0000	1.106656600
150.0000	80.0000	20.0000	1.415391700
160.0000	80.0000	20.0000	0.384612600
170.0000	80.0000	20.0000	0.113886030
180.0000	80.0000	20.0000	0.123306240
190.0000	80.0000	20.0000	0.244383380
200.0000	80.0000	20.0000	0.221185540
210.0000	80.0000	20.0000	0.388195700
220.0000	80.0000	20.0000	0.841924200
230.0000	80.0000	20.0000	0.909813340
240.0000	80.0000	20.0000	0.558479900
250.0000	80.0000	20.0000	0.654755830
260.0000	80.0000	20.0000	0.255991070
270.0000	80.0000	20.0000	0.187889920
280.0000	80.0000	20.0000	0.479780260
290.0000	80.0000	20.0000	1.591421100
300.0000	80.0000	20.0000	1.315422700
310.0000	80.0000	20.0000	0.298369650
320.0000	80.0000	20.0000	0.390744120
330.0000	80.0000	20.0000	1.345053900
340.0000	80.0000	20.0000	0.398644980
350.0000	80.0000	20.0000	0.224381670
360.0000	80.0000	20.0000	1.000000000
0.0000	90.0000	20.0000	0.202430830
10.0000	90.0000	20.0000	0.148058040
20.0000	90.0000	20.0000	0.211677280
30.0000	90.0000	20.0000	0.595814500
40.0000	90.0000	20.0000	3.652724500
50.0000	90.0000	20.0000	3.657735300
60.0000	90.0000	20.0000	1.736380600
70.0000	90.0000	20.0000	1.262945700
80.0000	90.0000	20.0000	0.291107860
90.0000	90.0000	20.0000	0.238892810
100.0000	90.0000	20.0000	0.952255500
110.0000	90.0000	20.0000	3.422535200
120.0000	90.0000	20.0000	2.061836700
130.0000	90.0000	20.0000	1.238140500
140.0000	90.0000	20.0000	1.296665400
150.0000	90.0000	20.0000	0.861252370
160.0000	90.0000	20.0000	0.287024600
170.0000	90.0000	20.0000	0.129510490
180.0000	90.0000	20.0000	0.138127330
190.0000	90.0000	20.0000	0.242971840
200.0000	90.0000	20.0000	0.276063700
210.0000	90.0000	20.0000	0.456733100
220.0000	90.0000	20.0000	0.535842840
230.0000	90.0000	20.0000	0.691250560
240.0000	90.0000	20.0000	1.138141200
250.0000	90.0000	20.0000	1.371589400
260.0000	90.0000	20.0000	0.472768750
270.0000	90.0000	20.0000	0.309104170
280.0000	90.0000	20.0000	0.783876300
290.0000	90.0000	20.0000	2.074218000
300.0000	90.0000	20.0000	1.219149000
310.0000	90.0000	20.0000	0.215862480
320.0000	90.0000	20.0000	0.289061000
330.0000	90.0000	20.0000	1.241142500
340.0000	90.0000	20.0000	0.308867720
350.0000	90.0000	20.0000	0.189279020
360.0000	90.0000	20.0000	1.000000000
0.0000	0.0000	30.0000	1.000000000
10.0000	0.0000	30.0000	1.000000000
20.0000	0.0000	30.0000	1.000000000
30.0000	0.0000	30.0000	1.000000000
40.0000	0.0000	30.0000	1.000000000
50.0000	0.0000	30.0000	1.000000000
60.0000	0.0000	30.0000	1.000000000
70.0000	0.0000	30.0000	1.000000000
80.0000	0.0000	30.0000	1.000000000
90.0000	0.0000	30.0000	1.000000000
100.0000	0.0000	30.0000	1.000000000
110.0000	0.0000	30.0000	1.000000000
120.0000	0.0000	30.0000	1.000000000
130.0000	0.0000	30.0000	1.000000000
140.0000	0.0000	30.0000	1.000000000
150.0000	0.0000	30.0000	1.000000000
160.0000	0.0000	30.0000	1.000000000
170.0000	0.0000	30.0000	1.000000000
180.0000	0.0000	30.0000	1.000000000
190.0000	0.0000	30.0000	1.000000000
200.0000	0.0000	30.0000	1.000000000
210.0000	0.0000	30.0000	1.000000000
220.0000	0.0000	30.0000	1.000000000
230.0000	0.0000	30.0000	1.000000000
240.0000	0.0000	30.0000	1.000000000
250.0000	0.0000	30.0000	1.000000000
260.0000	0.0000	30.0000	1.000000000
270.0000	0.0000	30.0000	1.000000000
280.0000	0.0000	30.0000	1.000000000
290.0000	0.0000	30.0000	1.000000000
300.0000	0.0000	30.0000	1.000000000
310.0000	0.0000	30.0000	1.000000000
320.0000	0.0000	30.0000	1.000000000
330.0000	0.0000	30.0000	1.000000000
340.0000	0.0000	30.0000	1.000000000
350.0000	0.0000	30.0000	1.000000000
360.0000	0.0000	30.0000	1.000000000
0.0000	10.0000	30.0000	0.660599650
10.0000	10.0000	30.0000	2.586938100
20.0000	10.0000	30.0000	3.691310400
30.0000	10.0000	30.0000	1.407599300
40.0000	10.0000	30.0000	0.491832400
50.0000	10.0000	30.0000	0.102873080
60.0000	10.0000	30.0000	0.093230910
70.0000	10.0000	30.0000	0.138806280
80.0000	10.0000	30.0000	0.172363490
90.0000	10.0000	30.0000	0.995250500
100.0000	10.0000	30.0000	3.678876600
110.0000	10.0000	30.0000	1.869443700
120.0000	10.0000	30.0000	1.212637200
130.0000	10.0000	30.0000	0.627474500
140.0000	10.0000	30.0000	0.219532890
150.0000	10.0000	30.0000	0.102338430
160.0000	10.0000	30.0000	0.590517160
170.0000	10.0000	30.0000	3.036336000
180.0000	10.0000	30.0000	0.421725540
190.0000	10.0000	30.0000	0.541246530
200.0000	10.0000	30.0000	0.674505230
210.0000	10.0000	30.0000	1.060306800
220.0000	10.0000	30.0000	1.043209700
230.0000	10.0000	30.0000	0.091161550
240.0000	10.0000	30.0000	0.052610200
250.0000	10.0000	30.0000	0.058427513
260.0000	10.0000	30.0000	0.089821510
270.0000	10.0000	30.0000	0.550341200
280.0000	10.0000	30.0000	1.503326400
290.0000	10.0000	30.0000	1.539898300
300.0000	10.0000	30.0000	1.970938400
310.0000	10.0000	30.0000	0.623550000
320.0000	10.0000	30.0000	0.185688660
330.0000	10.0000	30.0000	0.123329155
340.0000	10.0000	30.0000	0.604721670
350.0000	10.0000	30.0000	2.467405800
360.0000	10.0000	30.0000	1.000000000
0.0000	20.0000	30.0000	1.445451700
10.0000	20.0000	30.0000	1.607480400
20.0000	20.0000	30.0000	1.415484900
30.0000	20.0000	30.0000	1.498664300
40.0000	20.0000	30.0000	0.570695340
50.0000	20.0000	30.0000	0.216450840
60.0000	20.0000	30.0000	0.126663910
70.0000	20.0000	30.0000	0.225217420
80.0000	20.0000	30.0000	0.325727880
90.0000	20.0000	30.0000	0.312181920
100.0000	20.0000	30.0000	0.409704300
110.0000	20.0000	30.0000	0.544036400
120.0000	20.0000	30.0000	0.653685400
130.0000	20.0000	30.0000	0.456677320
140.0000	20.0000	30.0000	0.265692140
150.0000	20.0000	30.0000	0.102887260
160.0000	20.0000	30.0000	0.243918610
170.0000	20.0000	30.0000	1.245202300
180.0000	20.0000	30.0000	0.788279830
190.0000	20.0000	30.0000	0.392589240
200.0000	20.0000	30.0000	0.398661380
210.0000	20.0000	30.0000	0.930012300
220.0000	20.0000	30.0000	0.594001200
230.0000	20.0000	30.0000	0.288027320
240.0000	20.0000	30.0000	0.193519950
250.0000	20.0000	30.0000	0.240262150
260.0000	20.0000	30.0000	0.206392930
270.0000	20.0000	30.0000	0.128193130
280.0000	20.0000	30.0000	0.305732070
290.0000	20.0000	30.0000	1.411159300
300.0000	20.0000	30.0000	1.396904800
310.0000	20.0000	30.0000	0.454067950
320.0000	20.0000	30.0000	0.283598700
330.0000	20.0000	30.0000	0.082154796
340.0000	20.0000	30.0000	0.154719460
350.0000	20.0000	30.0000	0.836198400
360.0000	20.0000	30.0000	1.000000000
0.0000	30.0000	30.0000	1.212704300
10.0000	30.0000	30.0000	0.919385000
20.0000	30.0000	30.0000	0.715403560
30.0000	30.0000	30.0000	0.906535200
40.0000	30.0000	30.0000	0.436613830
50.0000	30.0000	30.0000	0.214356170
60.0000	30.0000	30.0000	0.234176600
70.0000	30.0000	30.0000	0.291282620
80.0000	30.0000	30.0000	0.331017230
90.0000	30.0000	30.0000	0.298331770
100.0000	30.0000	30.0000	0.242124470
110.0000	30.0000	30.0000	0.362376540
120.0000	30.0000	30.0000	0.363242240
130.0000	30.0000	30.0000	0.293186220
140.0000	30.0000	30.0000	0.391591880
150.0000	30.0000	30.0000	0.365900430
160.0000	30.0000	30.0000	0.546362040
170.0000	30.0000	30.0000	1.451450200
180.0000	30.0000	30.0000	1.535574700
190.0000	30.0000	30.0000	0.585348300
200.0000	30.0000	30.0000	0.363060800
210.0000	30.0000	30.0000	0.919712960
220.0000	30.0000	30.0000	0.739071800
230.0000	30.0000	30.0000	0.438929980
240.0000	30.0000	30.0000	0.351177130
250.0000	30.0000	30.0000	0.281359260
260.0000	30.0000	30.0000	0.308213600
270.0000	30.0000	30.0000	0.155086490
280.0000	30.0000	30.0000	0.468105800
290.0000	30.0000	30.0000	1.722868400
300.0000	30.0000	30.0000	1.101692400
310.0000	30.0000	30.0000	0.607389500
320.0000	30.0000	30.0000	0.322635140
330.0000	30.0000	30.0000	0.078389370
340.0000	30.0000	30.0000	0.102004230
350.0000	30.0000	30.0000	0.478768970
360.0000	30.0000	30.0000	1.000000000
0.0000	40.0000	30.0000	1.474125100
10.0000	40.0000	30.0000	0.856357700
20.0000	40.0000	30.0000	0.403884900
30.0000	40.0000	30.0000	0.465344340
40.0000	40.0000	30.0000	0.332021920
50.0000	40.0000	30.0000	0.434414860
60.0000	40.0000	30.0000	0.445258320
70.0000	40.0000	30.0000	0.611210000
80.0000	40.0000	30.0000	0.951351200
90.0000	40.0000	30.0000	0.797382350
100.0000	40.0000	30.0000	0.313722500
110.0000	40.0000	30.0000	0.249454890
120.0000	40.0000	30.0000	0.156366100
130.0000	40.0000	30.0000	0.330948920
140.0000	40.0000	30.0000	0.819975700
150.0000	40.0000	30.0000	0.873139440
160.0000	40.0000	30.0000	1.478400500
170.0000	40.0000	30.0000	1.301362600
180.0000	40.0000	30.0000	1.493085700
190.0000	40.0000	30.0000	0.631472470
200.0000	40.0000	30.0000	0.286351530
210.0000	40.0000	30.0000	0.883853440
220.0000	40.0000	30.0000	1.315673800
230.0000	40.0000	30.0000	0.692268000
240.0000	40.0000	30.0000	0.394192760
250.0000	40.0000	30.0000	0.352582480
260.0000	40.0000	30.0000	0.697277900
270.0000	40.0000	30.0000	1.308554500
280.0000	40.0000	30.0000	1.241298400
290.0000	40.0000	30.0000	0.529231000
300.0000	40.0000	30.0000	0.296104370
310.0000	40.0000	30.0000	0.432429940
320.0000	40.0000	30.0000	0.584396840
330.0000	40.0000	30.0000	0.423248770
340.0000	40.0000	30.0000	0.579036500
350.0000	40.0000	30.0000	1.079833300
360.0000	40.0000	30.0000	1.000000000
0.0000	50.0000	30.0000	1.634606000
10.0000	50.0000	30.0000	0.709702100
20.0000	50.0000	30.0000	0.166107860
30.0000	50.0000	30.0000	0.206542390
40.0000	50.0000	30.0000	0.468747900
50.0000	50.0000	30.0000	0.853966650
60.0000	50.0000	30.0000	0.539357660
70.0000	50.0000	30.0000	0.487136800
80.0000	50.0000	30.0000	0.866951600
90.0000	50.0000	30.0000	0.994753300
100.0000	50.0000	30.0000	0.511667550
110.0000	50.0000	30.0000	0.304519600
120.0000	50.0000	30.0000	0.226692040
130.0000	50.0000	30.0000	0.588674200
140.0000	50.0000	30.0000	1.704679000
150.0000	50.0000	30.0000	1.094497800
160.0000	50.0000	30.0000	0.965658900
170.0000	50.0000	30.0000	0.851780950
180.0000	50.0000	30.0000	1.007885100
190.0000	50.0000	30.0000	0.452517120
200.0000	50.0000	30.0000	0.158312780
210.0000	50.0000	30.0000	0.515787100
220.0000	50.0000	30.0000	1.796836500
230.0000	50.0000	30.0000	0.806853100
240.0000	50.0000	30.0000	0.606437560
250.0000	50.0000	30.0000	0.508283400
260.0000	50.0000	30.0000	0.666756700
270.0000	50.0000	30.0000	2.575325000
280.0000	50.0000	30.0000	3.026596000
290.0000	50.0000	30.0000	0.297279480
300.0000	50.0000	30.0000	0.177709790
310.0000	50.0000	30.0000	0.430705760
320.0000	50.0000	30.0000	1.064755100
330.0000	50.0000	30.0000	0.870579200
340.0000	50.0000	30.0000	1.412552800
350.0000	50.0000	30.0000	1.575967600
360.0000	50.0000	30.0000	1.000000000
0.0000	60.0000	30.0000	1.215763400
10.0000	60.0000	30.0000	0.568097600
20.0000	60.0000	30.0000	0.139246880
30.0000	60.0000	30.0000	0.273510800
40.0000	60.0000	30.0000	0.570325800
50.0000	60.0000	30.0000	0.483728800
60.0000	60.0000	30.0000	0.352742430
70.0000	60.0000	30.0000	0.263045070
80.0000	60.0000	30.0000	0.329622980
90.0000	60.0000	30.0000	0.856236400
100.0000	60.0000	30.0000	0.741447100
110.0000	60.0000	30.0000	1.196678600
120.0000	60.0000	30.0000	0.640097560
130.0000	60.0000	30.0000	0.686029000
140.0000	60.0000	30.0000	2.263321400
150.0000	60.0000	30.0000	1.714857300
160.0000	60.0000	30.0000	0.796831970
170.0000	60.0000	30.0000	0.802216230
180.0000	60.0000	30.0000	0.527673800
190.0000	60.0000	30.0000	0.339468900
200.0000	60.0000	30.0000	0.237925410
210.0000	60.0000	30.0000	0.401316820
220.0000	60.0000	30.0000	0.707909200
230.0000	60.0000	30.0000	0.552617550
240.0000	60.0000	30.0000	0.469145720
250.0000	60.0000	30.0000	0.457078300
260.0000	60.0000	30.0000	0.312343800
270.0000	60.0000	30.0000	1.302847600
280.0000	60.0000	30.0000	2.330031900
290.0000	60.0000	30.0000	0.978896440
300.0000	60.0000	30.0000	0.493163100
310.0000	60.0000	30.0000	0.680642370
320.0000	60.0000	30.0000	1.682295700
330.0000	60.0000	30.0000	1.726076500
340.0000	60.0000	30.0000	2.245849600
350.0000	60.0000	30.0000	1.767903300
360.0000	60.0000	30.0000	1.000000000
0.0000	70.0000	30.0000	0.449229870
10.0000	70.0000	30.0000	0.317974600
20.0000	70.0000	30.0000	0.270868100
30.0000	70.0000	30.0000	0.513982100
40.0000	70.0000	30.0000	0.820021300
50.0000	70.0000	30.0000	0.621601400
60.0000	70.0000	30.0000	0.526522600
70.0000	70.0000	30.0000	0.423698800
80.0000	70.0000	30.0000	0.175309600
90.0000	70.0000	30.0000	0.198404200
100.0000	70.0000	30.0000	0.430804880
110.0000	70.0000	30.0000	1.747168100
120.0000	70.0000	30.0000	1.154813300
130.0000	70.0000	30.0000	0.582585450
140.0000	70.0000	30.0000	1.041801100
150.0000	70.0000	30.0000	1.189441900
160.0000	70.0000	30.0000	0.459138300
170.0000	70.0000	30.0000	0.358953030
180.0000	70.0000	30.0000	0.283517120
190.0000	70.0000	30.0000	0.358552340
200.0000	70.0000	30.0000	0.406724100
210.0000	70.0000	30.0000	0.337708400
220.0000	70.0000	30.0000	0.429317830
230.0000	70.0000	30.0000	0.442283240
240.0000	70.0000	30.0000	0.235627680
250.0000	70.0000	30.0000	0.403706460
260.0000	70.0000	30.0000	0.299210640
270.0000	70.0000	30.0000	0.635713640
280.0000	70.0000	30.0000	1.483391600
290.0000	70.0000	30.0000	1.789593300
300.0000	70.0000	30.0000	1.030136600
310.0000	70.0000	30.0000	0.563262500
320.0000	70.0000	30.0000	0.913238170
330.0000	70.0000	30.0000	1.761140100
340.0000	70.0000	30.0000	1.213065500
350.0000	70.0000	30.0000	1.393631100
360.0000	70.0000	30.0000	1.000000000
0.0000	80.0000	30.0000	0.284035180
10.0000	80.0000	30.0000	0.208381200
20.0000	80.0000	30.0000	0.257826150
30.0000	80.0000	30.0000	0.416849640
40.0000	80.0000	30.0000	1.181973900
50.0000	80.0000	30.0000	1.146187200
60.0000	80.0000	30.0000	1.085243500
70.0000	80.0000	30.0000	1.585355500
80.0000	80.0000	30.0000	0.299061480
90.0000	80.0000	30.0000	0.192413760
100.0000	80.0000	30.0000	0.631620900
110.0000	80.0000	30.0000	1.985005400
120.0000	80.0000	30.0000	1.207293300
130.0000	80.0000	30.0000	0.413607720
140.0000	80.0000	30.0000	0.465710900
150.0000	80.0000	30.0000	0.470331460
160.0000	80.0000	30.0000	0.339717750
170.0000	80.0000	30.0000	0.243570600
180.0000	80.0000	30.0000	0.222300750
190.0000	80.0000	30.0000	0.470579270
200.0000	80.0000	30.0000	0.530141900
210.0000	80.0000	30.0000	0.297667740
220.0000	80.0000	30.0000	0.411128880
230.0000	80.0000	30.0000	0.802170500
240.0000	80.0000	30.0000	0.584459900
250.0000	80.0000	30.0000	0.958993700
260.0000	80.0000	30.0000	0.704574640
270.0000	80.0000	30.0000	0.864077570
280.0000	80.0000	30.0000	1.689977300
290.0000	80.0000	30.0000	2.501085800
300.0000	80.0000	30.0000	1.035279900
310.0000	80.0000	30.0000	0.293680700
320.0000	80.0000	30.0000	0.341325160
330.0000	80.0000	30.0000	0.537223900
340.0000	80.0000	30.0000	0.431568200
350.0000	80.0000	30.0000	0.821525400
360.0000	80.0000	30.0000	1.000000000
0.0000	90.0000	30.0000	0.275276500
10.0000	90.0000	30.0000	0.203000770
20.0000	90.0000	30.0000	0.221538620
30.0000	90.0000	30.0000	0.320744720
40.0000	90.0000	30.0000	0.899868800
50.0000	90.0000	30.0000	1.053759800
60.0000	90.0000	30.0000	1.230723500
70.0000	90.0000	30.0000	2.400839800
80.0000	90.0000	30.0000	0.561927800
90.0000	90.0000	30.0000	0.415527250
100.0000	90.0000	30.0000	1.636359100
110.0000	90.0000	30.0000	3.444700500
120.0000	90.0000	30.0000	1.481017000
130.0000	90.0000	30.0000	0.623269100
140.0000	90.0000	30.0000	0.391445400
150.0000	90.0000	30.0000	0.257636370
160.0000	90.0000	30.0000	0.273782300
170.0000	90.0000	30.0000	0.212597650
180.0000	90.0000	30.0000	0.218507690
190.0000	90.0000	30.0000	0.600057500
200.0000	90.0000	30.0000	0.704773200
210.0000	90.0000	30.0000	0.317708250
220.0000	90.0000	30.0000	0.377234370
230.0000	90.0000	30.0000	1.086750300
240.0000	90.0000	30.0000	1.483982100
250.0000	90.0000	30.0000	2.692523700
260.0000	90.0000	30.0000	1.446852600
270.0000	90.0000	30.0000	1.274744900
280.0000	90.0000	30.0000	2.055935600
290.0000	90.0000	30.0000	2.370983800
300.0000	90.0000	30.0000	0.763768850
310.0000	90.0000	30.0000	0.230205010
320.0000	90.0000	30.0000	0.182534750
330.0000	90.0000	30.0000	0.310178070
340.0000	90.0000	30.0000	0.296428600
350.0000	90.0000	30.0000	0.588716270
360.0000	90.0000	30.0000	1.000000000
0.0000	0.0000	40.0000	1.000000000
10.0000	0.0000	40.0000	1.000000000
20.0000	0.0000	40.0000	1.000000000
30.0000	0.0000	40.0000	1.000000000
40.0000	0.0000	40.0000	1.000000000
50.0000	0.0000	40.0000	1.000000000
60.0000	0.0000	40.0000	1.000000000
70.0000	0.0000	40.0000	1.000000000
80.0000	0.0000	40.0000	1.000000000
90.0000	0.0000	40.0000	1.000000000
100.0000	0.0000	40.0000	1.000000000
110.0000	0.0000	40.0000	1.000000000
120.0000	0.0000	40.0000	1.000000000
130.0000	0.0000	40.0000	1.000000000
140.0000	0.0000	40.0000	1.000000000
150.0000	0.0000	40.0000	1.000000000
160.0000	0.0000	40.0000	1.000000000
170.0000	0.0000	40.0000	1.000000000
180.0000	0.0000	40.0000	1.000000000
190.0000	0.0000	40.0000	1.000000000
200.0000	0.0000	40.0000	1.000000000
210.0000	0.0000	40.0000	1.000000000
220.0000	0.0000	40.0000	1.000000000
230.0000	0.0000	40.0000	1.000000000
240.0000	0.0000	40.0000	1.000000000
250.0000	0.0000	40.0000	1.000000000
260.0000	0.0000	40.0000	1.000000000
270.0000	0.0000	40.0000	1.000000000
280.0000	0.0000	40.0000	1.000000000
290.0000	0.0000	40.0000	1.000000000
300.0000	0.0000	40.0000	1.000000000
310.0000	0.0000	40.0000	1.000000000
320.0000	0.0000	40.0000	1.000000000
330.0000	0.0000	40.0000	1.000000000
340.0000	0.0000	40.0000	1.000000000
350.0000	0.0000	40.0000	1.000000000
360.0000	0.0000	40.0000	1.000000000
0.0000	10.0000	40.0000	0.623524840
10.0000	10.0000	40.0000	2.368769600
20.0000	10.0000	40.0000	3.365167400
30.0000	10.0000	40.0000	0.291105300
40.0000	10.0000	40.0000	0.087304150
50.0000	10.0000	40.0000	0.065557860
60.0000	10.0000	40.0000	0.149679480
70.0000	10.0000	40.0000	0.540664550
80.0000	10.0000	40.0000	1.527653800
90.0000	10.0000	40.0000	6.918541000
100.0000	10.0000	40.0000	11.969531000
110.0000	10.0000	40.0000	2.494395500
120.0000	10.0000	40.0000	0.693480000
130.0000	10.0000	40.0000	0.122923350
140.0000	10.0000	40.0000	0.066286810
150.0000	10.0000	40.0000	0.076026470
160.0000	10.0000	40.0000	1.602488300
170.0000	10.0000	40.0000	2.033985400
180.0000	10.0000	40.0000	0.206117170
190.0000	10.0000	40.0000	0.645291270
200.0000	10.0000	40.0000	1.345845600
210.0000	10.0000	40.0000	0.561954560
220.0000	10.0000	40.0000	0.078431730
230.0000	10.0000	40.0000	0.051181990
240.0000	10.0000	40.0000	0.096756674
250.0000	10.0000	40.0000	0.311047080
260.0000	10.0000	40.0000	1.502625200
270.0000	10.0000	40.0000	6.068948300
280.0000	10.0000	40.0000	8.512435000
290.0000	10.0000	40.0000	1.836809200
300.0000	10.0000	40.0000	0.761865740
310.0000	10.0000	40.0000	0.136120660
320.0000	10.0000	40.0000	0.077258560
330.0000	10.0000	40.0000	0.104395285
340.0000	10.0000	40.0000	1.556366100
350.0000	10.0000	40.0000	2.783432200
360.0000	10.0000	40.0000	1.000000000
0.0000	20.0000	40.0000	0.898527150
10.0000	20.0000	40.0000	1.282879400
20.0000	20.0000	40.0000	1.563815400
30.0000	20.0000	40.0000	0.458809670
40.0000	20.0000	40.0000	0.111709190
50.0000	20.0000	40.0000	0.136715840
60.0000	20.0000	40.0000	0.249633650
70.0000	20.0000	40.0000	0.304399940
80.0000	20.0000	40.0000	0.850928800
90.0000	20.0000	40.0000	4.343595000
100.0000	20.0000	40.0000	1.594046600
110.0000	20.0000	40.0000	0.401256440
120.0000	20.0000	40.0000	0.412107300
130.0000	20.0000	40.0000	0.174754990
140.0000	20.0000	40.0000	0.093876480
150.0000	20.0000	40.0000	0.173351850
160.0000	20.0000	40.0000	0.770298400
170.0000	20.0000	40.0000	1.190665000
180.0000	20.0000	40.0000	0.443234500
190.0000	20.0000	40.0000	0.494190700
200.0000	20.0000	40.0000	0.998122500
210.0000	20.0000	40.0000	0.643581100
220.0000	20.0000	40.0000	0.158202890
230.0000	20.0000	40.0000	0.217284870
240.0000	20.0000	40.0000	0.355582980
250.0000	20.0000	40.0000	0.284063820
260.0000	20.0000	40.0000	0.861120100
270.0000	20.0000	40.0000	3.293423700
280.0000	20.0000	40.0000	0.725167040
290.0000	20.0000	40.0000	0.367929940
300.0000	20.0000	40.0000	0.739631830
310.0000	20.0000	40.0000	0.200089720
320.0000	20.0000	40.0000	0.117729060
330.0000	20.0000	40.0000	0.174899600
340.0000	20.0000	40.0000	0.553458030
350.0000	20.0000	40.0000	1.371921100
360.0000	20.0000	40.0000	1.000000000
0.0000	30.0000	40.0000	0.853570800
10.0000	30.0000	40.0000	0.844313800
20.0000	30.0000	40.0000	1.713033700
30.0000	30.0000	40.0000	0.592630500
40.0000	30.0000	40.0000	0.203075040
50.0000	30.0000	40.0000	0.226225380
60.0000	30.0000	40.0000	0.238836740
70.0000	30.0000	40.0000	0.302336100
80.0000	30.0000	40.0000	0.450676680
90.0000	30.0000	40.0000	0.799034540
100.0000	30.0000	40.0000	0.685246700
110.0000	30.0000	40.0000	0.302592040
120.0000	30.0000	40.0000	0.327933760
130.0000	30.0000	40.0000	0.285253080
140.0000	30.0000	40.0000	0.286063970
150.0000	30.0000	40.0000	0.629992600
160.0000	30.0000	40.0000	0.884835360
170.0000	30.0000	40.0000	1.067075500
180.0000	30.0000	40.0000	1.000344400
190.0000	30.0000	40.0000	0.860226150
200.0000	30.0000	40.0000	1.124936900
210.0000	30.0000	40.0000	1.207987300
220.0000	30.0000	40.0000	0.652049500
230.0000	30.0000	40.0000	0.399085850
240.0000	30.0000	40.0000	0.242254150
250.0000	30.0000	40.0000	0.242167960
260.0000	30.0000	40.0000	0.370928820
270.0000	30.0000	40.0000	0.676068660
280.0000	30.0000	40.0000	0.482319030
290.0000	30.0000	40.0000	0.456856160
300.0000	30.0000	40.0000	0.656513100
310.0000	30.0000	40.0000	0.295668800
320.0000	30.0000	40.0000	0.219950720
330.0000	30.0000	40.0000	0.270897980
340.0000	30.0000	40.0000	0.603268000
350.0000	30.0000	40.0000	1.381189600
360.0000	30.0000	40.0000	1.000000000
0.0000	40.0000	40.0000	0.893873800
10.0000	40.0000	40.0000	0.907201950
20.0000	40.0000	40.0000	1.743017200
30.0000	40.0000	40.0000	1.024972900
40.0000	40.0000	40.0000	0.686489760
50.0000	40.0000	40.0000	0.462502240
60.0000	40.0000	40.0000	0.260145130
70.0000	40.0000	40.0000	0.383357760
80.0000	40.0000	40.0000	0.511715400
90.0000	40.0000	40.0000	0.608864070
100.0000	40.0000	40.0000	0.398606330
110.0000	40.0000	40.0000	0.216379310
120.0000	40.0000	40.0000	0.243395750
130.0000	40.0000	40.0000	0.557732160
140.0000	40.0000	40.0000	0.851738900
150.0000	40.0000	40.0000	1.626013400
160.0000	40.0000	40.0000	1.719855200
170.0000	40.0000	40.0000	0.760648800
180.0000	40.0000	40.0000	0.898401300
190.0000	40.0000	40.0000	0.815185300
200.0000	40.0000	40.0000	1.007829900
210.0000	40.0000	40.0000	3.012078800
220.0000	40.0000	40.0000	2.661392700
230.0000	40.0000	40.0000	0.828081130
240.0000	40.0000	40.0000	0.236305130
250.0000	40.0000	40.0000	0.185929340
260.0000	40.0000	40.0000	0.337207530
270.0000	40.0000	40.0000	0.823255060
280.0000	40.0000	40.0000	0.741446200
290.0000	40.0000	40.0000	0.216226370
300.0000	40.0000	40.0000	0.148997430
310.0000	40.0000	40.0000	0.239343080
320.0000	40.0000	40.0000	0.436394720
330.0000	40.0000	40.0000	0.606358050
340.0000	40.0000	40.0000	1.438770300
350.0000	40.0000	40.0000	1.477446900
360.0000	40.0000	40.0000	1.000000000
0.0000	50.0000	40.0000	0.850285530
10.0000	50.0000	40.0000	0.710357070
20.0000	50.0000	40.0000	0.816775860
30.0000	50.0000	40.0000	2.029205000
40.0000	50.0000	40.0000	1.914356100
50.0000	50.0000	40.0000	0.611250800
60.0000	50.0000	40.0000	0.376038100
70.0000	50.0000	40.0000	0.511202200
80.0000	50.0000	40.0000	1.205307800
90.0000	50.0000	40.0000	1.760592800
100.0000	50.0000	40.0000	0.752379700
110.0000	50.0000	40.0000	0.399135680
120.0000	50.0000	40.0000	0.489028720
130.0000	50.0000	40.0000	0.992579900
140.0000	50.0000	40.0000	1.874303100
150.0000	50.0000	40.0000	2.806725000
160.0000	50.0000	40.0000	2.408979700
170.0000	50.0000	40.0000	0.640860900
180.0000	50.0000	40.0000	0.546919400
190.0000	50.0000	40.0000	0.406173530
200.0000	50.0000	40.0000	0.591755330
210.0000	50.0000	40.0000	3.832103300
220.0000	50.0000	40.0000	3.238051400
230.0000	50.0000	40.0000	0.699299930
240.0000	50.0000	40.0000	0.453375200
250.0000	50.0000	40.0000	0.484114170
260.0000	50.0000	40.0000	0.979958830
270.0000	50.0000	40.0000	3.379397400
280.0000	50.0000	40.0000	2.253277500
290.0000	50.0000	40.0000	0.315515070
300.0000	50.0000	40.0000	0.282259580
310.0000	50.0000	40.0000	0.712350500
320.0000	50.0000	40.0000	1.318461500
330.0000	50.0000	40.0000	1.545223700
340.0000	50.0000	40.0000	1.523350400
350.0000	50.0000	40.0000	0.677913900
360.0000	50.0000	40.0000	1.000000000
0.0000	60.0000	40.0000	0.739371540
10.0000	60.0000	40.0000	0.585642760
20.0000	60.0000	40.0000	0.616868260
30.0000	60.0000	40.0000	2.967873000
40.0000	60.0000	40.0000	1.412942300
50.0000	60.0000	40.0000	0.241359300
60.0000	60.0000	40.0000	0.353545460
70.0000	60.0000	40.0000	0.599152150
80.0000	60.0000	40.0000	0.917045060
90.0000	60.0000	40.0000	1.575456900
100.0000	60.0000	40.0000	1.682239500
110.0000	60.0000	40.0000	1.494502200
120.0000	60.0000	40.0000	0.792434400
130.0000	60.0000	40.0000	0.716079900
140.0000	60.0000	40.0000	1.429137600
150.0000	60.0000	40.0000	2.051129600
160.0000	60.0000	40.0000	2.018407800
170.0000	60.0000	40.0000	0.930707300
180.0000	60.0000	40.0000	0.436960000
190.0000	60.0000	40.0000	0.359184000
200.0000	60.0000	40.0000	0.582464600
210.0000	60.0000	40.0000	1.664295100
220.0000	60.0000	40.0000	0.908096300
230.0000	60.0000	40.0000	0.256669250
240.0000	60.0000	40.0000	0.481110130
250.0000	60.0000	40.0000	0.972545860
260.0000	60.0000	40.0000	1.010397100
270.0000	60.0000	40.0000	2.599519000
280.0000	60.0000	40.0000	3.116388800
290.0000	60.0000	40.0000	0.858312130
300.0000	60.0000	40.0000	0.431756080
310.0000	60.0000	40.0000	0.465805900
320.0000	60.0000	40.0000	1.124119900
330.0000	60.0000	40.0000	3.597778300
340.0000	60.0000	40.0000	2.431795100
350.0000	60.0000	40.0000	0.689192100
360.0000	60.0000	40.0000	1.000000000
0.0000	70.0000	40.0000	0.522133950
10.0000	70.0000	40.0000	0.604203300
20.0000	70.0000	40.0000	1.339545600
30.0000	70.0000	40.0000	1.674157300
40.0000	70.0000	40.0000	0.539391460
50.0000	70.0000	40.0000	0.162345920
60.0000	70.0000	40.0000	0.276758550
70.0000	70.0000	40.0000	0.491589640
80.0000	70.0000	40.0000	0.422840630
90.0000	70.0000	40.0000	0.599342500
100.0000	70.0000	40.0000	1.315178200
110.0000	70.0000	40.0000	2.171153000
120.0000	70.0000	40.0000	0.872299500
130.0000	70.0000	40.0000	0.313517270
140.0000	70.0000	40.0000	0.311692830
150.0000	70.0000	40.0000	0.519257700
160.0000	70.0000	40.0000	1.117032300
170.0000	70.0000	40.0000	0.944060200
180.0000	70.0000	40.0000	0.482693520
190.0000	70.0000	40.0000	0.633083640
200.0000	70.0000	40.0000	0.764587500
210.0000	70.0000	40.0000	0.472465720
220.0000	70.0000	40.0000	0.250360220
230.0000	70.0000	40.0000	0.145792800
240.0000	70.0000	40.0000	0.318350700
250.0000	70.0000	40.0000	0.830153350
260.0000	70.0000	40.0000	0.687839600
270.0000	70.0000	40.0000	1.364495800
280.0000	70.0000	40.0000	1.738943900
290.0000	70.0000	40.0000	0.984753700
300.0000	70.0000	40.0000	0.436332600
310.0000	70.0000	40.0000	0.191296800
320.0000	70.0000	40.0000	0.420723170
330.0000	70.0000	40.0000	1.823985200
340.0000	70.0000	40.0000	1.374232000
350.0000	70.0000	40.0000	0.952100460
360.0000	70.0000	40.0000	1.000000000
0.0000	80.0000	40.0000	0.537094200
10.0000	80.0000	40.0000	0.580173900
20.0000	80.0000	40.0000	1.709341800
30.0000	80.0000	40.0000	0.893672350
40.0000	80.0000	40.0000	0.739435300
50.0000	80.0000	40.0000	1.073218200
60.0000	80.0000	40.0000	1.087368500
70.0000	80.0000	40.0000	1.721305800
80.0000	80.0000	40.0000	0.911373900
90.0000	80.0000	40.0000	1.078739600
100.0000	80.0000	40.0000	2.984359300
110.0000	80.0000	40.0000	3.740843000
120.0000	80.0000	40.0000	1.262440700
130.0000	80.0000	40.0000	0.594426800
140.0000	80.0000	40.0000	0.349930760
150.0000	80.0000	40.0000	0.509241200
160.0000	80.0000	40.0000	1.361068800
170.0000	80.0000	40.0000	0.883226930
180.0000	80.0000	40.0000	0.736897950
190.0000	80.0000	40.0000	1.530754600
200.0000	80.0000	40.0000	2.173420700
210.0000	80.0000	40.0000	0.478346560
220.0000	80.0000	40.0000	0.344555050
230.0000	80.0000	40.0000	0.665917340
240.0000	80.0000	40.0000	0.859487700
250.0000	80.0000	40.0000	1.536443800
260.0000	80.0000	40.0000	1.790097200
270.0000	80.0000	40.0000	2.365282500
280.0000	80.0000	40.0000	2.641321400
290.0000	80.0000	40.0000	1.523244100
300.0000	80.0000	40.0000	0.542794200
310.0000	80.0000	40.0000	0.342784730
320.0000	80.0000	40.0000	0.340691860
330.0000	80.0000	40.0000	0.511191600
340.0000	80.0000	40.0000	0.726943100
350.0000	80.0000	40.0000	1.056097700
360.0000	80.0000	40.0000	1.000000000
0.0000	90.0000	40.0000	0.574069860
10.0000	90.0000	40.0000	0.487958200
20.0000	90.0000	40.0000	1.424356700
30.0000	90.0000	40.0000	0.789928400
40.0000	90.0000	40.0000	0.971866000
50.0000	90.0000	40.0000	1.923093300
60.0000	90.0000	40.0000	1.979073400
70.0000	90.0000	40.0000	4.356566400
80.0000	90.0000	40.0000	1.787545800
90.0000	90.0000	40.0000	2.130509600
100.0000	90.0000	40.0000	7.356651000
110.0000	90.0000	40.0000	7.327393000
120.0000	90.0000	40.0000	2.051279800
130.0000	90.0000	40.0000	1.991657100
140.0000	90.0000	40.0000	0.711959840
150.0000	90.0000	40.0000	0.862521350
160.0000	90.0000	40.0000	2.178222000
170.0000	90.0000	40.0000	0.716797800
180.0000	90.0000	40.0000	0.757499040
190.0000	90.0000	40.0000	2.000463200
200.0000	90.0000	40.0000	3.350078600
210.0000	90.0000	40.0000	0.577845900
220.0000	90.0000	40.0000	0.580132250
230.0000	90.0000	40.0000	1.865208400
240.0000	90.0000	40.0000	1.969905300
250.0000	90.0000	40.0000	4.030906000
260.0000	90.0000	40.0000	3.117672000
270.0000	90.0000	40.0000	3.074176000
280.0000	90.0000	40.0000	3.896940000
290.0000	90.0000	40.0000	2.533259600
300.0000	90.0000	40.0000	0.818153860
310.0000	90.0000	40.0000	0.728222970
320.0000	90.0000	40.0000	0.423722740
330.0000	90.0000	40.0000	0.464285760
340.0000	90.0000	40.0000	1.164917200
350.0000	90.0000	40.0000	1.642662500
360.0000	90.0000	40.0000	1.000000000
0.0000	0.0000	50.0000	1.000000000
10.0000	0.0000	50.0000	1.000000000
20.0000	0.0000	50.0000	1.000000000
30.0000	0.0000	50.0000	1.000000000
40.0000	0.0000	50.0000	1.000000000
50.0000	0.0000	50.0000	1.000000000
60.0000	0.0000	50.0000	1.000000000
70.0000	0.0000	50.0000	1.000000000
80.0000	0.0000	50.0000	1.000000000
90.0000	0.0000	50.0000	1.000000000
100.0000	0.0000	50.0000	1.000000000
110.0000	0.0000	50.0000	1.000000000
120.0000	0.0000	50.0000	1.000000000
130.0000	0.0000	50.0000	1.000000000
140.0000	0.0000	50.0000	1.000000000
150.0000	0.0000	50.0000	1.000000000
160.0000	0.0000	50.0000	1.000000000
170.0000	0.0000	50.0000	1.000000000
180.0000	0.0000	50.0000	1.000000000
190.0000	0.0000	50.0000	1.000000000
200.0000	0.0000	50.0000	1.000000000
210.0000	0.0000	50.0000	1.000000000
220.0000	0.0000	50.0000	1.000000000
230.0000	0.0000	50.0000	1.000000000
240.0000	0.0000	50.0000	1.000000000
250.0000	0.0000	50.0000	1.000000000
260.0000	0.0000	50.0000	1.000000000
270.0000	0.0000	50.0000	1.000000000
280.0000	0.0000	50.0000	1.000000000
290.0000	0.0000	50.0000	1.000000000
300.0000	0.0000	50.0000	1.000000000
310.0000	0.0000	50.0000	1.000000000
320.0000	0.0000	50.0000	1.000000000
330.0000	0.0000	50.0000	1.000000000
340.0000	0.0000	50.0000	1.000000000
350.0000	0.0000	50.0000	1.000000000
360.0000	0.0000	50.0000	1.000000000
0.0000	10.0000	50.0000	0.834660900
10.0000	10.0000	50.0000	2.516787800
20.0000	10.0000	50.0000	1.861358600
30.0000	10.0000	50.0000	0.079813540
40.0000	10.0000	50.0000	0.052369624
50.0000	10.0000	50.0000	0.121147700
60.0000	10.0000	50.0000	0.839041770
70.0000	10.0000	50.0000	1.747649300
80.0000	10.0000	50.0000	2.351197000
90.0000	10.0000	50.0000	6.235600000
100.0000	10.0000	50.0000	6.335717000
110.0000	10.0000	50.0000	0.296104600
120.0000	10.0000	50.0000	0.095950140
130.0000	10.0000	50.0000	0.075958390
140.0000	10.0000	50.0000	0.092761174
150.0000	10.0000	50.0000	0.293215000
160.0000	10.0000	50.0000	2.178191000
170.0000	10.0000	50.0000	1.012094700
180.0000	10.0000	50.0000	0.272924840
190.0000	10.0000	50.0000	1.178124800
200.0000	10.0000	50.0000	0.813079700
210.0000	10.0000	50.0000	0.067297050
220.0000	10.0000	50.0000	0.053759936
230.0000	10.0000	50.0000	0.177186200
240.0000	10.0000	50.0000	0.849875800
250.0000	10.0000	50.0000	1.278387300
260.0000	10.0000	50.0000	2.835118300
270.0000	10.0000	50.0000	7.092569000
280.0000	10.0000	50.0000	8.043806000
290.0000	10.0000	50.0000	0.479084550
300.0000	10.0000	50.0000	0.126979720
310.0000	10.0000	50.0000	0.081353545
320.0000	10.0000	50.0000	0.123617366
330.0000	10.0000	50.0000	0.406225320
340.0000	10.0000	50.0000	1.989659200
350.0000	10.0000	50.0000	2.050565500
360.0000	10.0000	50.0000	1.000000000
0.0000	20.0000	50.0000	0.955831050
10.0000	20.0000	50.0000	1.503576900
20.0000	20.0000	50.0000	0.600324450
30.0000	20.0000	50.0000	0.101749010
40.0000	20.0000	50.0000	0.069023230
50.0000	20.0000	50.0000	0.160244820
60.0000	20.0000	50.0000	0.379643170
70.0000	20.0000	50.0000	0.511348300
80.0000	20.0000	50.0000	1.034740000
90.0000	20.0000	50.0000	3.559191700
100.0000	20.0000	50.0000	1.370584400
110.0000	20.0000	50.0000	0.315462200
120.0000	20.0000	50.0000	0.273406360
130.0000	20.0000	50.0000	0.128278670
140.0000	20.0000	50.0000	0.142426980
150.0000	20.0000	50.0000	0.556400200
160.0000	20.0000	50.0000	1.176674500
170.0000	20.0000	50.0000	0.737821300
180.0000	20.0000	50.0000	0.581302340
190.0000	20.0000	50.0000	1.005330200
200.0000	20.0000	50.0000	0.785015340
210.0000	20.0000	50.0000	0.160394900
220.0000	20.0000	50.0000	0.078679204
230.0000	20.0000	50.0000	0.240504130
240.0000	20.0000	50.0000	0.489123370
250.0000	20.0000	50.0000	0.345285150
260.0000	20.0000	50.0000	0.897823040
270.0000	20.0000	50.0000	3.454014300
280.0000	20.0000	50.0000	0.882551400
290.0000	20.0000	50.0000	0.326351100
300.0000	20.0000	50.0000	0.449762550
310.0000	20.0000	50.0000	0.199671490
320.0000	20.0000	50.0000	0.201255950
330.0000	20.0000	50.0000	0.451030670
340.0000	20.0000	50.0000	1.057803900
350.0000	20.0000	50.0000	1.104727900
360.0000	20.0000	50.0000	1.000000000
0.0000	30.0000	50.0000	0.845615700
10.0000	30.0000	50.0000	0.935387430
20.0000	30.0000	50.0000	0.547007140
30.0000	30.0000	50.0000	0.213145760
40.0000	30.0000	50.0000	0.126655580
50.0000	30.0000	50.0000	0.300602080
60.0000	30.0000	50.0000	0.384588200
70.0000	30.0000	50.0000	0.372019560
80.0000	30.0000	50.0000	0.481129200
90.0000	30.0000	50.0000	0.769931500
100.0000	30.0000	50.0000	0.687282800
110.0000	30.0000	50.0000	0.287497370
120.0000	30.0000	50.0000	0.207432850
130.0000	30.0000	50.0000	0.180719610
140.0000	30.0000	50.0000	0.424647540
150.0000	30.0000	50.0000	1.062283200
160.0000	30.0000	50.0000	1.288321400
170.0000	30.0000	50.0000	0.884357150
180.0000	30.0000	50.0000	1.455545800
190.0000	30.0000	50.0000	2.072311600
200.0000	30.0000	50.0000	1.446924900
210.0000	30.0000	50.0000	0.801134400
220.0000	30.0000	50.0000	0.343996140
230.0000	30.0000	50.0000	0.325926400
240.0000	30.0000	50.0000	0.348539700
250.0000	30.0000	50.0000	0.274931640
260.0000	30.0000	50.0000	0.346314850
270.0000	30.0000	50.0000	0.662334800
280.0000	30.0000	50.0000	0.467982500
290.0000	30.0000	50.0000	0.325478430
300.0000	30.0000	50.0000	0.367021560
310.0000	30.0000	50.0000	0.419876600
320.0000	30.0000	50.0000	0.313125520
330.0000	30.0000	50.0000	0.480069550
340.0000	30.0000	50.0000	1.206513800
350.0000	30.0000	50.0000	0.704965350
360.0000	30.0000	50.0000	1.000000000
0.0000	40.0000	50.0000	0.865920360
10.0000	40.0000	50.0000	1.122571000
20.0000	40.0000	50.0000	1.252318300
30.0000	40.0000	50.0000	0.813462560
40.0000	40.0000	50.0000	0.578585270
50.0000	40.0000	50.0000	0.273177740
60.0000	40.0000	50.0000	0.162758740
70.0000	40.0000	50.0000	0.222513300
80.0000	40.0000	50.0000	0.580563960
90.0000	40.0000	50.0000	0.717813300
100.0000	40.0000	50.0000	0.414582850
110.0000	40.0000	50.0000	0.260621100
120.0000	40.0000	50.0000	0.324122300
130.0000	40.0000	50.0000	0.540718600
140.0000	40.0000	50.0000	1.623617300
150.0000	40.0000	50.0000	3.010564300
160.0000	40.0000	50.0000	1.363284600
170.0000	40.0000	50.0000	0.690821200
180.0000	40.0000	50.0000	1.270447300
190.0000	40.0000	50.0000	1.578601600
200.0000	40.0000	50.0000	1.552553800
210.0000	40.0000	50.0000	2.572727000
220.0000	40.0000	50.0000	1.518536400
230.0000	40.0000	50.0000	0.583874460
240.0000	40.0000	50.0000	0.147163330
250.0000	40.0000	50.0000	0.101242580
260.0000	40.0000	50.0000	0.264063030
270.0000	40.0000	50.0000	0.706604600
280.0000	40.0000	50.0000	0.544732000
290.0000	40.0000	50.0000	0.354774060
300.0000	40.0000	50.0000	0.315393980
310.0000	40.0000	50.0000	0.499654680
320.0000	40.0000	50.0000	0.623913300
330.0000	40.0000	50.0000	0.834752600
340.0000	40.0000	50.0000	1.234224200
350.0000	40.0000	50.0000	0.493740950
360.0000	40.0000	50.0000	1.000000000
0.0000	50.0000	50.0000	0.808885700
10.0000	50.0000	50.0000	1.051614500
20.0000	50.0000	50.0000	1.510727900
30.0000	50.0000	50.0000	2.361129800
40.0000	50.0000	50.0000	1.771781600
50.0000	50.0000	50.0000	0.474534420
60.0000	50.0000	50.0000	0.265987500
70.0000	50.0000	50.0000	0.397152300
80.0000	50.0000	50.0000	1.879474300
90.0000	50.0000	50.0000	3.075451000
100.0000	50.0000	50.0000	0.746845700
110.0000	50.0000	50.0000	0.421162220
120.0000	50.0000	50.0000	0.584601160
130.0000	50.0000	50.0000	0.884762100
140.0000	50.0000	50.0000	3.039188400
150.0000	50.0000	50.0000	3.970430400
160.0000	50.0000	50.0000	0.663907100
170.0000	50.0000	50.0000	0.326127440
180.0000	50.0000	50.0000	0.759031650
190.0000	50.0000	50.0000	0.974554960
200.0000	50.0000	50.0000	1.334530400
210.0000	50.0000	50.0000	2.845858600
220.0000	50.0000	50.0000	2.317798400
230.0000	50.0000	50.0000	1.096457400
240.0000	50.0000	50.0000	0.425348550
250.0000	50.0000	50.0000	0.308442500
260.0000	50.0000	50.0000	0.843275850
270.0000	50.0000	50.0000	2.216589200
280.0000	50.0000	50.0000	1.282355500
290.0000	50.0000	50.0000	0.498574300
300.0000	50.0000	50.0000	0.427928660
310.0000	50.0000	50.0000	0.722580550
320.0000	50.0000	50.0000	1.481612300
330.0000	50.0000	50.0000	1.741055400
340.0000	50.0000	50.0000	0.677679360
350.0000	50.0000	50.0000	0.256397800
360.0000	50.0000	50.0000	1.000000000
0.0000	60.0000	50.0000	0.728188750
10.0000	60.0000	50.0000	0.955260800
20.0000	60.0000	50.0000	2.368665700
30.0000	60.0000	50.0000	5.009069000
40.0000	60.0000	50.0000	1.160621400
50.0000	60.0000	50.0000	0.320525650
60.0000	60.0000	50.0000	0.566160000
70.0000	60.0000	50.0000	1.232028200
80.0000	60.0000	50.0000	2.130351300
90.0000	60.0000	50.0000	2.977383900
100.0000	60.0000	50.0000	1.522631500
110.0000	60.0000	50.0000	0.844595400
120.0000	60.0000	50.0000	0.398354560
130.0000	60.0000	50.0000	0.339250800
140.0000	60.0000	50.0000	1.037116400
150.0000	60.0000	50.0000	1.408675600
160.0000	60.0000	50.0000	0.497265130
170.0000	60.0000	50.0000	0.371976670
180.0000	60.0000	50.0000	0.534451700
190.0000	60.0000	50.0000	0.864757100
200.0000	60.0000	50.0000	1.337876400
210.0000	60.0000	50.0000	1.952847400
220.0000	60.0000	50.0000	1.294453700
230.0000	60.0000	50.0000	0.541152200
240.0000	60.0000	50.0000	0.888398000
250.0000	60.0000	50.0000	1.933709400
260.0000	60.0000	50.0000	1.400418200
270.0000	60.0000	50.0000	1.911472800
280.0000	60.0000	50.0000	1.471860300
290.0000	60.0000	50.0000	0.508393000
300.0000	60.0000	50.0000	0.370308730
310.0000	60.0000	50.0000	0.332513570
320.0000	60.0000	50.0000	1.243230800
330.0000	60.0000	50.0000	2.230128000
340.0000	60.0000	50.0000	0.477051080
350.0000	60.0000	50.0000	0.228372260
360.0000	60.0000	50.0000	1.000000000
0.0000	70.0000	50.0000	0.512359200
10.0000	70.0000	50.0000	0.808311640
20.0000	70.0000	50.0000	2.685088200
30.0000	70.0000	50.0000	2.479496200
40.0000	70.0000	50.0000	0.372568100
50.0000	70.0000	50.0000	0.188807950
60.0000	70.0000	50.0000	0.677115200
70.0000	70.0000	50.0000	1.354346900
80.0000	70.0000	50.0000	1.505974500
90.0000	70.0000	50.0000	1.809113300
100.0000	70.0000	50.0000	1.258314000
110.0000	70.0000	50.0000	0.780554500
120.0000	70.0000	50.0000	0.244177670
130.0000	70.0000	50.0000	0.156737220
140.0000	70.0000	50.0000	0.240092490
150.0000	70.0000	50.0000	0.539201800
160.0000	70.0000	50.0000	0.912148950
170.0000	70.0000	50.0000	0.503292200
180.0000	70.0000	50.0000	0.479931740
190.0000	70.0000	50.0000	0.971918600
200.0000	70.0000	50.0000	0.781412000
210.0000	70.0000	50.0000	0.538050800
220.0000	70.0000	50.0000	0.302224900
230.0000	70.0000	50.0000	0.200644660
240.0000	70.0000	50.0000	0.893968800
250.0000	70.0000	50.0000	2.377649000
260.0000	70.0000	50.0000	1.021014500
270.0000	70.0000	50.0000	0.681485800
280.0000	70.0000	50.0000	0.462133620
290.0000	70.0000	50.0000	0.359195440
300.0000	70.0000	50.0000	0.246654560
310.0000	70.0000	50.0000	0.142798810
320.0000	70.0000	50.0000	0.553732000
330.0000	70.0000	50.0000	1.653560300
340.0000	70.0000	50.0000	0.695087130
350.0000	70.0000	50.0000	0.519271400
360.0000	70.0000	50.0000	1.000000000
0.0000	80.0000	50.0000	0.562178200
10.0000	80.0000	50.0000	0.800228200
20.0000	80.0000	50.0000	2.038160300
30.0000	80.0000	50.0000	0.867638050
40.0000	80.0000	50.0000	0.377190770
50.0000	80.0000	50.0000	0.344217300
60.0000	80.0000	50.0000	1.011120200
70.0000	80.0000	50.0000	1.974623400
80.0000	80.0000	50.0000	3.245416000
90.0000	80.0000	50.0000	4.291255500
100.0000	80.0000	50.0000	4.103119000
110.0000	80.0000	50.0000	2.184351700
120.0000	80.0000	50.0000	1.133835000
130.0000	80.0000	50.0000	1.380122300
140.0000	80.0000	50.0000	0.403640000
150.0000	80.0000	50.0000	0.543974760
160.0000	80.0000	50.0000	1.909217100
170.0000	80.0000	50.0000	0.691105960
180.0000	80.0000	50.0000	0.636824370
190.0000	80.0000	50.0000	1.264530400
200.0000	80.0000	50.0000	0.754821960
210.0000	80.0000	50.0000	0.344007400
220.0000	80.0000	50.0000	0.245346800
230.0000	80.0000	50.0000	0.349489840
240.0000	80.0000	50.0000	1.151910000
250.0000	80.0000	50.0000	1.839606600
260.0000	80.0000	50.0000	1.447823200
270.0000	80.0000	50.0000	0.885440050
280.0000	80.0000	50.0000	0.835231200
290.0000	80.0000	50.0000	0.984727800
300.0000	80.0000	50.0000	0.683210430
310.0000	80.0000	50.0000	0.661650200
320.0000	80.0000	50.0000	0.608700500
330.0000	80.0000	50.0000	0.870845700
340.0000	80.0000	50.0000	1.200500700
350.0000	80.0000	50.0000	0.960242700
360.0000	80.0000	50.0000	1.000000000
0.0000	90.0000	50.0000	0.644740500
10.0000	90.0000	50.0000	0.777296400
20.0000	90.0000	50.0000	2.482038300
30.0000	90.0000	50.0000	0.866032000
40.0000	90.0000	50.0000	0.721904000
50.0000	90.0000	50.0000	1.218486500
60.0000	90.0000	50.0000	1.784245300
70.0000	90.0000	50.0000	4.292759000
80.0000	90.0000	50.0000	5.648368400
90.0000	90.0000	50.0000	6.981804000
100.0000	90.0000	50.0000	10.225163000
110.0000	90.0000	50.0000	5.993009000
120.0000	90.0000	50.0000	2.517142800
130.0000	90.0000	50.0000	3.044598000
140.0000	90.0000	50.0000	0.688186350
150.0000	90.0000	50.0000	0.618504800
160.0000	90.0000	50.0000	2.195168700
170.0000	90.0000	50.0000	0.589399930
180.0000	90.0000	50.0000	0.698165300
190.0000	90.0000	50.0000	1.525396500
200.0000	90.0000	50.0000	1.277589300
210.0000	90.0000	50.0000	0.477313100
220.0000	90.0000	50.0000	0.430277650
230.0000	90.0000	50.0000	0.896676400
240.0000	90.0000	50.0000	1.529069400
250.0000	90.0000	50.0000	2.444919300
260.0000	90.0000	50.0000	1.405029700
270.0000	90.0000	50.0000	1.268091200
280.0000	90.0000	50.0000	1.839433000
290.0000	90.0000	50.0000	2.892706200
300.0000	90.0000	50.0000	1.541877900
310.0000	90.0000	50.0000	1.572130800
320.0000	90.0000	50.0000	0.755628200
330.0000	90.0000	50.0000	0.668899900
340.0000	90.0000	50.0000	1.316111900
350.0000	90.0000	50.0000	1.047053200
360.0000	90.0000	50.0000	1.000000000
0.0000	0.0000	60.0000	1.000000000
10.0000	0.0000	60.0000	1.000000000
20.0000	0.0000	60.0000	1.000000000
30.0000	0.0000	60.0000	1.000000000
40.0000	0.0000	60.0000	1.000000000
50.0000	0.0000	60.0000	1.000000000
60.0000	0.0000	60.0000	1.000000000
70.0000	0.0000	60.0000	1.000000000
80.0000	0.0000	60.0000	1.000000000
90.0000	0.0000	60.0000	1.000000000
100.0000	0.0000	60.0000	1.000000000
110.0000	0.0000	60.0000	1.000000000
120.0000	0.0000	60.0000	1.000000000
130.0000	0.0000	60.0000	1.000000000
140.0000	0.0000	60.0000	1.000000000
150.0000	0.0000	60.0000	1.000000000
160.0000	0.0000	60.0000	1.000000000
170.0000	0.0000	60.0000	1.000000000
180.0000	0.0000	60.0000	1.000000000
190.0000	0.0000	60.0000	1.000000000
200.0000	0.0000	60.0000	1.000000000
210.0000	0.0000	60.0000	1.000000000
220.0000	0.0000	60.0000	1.000000000
230.0000	0.0000	60.0000	1.000000000
240.0000	0.0000	60.0000	1.000000000
250.0000	0.0000	60.0000	1.000000000
260.0000	0.0000	60.0000	1.000000000
270.0000	0.0000	60.0000	1.000000000
280.0000	0.0000	60.0000	1.000000000
290.0000	0.0000	60.0000	1.000000000
300.0000	0.0000	60.0000	1.000000000
310.0000	0.0000	60.0000	1.000000000
320.0000	0.0000	60.0000	1.000000000
330.0000	0.0000	60.0000	1.000000000
340.0000	0.0000	60.0000	1.000000000
350.0000	0.0000	60.0000	1.000000000
360.0000	0.0000	60.0000	1.000000000
0.0000	10.0000	60.0000	1.234000900
10.0000	10.0000	60.0000	2.576379800
20.0000	10.0000	60.0000	0.618396200
30.0000	10.0000	60.0000	0.080551274
40.0000	10.0000	60.0000	0.142302630
50.0000	10.0000	60.0000	0.593517360
60.0000	10.0000	60.0000	1.535974400
70.0000	10.0000	60.0000	2.255579000
80.0000	10.0000	60.0000	2.113380700
90.0000	10.0000	60.0000	0.296413450
100.0000	10.0000	60.0000	0.077429090
110.0000	10.0000	60.0000	0.097463705
120.0000	10.0000	60.0000	0.093508660
130.0000	10.0000	60.0000	0.117328960
140.0000	10.0000	60.0000	0.467493600
150.0000	10.0000	60.0000	0.845320050
160.0000	10.0000	60.0000	1.252794600
170.0000	10.0000	60.0000	1.192710800
180.0000	10.0000	60.0000	0.513189300
190.0000	10.0000	60.0000	1.183245300
200.0000	10.0000	60.0000	0.307632100
210.0000	10.0000	60.0000	0.085238956
220.0000	10.0000	60.0000	0.217282950
230.0000	10.0000	60.0000	0.922961400
240.0000	10.0000	60.0000	1.173866600
250.0000	10.0000	60.0000	1.298534300
260.0000	10.0000	60.0000	3.713689300
270.0000	10.0000	60.0000	1.116986300
280.0000	10.0000	60.0000	0.198428440
290.0000	10.0000	60.0000	0.166675240
300.0000	10.0000	60.0000	0.109313460
310.0000	10.0000	60.0000	0.169255990
320.0000	10.0000	60.0000	0.750283900
330.0000	10.0000	60.0000	0.837902670
340.0000	10.0000	60.0000	2.011664600
350.0000	10.0000	60.0000	2.747953400
360.0000	10.0000	60.0000	1.000000000
0.0000	20.0000	60.0000	1.612316700
10.0000	20.0000	60.0000	1.383003600
20.0000	20.0000	60.0000	0.123545915
30.0000	20.0000	60.0000	0.052884452
40.0000	20.0000	60.0000	0.232140760
50.0000	20.0000	60.0000	0.496759680
60.0000	20.0000	60.0000	1.231316300
70.0000	20.0000	60.0000	1.906875000
80.0000	20.0000	60.0000	0.265566830
90.0000	20.0000	60.0000	0.096749954
100.0000	20.0000	60.0000	0.181906490
110.0000	20.0000	60.0000	0.195834200
120.0000	20.0000	60.0000	0.161036090
130.0000	20.0000	60.0000	0.248165530
140.0000	20.0000	60.0000	0.679770770
150.0000	20.0000	60.0000	1.252808100
160.0000	20.0000	60.0000	0.747658300
170.0000	20.0000	60.0000	0.821753700
180.0000	20.0000	60.0000	1.021547800
190.0000	20.0000	60.0000	0.749712050
200.0000	20.0000	60.0000	0.188392530
210.0000	20.0000	60.0000	0.089276664
220.0000	20.0000	60.0000	0.216018210
230.0000	20.0000	60.0000	0.422083380
240.0000	20.0000	60.0000	0.613768340
250.0000	20.0000	60.0000	0.552025100
260.0000	20.0000	60.0000	0.360520630
270.0000	20.0000	60.0000	0.326949200
280.0000	20.0000	60.0000	0.346917200
290.0000	20.0000	60.0000	0.202128660
300.0000	20.0000	60.0000	0.179702280
310.0000	20.0000	60.0000	0.312525700
320.0000	20.0000	60.0000	0.617969630
330.0000	20.0000	60.0000	1.177850100
340.0000	20.0000	60.0000	1.238232900
350.0000	20.0000	60.0000	1.235112400
360.0000	20.0000	60.0000	1.000000000
0.0000	30.0000	60.0000	1.208945900
10.0000	30.0000	60.0000	0.700351600
20.0000	30.0000	60.0000	0.080887910
30.0000	30.0000	60.0000	0.081744390
40.0000	30.0000	60.0000	0.221413540
50.0000	30.0000	60.0000	0.402112160
60.0000	30.0000	60.0000	0.708856640
70.0000	30.0000	60.0000	1.154182400
80.0000	30.0000	60.0000	0.490441260
90.0000	30.0000	60.0000	0.254366820
100.0000	30.0000	60.0000	0.344524100
110.0000	30.0000	60.0000	0.301824870
120.0000	30.0000	60.0000	0.250725120
130.0000	30.0000	60.0000	0.318859730
140.0000	30.0000	60.0000	0.727303270
150.0000	30.0000	60.0000	0.948290200
160.0000	30.0000	60.0000	0.587705550
170.0000	30.0000	60.0000	1.041089800
180.0000	30.0000	60.0000	2.154020800
190.0000	30.0000	60.0000	1.773506400
200.0000	30.0000	60.0000	0.758968230
210.0000	30.0000	60.0000	0.379503220
220.0000	30.0000	60.0000	0.439281580
230.0000	30.0000	60.0000	0.424727020
240.0000	30.0000	60.0000	0.348945230
250.0000	30.0000	60.0000	0.327493760
260.0000	30.0000	60.0000	0.237813920
270.0000	30.0000	60.0000	0.262217200
280.0000	30.0000	60.0000	0.330355700
290.0000	30.0000	60.0000	0.159425470
300.0000	30.0000	60.0000	0.253195500
310.0000	30.0000	60.0000	0.320963350
320.0000	30.0000	60.0000	0.361327470
330.0000	30.0000	60.0000	0.710819800
340.0000	30.0000	60.0000	0.679608700
350.0000	30.0000	60.0000	0.740728260
360.0000	30.0000	60.0000	1.000000000
0.0000	40.0000	60.0000	1.332701800
10.0000	40.0000	60.0000	0.951949800
20.0000	40.0000	60.0000	0.394919870
30.0000	40.0000	60.0000	0.371911600
40.0000	40.0000	60.0000	0.401165280
50.0000	40.0000	60.0000	0.361846150
60.0000	40.0000	60.0000	0.227632150
70.0000	40.0000	60.0000	0.417668640
80.0000	40.0000	60.0000	1.683809400
90.0000	40.0000	60.0000	1.434376800
100.0000	40.0000	60.0000	0.724990600
110.0000	40.0000	60.0000	0.430676500
120.0000	40.0000	60.0000	0.405981400
130.0000	40.0000	60.0000	0.721419800
140.0000	40.0000	60.0000	1.324208100
150.0000	40.0000	60.0000	0.806581700
160.0000	40.0000	60.0000	0.328157780
170.0000	40.0000	60.0000	0.850211560
180.0000	40.0000	60.0000	2.246587500
190.0000	40.0000	60.0000	1.684142100
200.0000	40.0000	60.0000	1.654995300
210.0000	40.0000	60.0000	1.568512700
220.0000	40.0000	60.0000	0.854251100
230.0000	40.0000	60.0000	0.416778400
240.0000	40.0000	60.0000	0.173464030
250.0000	40.0000	60.0000	0.168581340
260.0000	40.0000	60.0000	0.406034200
270.0000	40.0000	60.0000	0.845463340
280.0000	40.0000	60.0000	0.532298900
290.0000	40.0000	60.0000	0.375717850
300.0000	40.0000	60.0000	0.590938150
310.0000	40.0000	60.0000	0.588238840
320.0000	40.0000	60.0000	0.368876640
330.0000	40.0000	60.0000	0.455622900
340.0000	40.0000	60.0000	0.346754160
350.0000	40.0000	60.0000	0.516680700
360.0000	40.0000	60.0000	1.000000000
0.0000	50.0000	60.0000	1.451388500
10.0000	50.0000	60.0000	1.319345500
20.0000	50.0000	60.0000	0.941995700
30.0000	50.0000	60.0000	0.915379200
40.0000	50.0000	60.0000	0.907490430
50.0000	50.0000	60.0000	0.376227900
60.0000	50.0000	60.0000	0.161108450
70.0000	50.0000	60.0000	0.324001700
80.0000	50.0000	60.0000	2.882159000
90.0000	50.0000	60.0000	2.189398300
100.0000	50.0000	60.0000	0.540191530
110.0000	50.0000	60.0000	0.404536100
120.0000	50.0000	60.0000	0.685611250
130.0000	50.0000	60.0000	1.479553000
140.0000	50.0000	60.0000	2.172186000
150.0000	50.0000	60.0000	0.468008040
160.0000	50.0000	60.0000	0.121294540
170.0000	50.0000	60.0000	0.433907630
180.0000	50.0000	60.0000	1.637908100
190.0000	50.0000	60.0000	1.051735500
200.0000	50.0000	60.0000	0.859891650
210.0000	50.0000	60.0000	1.493827700
220.0000	50.0000	60.0000	1.381069200
230.0000	50.0000	60.0000	0.602297960
240.0000	50.0000	60.0000	0.276469440
250.0000	50.0000	60.0000	0.225220130
260.0000	50.0000	60.0000	0.553533850
270.0000	50.0000	60.0000	1.296414900
280.0000	50.0000	60.0000	0.557652240
290.0000	50.0000	60.0000	0.505304300
300.0000	50.0000	60.0000	0.776438900
310.0000	50.0000	60.0000	0.702460700
320.0000	50.0000	60.0000	0.484776350
330.0000	50.0000	60.0000	0.304465600
340.0000	50.0000	60.0000	0.161877230
350.0000	50.0000	60.0000	0.281488060
360.0000	50.0000	60.0000	1.000000000
0.0000	60.0000	60.0000	1.187976400
10.0000	60.0000	60.0000	1.176168400
20.0000	60.0000	60.0000	1.729824000
30.0000	60.0000	60.0000	1.975072900
40.0000	60.0000	60.0000	0.942361950
50.0000	60.0000	60.0000	0.520758800
60.0000	60.0000	60.0000	0.657973230
70.0000	60.0000	60.0000	1.229069800
80.0000	60.0000	60.0000	2.397382500
90.0000	60.0000	60.0000	2.398101600
100.0000	60.0000	60.0000	0.404194150
110.0000	60.0000	60.0000	0.319098800
120.0000	60.0000	60.0000	0.334041900
130.0000	60.0000	60.0000	0.427313920
140.0000	60.0000	60.0000	0.753400700
150.0000	60.0000	60.0000	0.473054650
160.0000	60.0000	60.0000	0.183125760
170.0000	60.0000	60.0000	0.407700600
180.0000	60.0000	60.0000	0.701587260
190.0000	60.0000	60.0000	0.685184600
200.0000	60.0000	60.0000	0.682296040
210.0000	60.0000	60.0000	1.514569400
220.0000	60.0000	60.0000	1.290757900
230.0000	60.0000	60.0000	0.674034500
240.0000	60.0000	60.0000	0.887785600
250.0000	60.0000	60.0000	1.438127800
260.0000	60.0000	60.0000	0.777304950
270.0000	60.0000	60.0000	0.677955300
280.0000	60.0000	60.0000	0.384820730
290.0000	60.0000	60.0000	0.330578920
300.0000	60.0000	60.0000	0.495640460
310.0000	60.0000	60.0000	0.408675340
320.0000	60.0000	60.0000	0.524980000
330.0000	60.0000	60.0000	0.450600330
340.0000	60.0000	60.0000	0.166933480
350.0000	60.0000	60.0000	0.240406530
360.0000	60.0000	60.0000	1.000000000
0.0000	70.0000	60.0000	0.377607430
10.0000	70.0000	60.0000	0.456717730
20.0000	70.0000	60.0000	1.068220100
30.0000	70.0000	60.0000	1.838447800
40.0000	70.0000	60.0000	0.753568770
50.0000	70.0000	60.0000	0.683251260
60.0000	70.0000	60.0000	2.058501700
70.0000	70.0000	60.0000	2.468389500
80.0000	70.0000	60.0000	1.781022000
90.0000	70.0000	60.0000	0.956087350
100.0000	70.0000	60.0000	0.372754200
110.0000	70.0000	60.0000	0.417799170
120.0000	70.0000	60.0000	0.254054600
130.0000	70.0000	60.0000	0.229849490
140.0000	70.0000	60.0000	0.397634360
150.0000	70.0000	60.0000	0.468451020
160.0000	70.0000	60.0000	0.342487660
170.0000	70.0000	60.0000	0.261695440
180.0000	70.0000	60.0000	0.252798500
190.0000	70.0000	60.0000	0.618474250
200.0000	70.0000	60.0000	0.421825620
210.0000	70.0000	60.0000	0.877006050
220.0000	70.0000	60.0000	0.635364300
230.0000	70.0000	60.0000	0.450891550
240.0000	70.0000	60.0000	1.332552100
250.0000	70.0000	60.0000	2.139473200
260.0000	70.0000	60.0000	0.491347220
270.0000	70.0000	60.0000	0.164211390
280.0000	70.0000	60.0000	0.185383110
290.0000	70.0000	60.0000	0.330778100
300.0000	70.0000	60.0000	0.366778670
310.0000	70.0000	60.0000	0.440315100
320.0000	70.0000	60.0000	0.718407630
330.0000	70.0000	60.0000	0.760643360
340.0000	70.0000	60.0000	0.359172340
350.0000	70.0000	60.0000	0.413052100
360.0000	70.0000	60.0000	1.000000000
0.0000	80.0000	60.0000	0.210174070
10.0000	80.0000	60.0000	0.296253440
20.0000	80.0000	60.0000	0.468992320
30.0000	80.0000	60.0000	0.615448400
40.0000	80.0000	60.0000	0.308729200
50.0000	80.0000	60.0000	0.320691880
60.0000	80.0000	60.0000	1.621432000
70.0000	80.0000	60.0000	2.444699300
80.0000	80.0000	60.0000	2.753705000
90.0000	80.0000	60.0000	1.498755200
100.0000	80.0000	60.0000	0.977819260
110.0000	80.0000	60.0000	1.205452900
120.0000	80.0000	60.0000	0.736982000
130.0000	80.0000	60.0000	0.534843600
140.0000	80.0000	60.0000	0.336930780
150.0000	80.0000	60.0000	0.242230340
160.0000	80.0000	60.0000	0.342888980
170.0000	80.0000	60.0000	0.241910920
180.0000	80.0000	60.0000	0.186861740
190.0000	80.0000	60.0000	0.480435340
200.0000	80.0000	60.0000	0.266931650
210.0000	80.0000	60.0000	0.434797530
220.0000	80.0000	60.0000	0.412588120
230.0000	80.0000	60.0000	0.418207600
240.0000	80.0000	60.0000	1.236114900
250.0000	80.0000	60.0000	1.229899000
260.0000	80.0000	60.0000	0.386460600
270.0000	80.0000	60.0000	0.186456110
280.0000	80.0000	60.0000	0.336652600
290.0000	80.0000	60.0000	1.084655400
300.0000	80.0000	60.0000	0.892072900
310.0000	80.0000	60.0000	1.129857900
320.0000	80.0000	60.0000	1.157551000
330.0000	80.0000	60.0000	0.518330500
340.0000	80.0000	60.0000	0.361850140
350.0000	80.0000	60.0000	0.517677400
360.0000	80.0000	60.0000	1.000000000
0.0000	90.0000	60.0000	0.250550060
10.0000	90.0000	60.0000	0.314930260
20.0000	90.0000	60.0000	0.329294530
30.0000	90.0000	60.0000	0.292313400
40.0000	90.0000	60.0000	0.126880900
50.0000	90.0000	60.0000	0.176462400
60.0000	90.0000	60.0000	1.085042500
70.0000	90.0000	60.0000	2.267244600
80.0000	90.0000	60.0000	3.936382000
90.0000	90.0000	60.0000	2.826528800
100.0000	90.0000	60.0000	2.380037000
110.0000	90.0000	60.0000	2.272313800
120.0000	90.0000	60.0000	1.116662000
130.0000	90.0000	60.0000	0.788954000
140.0000	90.0000	60.0000	0.288787220
150.0000	90.0000	60.0000	0.182020190
160.0000	90.0000	60.0000	0.404431670
170.0000	90.0000	60.0000	0.376255600
180.0000	90.0000	60.0000	0.227601900
190.0000	90.0000	60.0000	0.322050800
200.0000	90.0000	60.0000	0.219400120
210.0000	90.0000	60.0000	0.348991900
220.0000	90.0000	60.0000	0.404105660
230.0000	90.0000	60.0000	0.623870550
240.0000	90.0000	60.0000	1.709252600
250.0000	90.0000	60.0000	1.050476900
260.0000	90.0000	60.0000	0.390493630
270.0000	90.0000	60.0000	0.335469800
280.0000	90.0000	60.0000	0.883458100
290.0000	90.0000	60.0000	3.012999300
300.0000	90.0000	60.0000	1.640778400
310.0000	90.0000	60.0000	1.535450000
320.0000	90.0000	60.0000	1.069580400
330.0000	90.0000	60.0000	0.327455300
340.0000	90.0000	60.0000	0.331599980
350.0000	90.0000	60.0000	0.572975160
360.0000	90.0000	60.0000	1.000000000
