0.0000	0.0000	0.0000	0.126931120
10.0000	0.0000	0.0000	0.319357540
20.0000	0.0000	0.0000	1.403446000
30.0000	0.0000	0.0000	1.517134300
40.0000	0.0000	0.0000	0.967670740
50.0000	0.0000	0.0000	1.185318100
60.0000	0.0000	0.0000	1.673994700
70.0000	0.0000	0.0000	1.282886500
80.0000	0.0000	0.0000	0.189040690
90.0000	0.0000	0.0000	0.178529710
100.0000	0.0000	0.0000	0.524594840
110.0000	0.0000	0.0000	1.903218200
120.0000	0.0000	0.0000	2.963236600
130.0000	0.0000	0.0000	3.408941500
140.0000	0.0000	0.0000	3.972395400
150.0000	0.0000	0.0000	3.886036000
160.0000	0.0000	0.0000	1.715183500
170.0000	0.0000	0.0000	0.322604750
180.0000	0.0000	0.0000	0.154809580
190.0000	0.0000	0.0000	0.311987100
200.0000	0.0000	0.0000	1.727380200
210.0000	0.0000	0.0000	0.751371700
220.0000	0.0000	0.0000	0.403291500
230.0000	0.0000	0.0000	0.567244350
240.0000	0.0000	0.0000	1.101198700
250.0000	0.0000	0.0000	1.026980900
260.0000	0.0000	0.0000	0.172609700
270.0000	0.0000	0.0000	0.123456890
280.0000	0.0000	0.0000	0.278960680
290.0000	0.0000	0.0000	1.165851100
300.0000	0.0000	0.0000	2.158821300
310.0000	0.0000	0.0000	2.117237800
320.0000	0.0000	0.0000	2.459610000
330.0000	0.0000	0.0000	2.609949800
340.0000	0.0000	0.0000	1.000228000
350.0000	0.0000	0.0000	0.210647750
360.0000	0.0000	0.0000	1.000000000
0.0000	10.0000	0.0000	0.241966110
10.0000	10.0000	0.0000	1.283592100
20.0000	10.0000	0.0000	4.782727200
30.0000	10.0000	0.0000	0.764865100
40.0000	10.0000	0.0000	1.963943400
50.0000	10.0000	0.0000	4.553162600
60.0000	10.0000	0.0000	1.104809900
70.0000	10.0000	0.0000	1.348907100
80.0000	10.0000	0.0000	0.239089920
90.0000	10.0000	0.0000	0.256851100
100.0000	10.0000	0.0000	1.227451600
110.0000	10.0000	0.0000	3.472093600
120.0000	10.0000	0.0000	2.542635000
130.0000	10.0000	0.0000	2.693148900
140.0000	10.0000	0.0000	4.245340300
150.0000	10.0000	0.0000	5.181089400
160.0000	10.0000	0.0000	2.474747700
170.0000	10.0000	0.0000	0.679065050
180.0000	10.0000	0.0000	0.229332850
190.0000	10.0000	0.0000	1.381325500
200.0000	10.0000	0.0000	1.270954800
210.0000	10.0000	0.0000	0.333351520
220.0000	10.0000	0.0000	0.455410930
230.0000	10.0000	0.0000	1.491317000
240.0000	10.0000	0.0000	1.111642200
250.0000	10.0000	0.0000	0.992804800
260.0000	10.0000	0.0000	0.346376180
270.0000	10.0000	0.0000	0.307243000
280.0000	10.0000	0.0000	0.995702000
290.0000	10.0000	0.0000	2.655134000
300.0000	10.0000	0.0000	3.176225200
310.0000	10.0000	0.0000	3.923726800
320.0000	10.0000	0.0000	3.117244500
330.0000	10.0000	0.0000	2.236218500
340.0000	10.0000	0.0000	1.284913400
350.0000	10.0000	0.0000	0.561147630
360.0000	10.0000	0.0000	1.000000000
0.0000	20.0000	0.0000	0.418125700
10.0000	20.0000	0.0000	0.781975800
20.0000	20.0000	0.0000	2.900373200
30.0000	20.0000	0.0000	1.798016300
40.0000	20.0000	0.0000	1.656946900
50.0000	20.0000	0.0000	1.359604800
60.0000	20.0000	0.0000	0.104310760
70.0000	20.0000	0.0000	0.118336620
80.0000	20.0000	0.0000	0.099593880
90.0000	20.0000	0.0000	0.151842130
100.0000	20.0000	0.0000	0.731845500
110.0000	20.0000	0.0000	0.820362150
120.0000	20.0000	0.0000	0.869638740
130.0000	20.0000	0.0000	1.023510600
140.0000	20.0000	0.0000	0.513984600
150.0000	20.0000	0.0000	0.921191630
160.0000	20.0000	0.0000	1.603776900
170.0000	20.0000	0.0000	0.664970500
180.0000	20.0000	0.0000	0.339362830
190.0000	20.0000	0.0000	0.471886580
200.0000	20.0000	0.0000	0.872064230
210.0000	20.0000	0.0000	0.730165660
220.0000	20.0000	0.0000	0.346340660
230.0000	20.0000	0.0000	0.510862600
240.0000	20.0000	0.0000	0.297873820
250.0000	20.0000	0.0000	0.180582600
260.0000	20.0000	0.0000	0.110832274
270.0000	20.0000	0.0000	0.232501130
280.0000	20.0000	0.0000	0.635958140
290.0000	20.0000	0.0000	0.564840700
300.0000	20.0000	0.0000	1.666924000
310.0000	20.0000	0.0000	5.508902000
320.0000	20.0000	0.0000	1.180433900
330.0000	20.0000	0.0000	0.731588070
340.0000	20.0000	0.0000	0.832968950
350.0000	20.0000	0.0000	0.646211800
360.0000	20.0000	0.0000	1.000000000
0.0000	30.0000	0.0000	0.834394930
10.0000	30.0000	0.0000	1.276473900
20.0000	30.0000	0.0000	3.186541800
30.0000	30.0000	0.0000	1.777913200
40.0000	30.0000	0.0000	0.601096800
50.0000	30.0000	0.0000	0.271240030
60.0000	30.0000	0.0000	0.095582850
70.0000	30.0000	0.0000	0.121355295
80.0000	30.0000	0.0000	0.112072340
90.0000	30.0000	0.0000	0.179055780
100.0000	30.0000	0.0000	0.653429400
110.0000	30.0000	0.0000	0.300504450
120.0000	30.0000	0.0000	0.312533700
130.0000	30.0000	0.0000	1.032210800
140.0000	30.0000	0.0000	1.536472300
150.0000	30.0000	0.0000	2.679965700
160.0000	30.0000	0.0000	6.069814000
170.0000	30.0000	0.0000	2.322059200
180.0000	30.0000	0.0000	1.638639000
190.0000	30.0000	0.0000	1.859244000
200.0000	30.0000	0.0000	1.386124000
210.0000	30.0000	0.0000	0.573261200
220.0000	30.0000	0.0000	0.238909380
230.0000	30.0000	0.0000	0.169840660
240.0000	30.0000	0.0000	0.242239970
250.0000	30.0000	0.0000	0.214091500
260.0000	30.0000	0.0000	0.083705400
270.0000	30.0000	0.0000	0.148005220
280.0000	30.0000	0.0000	0.345234750
290.0000	30.0000	0.0000	0.184567470
300.0000	30.0000	0.0000	0.442919800
310.0000	30.0000	0.0000	1.110911400
320.0000	30.0000	0.0000	0.718937640
330.0000	30.0000	0.0000	1.021686000
340.0000	30.0000	0.0000	2.153952600
350.0000	30.0000	0.0000	1.133315900
360.0000	30.0000	0.0000	1.000000000
0.0000	40.0000	0.0000	3.000052200
10.0000	40.0000	0.0000	4.645297000
20.0000	40.0000	0.0000	5.305104700
30.0000	40.0000	0.0000	2.837668400
40.0000	40.0000	0.0000	2.714890500
50.0000	40.0000	0.0000	0.693636800
60.0000	40.0000	0.0000	1.077382200
70.0000	40.0000	0.0000	3.270334700
80.0000	40.0000	0.0000	0.865233200
90.0000	40.0000	0.0000	0.597760260
100.0000	40.0000	0.0000	1.111959500
110.0000	40.0000	0.0000	0.676515700
120.0000	40.0000	0.0000	0.456206600
130.0000	40.0000	0.0000	1.115548000
140.0000	40.0000	0.0000	2.446606200
150.0000	40.0000	0.0000	3.200036000
160.0000	40.0000	0.0000	6.156324000
170.0000	40.0000	0.0000	4.305539000
180.0000	40.0000	0.0000	4.084282400
190.0000	40.0000	0.0000	4.709486500
200.0000	40.0000	0.0000	2.048104000
210.0000	40.0000	0.0000	0.889346060
220.0000	40.0000	0.0000	0.886089400
230.0000	40.0000	0.0000	0.499980270
240.0000	40.0000	0.0000	0.811521100
250.0000	40.0000	0.0000	1.597045200
260.0000	40.0000	0.0000	0.430185850
270.0000	40.0000	0.0000	0.398416600
280.0000	40.0000	0.0000	0.854884000
290.0000	40.0000	0.0000	1.125455700
300.0000	40.0000	0.0000	0.887184140
310.0000	40.0000	0.0000	1.297698700
320.0000	40.0000	0.0000	2.141035000
330.0000	40.0000	0.0000	2.929257600
340.0000	40.0000	0.0000	5.362437000
350.0000	40.0000	0.0000	3.454832300
360.0000	40.0000	0.0000	1.000000000
0.0000	50.0000	0.0000	7.927311400
10.0000	50.0000	0.0000	9.213797000
20.0000	50.0000	0.0000	4.815707000
30.0000	50.0000	0.0000	2.783372900
40.0000	50.0000	0.0000	1.662853700
50.0000	50.0000	0.0000	0.506542400
60.0000	50.0000	0.0000	0.581443300
70.0000	50.0000	0.0000	1.397623100
80.0000	50.0000	0.0000	0.624574200
90.0000	50.0000	0.0000	0.603658850
100.0000	50.0000	0.0000	1.177673800
110.0000	50.0000	0.0000	0.944601900
120.0000	50.0000	0.0000	0.487184200
130.0000	50.0000	0.0000	0.636066500
140.0000	50.0000	0.0000	1.666083600
150.0000	50.0000	0.0000	2.145883000
160.0000	50.0000	0.0000	2.951917000
170.0000	50.0000	0.0000	1.735141500
180.0000	50.0000	0.0000	1.700744000
190.0000	50.0000	0.0000	2.568323100
200.0000	50.0000	0.0000	2.864106700
210.0000	50.0000	0.0000	2.565422800
220.0000	50.0000	0.0000	2.200425400
230.0000	50.0000	0.0000	0.672250400
240.0000	50.0000	0.0000	0.496662970
250.0000	50.0000	0.0000	0.570440700
260.0000	50.0000	0.0000	0.323016020
270.0000	50.0000	0.0000	0.555964770
280.0000	50.0000	0.0000	1.882759500
290.0000	50.0000	0.0000	2.212557000
300.0000	50.0000	0.0000	0.682452900
310.0000	50.0000	0.0000	0.777340500
320.0000	50.0000	0.0000	2.466732700
330.0000	50.0000	0.0000	2.988104000
340.0000	50.0000	0.0000	6.789817000
350.0000	50.0000	0.0000	7.150284000
360.0000	50.0000	0.0000	1.000000000
0.0000	60.0000	0.0000	3.433665500
10.0000	60.0000	0.0000	3.285630700
20.0000	60.0000	0.0000	2.046446000
30.0000	60.0000	0.0000	1.150315300
40.0000	60.0000	0.0000	0.566632700
50.0000	60.0000	0.0000	0.274697000
60.0000	60.0000	0.0000	0.208810020
70.0000	60.0000	0.0000	0.467209880
80.0000	60.0000	0.0000	0.287678270
90.0000	60.0000	0.0000	0.205695450
100.0000	60.0000	0.0000	0.309617700
110.0000	60.0000	0.0000	0.210562240
120.0000	60.0000	0.0000	0.421707060
130.0000	60.0000	0.0000	0.611082430
140.0000	60.0000	0.0000	0.923031400
150.0000	60.0000	0.0000	1.619384300
160.0000	60.0000	0.0000	1.338949700
170.0000	60.0000	0.0000	0.547325200
180.0000	60.0000	0.0000	0.453024980
190.0000	60.0000	0.0000	1.180350800
200.0000	60.0000	0.0000	2.843175400
210.0000	60.0000	0.0000	2.123354400
220.0000	60.0000	0.0000	2.124132000
230.0000	60.0000	0.0000	0.822941500
240.0000	60.0000	0.0000	0.177996260
250.0000	60.0000	0.0000	0.236721980
260.0000	60.0000	0.0000	0.210442470
270.0000	60.0000	0.0000	0.235631120
280.0000	60.0000	0.0000	0.526024300
290.0000	60.0000	0.0000	0.392658300
300.0000	60.0000	0.0000	0.298316540
310.0000	60.0000	0.0000	0.156188040
320.0000	60.0000	0.0000	0.293093900
330.0000	60.0000	0.0000	1.229918500
340.0000	60.0000	0.0000	3.550042400
350.0000	60.0000	0.0000	4.224461000
360.0000	60.0000	0.0000	1.000000000
0.0000	70.0000	0.0000	0.428441320
10.0000	70.0000	0.0000	0.490814420
20.0000	70.0000	0.0000	0.918016800
30.0000	70.0000	0.0000	0.853197700
40.0000	70.0000	0.0000	0.502056360
50.0000	70.0000	0.0000	0.520732050
60.0000	70.0000	0.0000	0.451458330
70.0000	70.0000	0.0000	0.456511880
80.0000	70.0000	0.0000	0.193431840
90.0000	70.0000	0.0000	0.146293240
100.0000	70.0000	0.0000	0.176720590
110.0000	70.0000	0.0000	0.190647890
120.0000	70.0000	0.0000	0.868765230
130.0000	70.0000	0.0000	1.108885900
140.0000	70.0000	0.0000	1.082372500
150.0000	70.0000	0.0000	1.774619600
160.0000	70.0000	0.0000	1.625945900
170.0000	70.0000	0.0000	0.460672910
180.0000	70.0000	0.0000	0.286809360
190.0000	70.0000	0.0000	0.800830100
200.0000	70.0000	0.0000	1.936540500
210.0000	70.0000	0.0000	1.402446200
220.0000	70.0000	0.0000	3.554691800
230.0000	70.0000	0.0000	3.403455500
240.0000	70.0000	0.0000	0.373229300
250.0000	70.0000	0.0000	0.263529800
260.0000	70.0000	0.0000	0.168159290
270.0000	70.0000	0.0000	0.172021990
280.0000	70.0000	0.0000	0.247709240
290.0000	70.0000	0.0000	0.306296770
300.0000	70.0000	0.0000	0.873896700
310.0000	70.0000	0.0000	0.518404400
320.0000	70.0000	0.0000	0.440530100
330.0000	70.0000	0.0000	1.605128300
340.0000	70.0000	0.0000	2.172966500
350.0000	70.0000	0.0000	1.173197200
360.0000	70.0000	0.0000	1.000000000
0.0000	80.0000	0.0000	0.140575330
10.0000	80.0000	0.0000	0.202447800
20.0000	80.0000	0.0000	1.149069400
30.0000	80.0000	0.0000	1.893850400
40.0000	80.0000	0.0000	1.332781400
50.0000	80.0000	0.0000	1.299849000
60.0000	80.0000	0.0000	1.166704900
70.0000	80.0000	0.0000	0.554532230
80.0000	80.0000	0.0000	0.132561830
90.0000	80.0000	0.0000	0.119793646
100.0000	80.0000	0.0000	0.258756130
110.0000	80.0000	0.0000	0.748061700
120.0000	80.0000	0.0000	1.668085800
130.0000	80.0000	0.0000	2.178645400
140.0000	80.0000	0.0000	2.501969800
150.0000	80.0000	0.0000	2.515313000
160.0000	80.0000	0.0000	2.386813900
170.0000	80.0000	0.0000	0.388166870
180.0000	80.0000	0.0000	0.220033880
190.0000	80.0000	0.0000	0.716914200
200.0000	80.0000	0.0000	1.948784000
210.0000	80.0000	0.0000	2.379248600
220.0000	80.0000	0.0000	3.977934600
230.0000	80.0000	0.0000	3.716056000
240.0000	80.0000	0.0000	1.338413600
250.0000	80.0000	0.0000	0.547361600
260.0000	80.0000	0.0000	0.140714530
270.0000	80.0000	0.0000	0.142396600
280.0000	80.0000	0.0000	0.281035240
290.0000	80.0000	0.0000	0.928907300
300.0000	80.0000	0.0000	1.551315400
310.0000	80.0000	0.0000	0.783977030
320.0000	80.0000	0.0000	0.786083640
330.0000	80.0000	0.0000	1.664503200
340.0000	80.0000	0.0000	1.822640200
350.0000	80.0000	0.0000	0.633333700
360.0000	80.0000	0.0000	1.000000000
0.0000	90.0000	0.0000	0.123319970
10.0000	90.0000	0.0000	0.159770880
20.0000	90.0000	0.0000	1.345742000
30.0000	90.0000	0.0000	2.559529500
40.0000	90.0000	0.0000	2.505027800
50.0000	90.0000	0.0000	2.906046900
60.0000	90.0000	0.0000	2.894518600
70.0000	90.0000	0.0000	1.199495100
80.0000	90.0000	0.0000	0.214904830
90.0000	90.0000	0.0000	0.153331190
100.0000	90.0000	0.0000	0.413102000
110.0000	90.0000	0.0000	2.253891500
120.0000	90.0000	0.0000	2.147704100
130.0000	90.0000	0.0000	2.691238400
140.0000	90.0000	0.0000	3.587234700
150.0000	90.0000	0.0000	3.348083500
160.0000	90.0000	0.0000	2.621212500
170.0000	90.0000	0.0000	0.200239970
180.0000	90.0000	0.0000	0.173906680
190.0000	90.0000	0.0000	0.663629100
200.0000	90.0000	0.0000	2.499762500
210.0000	90.0000	0.0000	3.403808000
220.0000	90.0000	0.0000	3.851088300
230.0000	90.0000	0.0000	4.318222000
240.0000	90.0000	0.0000	3.888156400
250.0000	90.0000	0.0000	1.930922200
260.0000	90.0000	0.0000	0.307572300
270.0000	90.0000	0.0000	0.173824000
280.0000	90.0000	0.0000	0.406602860
290.0000	90.0000	0.0000	2.840430700
300.0000	90.0000	0.0000	1.408113700
310.0000	90.0000	0.0000	0.702139850
320.0000	90.0000	0.0000	0.945905300
330.0000	90.0000	0.0000	1.665578400
340.0000	90.0000	0.0000	1.278032900
350.0000	90.0000	0.0000	0.458172320
360.0000	90.0000	0.0000	1.000000000
0.0000	0.0000	10.0000	1.000000000
10.0000	0.0000	10.0000	1.000000000
20.0000	0.0000	10.0000	1.000000000
30.0000	0.0000	10.0000	1.000000000
40.0000	0.0000	10.0000	1.000000000
50.0000	0.0000	10.0000	1.000000000
60.0000	0.0000	10.0000	1.000000000
70.0000	0.0000	10.0000	1.000000000
80.0000	0.0000	10.0000	1.000000000
90.0000	0.0000	10.0000	1.000000000
100.0000	0.0000	10.0000	1.000000000
110.0000	0.0000	10.0000	1.000000000
120.0000	0.0000	10.0000	1.000000000
130.0000	0.0000	10.0000	1.000000000
140.0000	0.0000	10.0000	1.000000000
150.0000	0.0000	10.0000	1.000000000
160.0000	0.0000	10.0000	1.000000000
170.0000	0.0000	10.0000	1.000000000
180.0000	0.0000	10.0000	1.000000000
190.0000	0.0000	10.0000	1.000000000
200.0000	0.0000	10.0000	1.000000000
210.0000	0.0000	10.0000	1.000000000
220.0000	0.0000	10.0000	1.000000000
230.0000	0.0000	10.0000	1.000000000
240.0000	0.0000	10.0000	1.000000000
250.0000	0.0000	10.0000	1.000000000
260.0000	0.0000	10.0000	1.000000000
270.0000	0.0000	10.0000	1.000000000
280.0000	0.0000	10.0000	1.000000000
290.0000	0.0000	10.0000	1.000000000
300.0000	0.0000	10.0000	1.000000000
310.0000	0.0000	10.0000	1.000000000
320.0000	0.0000	10.0000	1.000000000
330.0000	0.0000	10.0000	1.000000000
340.0000	0.0000	10.0000	1.000000000
350.0000	0.0000	10.0000	1.000000000
360.0000	0.0000	10.0000	1.000000000
0.0000	10.0000	10.0000	0.558790400
10.0000	10.0000	10.0000	2.956413300
20.0000	10.0000	10.0000	5.399777000
30.0000	10.0000	10.0000	1.643638800
40.0000	10.0000	10.0000	2.156310600
50.0000	10.0000	10.0000	1.734792800
60.0000	10.0000	10.0000	0.254419240
70.0000	10.0000	10.0000	0.345038320
80.0000	10.0000	10.0000	0.247444120
90.0000	10.0000	10.0000	0.306213600
100.0000	10.0000	10.0000	1.454969800
110.0000	10.0000	10.0000	1.757649100
120.0000	10.0000	10.0000	1.626712200
130.0000	10.0000	10.0000	2.327657200
140.0000	10.0000	10.0000	3.390699000
150.0000	10.0000	10.0000	2.423981200
160.0000	10.0000	10.0000	1.174505500
170.0000	10.0000	10.0000	0.702759900
180.0000	10.0000	10.0000	0.637814940
190.0000	10.0000	10.0000	2.143734700
200.0000	10.0000	10.0000	1.241277500
210.0000	10.0000	10.0000	0.460490800
220.0000	10.0000	10.0000	0.668014050
230.0000	10.0000	10.0000	1.370559700
240.0000	10.0000	10.0000	0.367821220
250.0000	10.0000	10.0000	0.293440250
260.0000	10.0000	10.0000	0.401772200
270.0000	10.0000	10.0000	0.457192100
280.0000	10.0000	10.0000	1.859288200
290.0000	10.0000	10.0000	2.184089700
300.0000	10.0000	10.0000	2.697403000
310.0000	10.0000	10.0000	4.523405000
320.0000	10.0000	10.0000	2.857010600
330.0000	10.0000	10.0000	1.227768400
340.0000	10.0000	10.0000	0.879649940
350.0000	10.0000	10.0000	0.609092200
360.0000	10.0000	10.0000	1.000000000
0.0000	20.0000	10.0000	0.818811400
10.0000	20.0000	10.0000	1.963470200
20.0000	20.0000	10.0000	3.080003300
30.0000	20.0000	10.0000	1.650032300
40.0000	20.0000	10.0000	1.769354500
50.0000	20.0000	10.0000	1.376193600
60.0000	20.0000	10.0000	0.127536970
70.0000	20.0000	10.0000	0.117813790
80.0000	20.0000	10.0000	0.191548300
90.0000	20.0000	10.0000	0.142958340
100.0000	20.0000	10.0000	0.740332070
110.0000	20.0000	10.0000	0.657113500
120.0000	20.0000	10.0000	0.510834600
130.0000	20.0000	10.0000	0.813329300
140.0000	20.0000	10.0000	0.970361800
150.0000	20.0000	10.0000	1.203578700
160.0000	20.0000	10.0000	0.769630000
170.0000	20.0000	10.0000	0.630410730
180.0000	20.0000	10.0000	0.642137350
190.0000	20.0000	10.0000	0.900618200
200.0000	20.0000	10.0000	0.912287500
210.0000	20.0000	10.0000	0.493579660
220.0000	20.0000	10.0000	0.507194940
230.0000	20.0000	10.0000	0.843729200
240.0000	20.0000	10.0000	0.239178580
250.0000	20.0000	10.0000	0.179341450
260.0000	20.0000	10.0000	0.498661370
270.0000	20.0000	10.0000	0.387907680
280.0000	20.0000	10.0000	1.012013700
290.0000	20.0000	10.0000	1.422287300
300.0000	20.0000	10.0000	2.762452100
310.0000	20.0000	10.0000	2.634456000
320.0000	20.0000	10.0000	1.407588400
330.0000	20.0000	10.0000	1.308146700
340.0000	20.0000	10.0000	0.667940740
350.0000	20.0000	10.0000	0.538538700
360.0000	20.0000	10.0000	1.000000000
0.0000	30.0000	10.0000	1.013836000
10.0000	30.0000	10.0000	1.446406600
20.0000	30.0000	10.0000	1.507388000
30.0000	30.0000	10.0000	0.843000650
40.0000	30.0000	10.0000	0.627747800
50.0000	30.0000	10.0000	0.408586900
60.0000	30.0000	10.0000	0.222223160
70.0000	30.0000	10.0000	0.200911690
80.0000	30.0000	10.0000	0.306346200
90.0000	30.0000	10.0000	0.445350830
100.0000	30.0000	10.0000	1.243000500
110.0000	30.0000	10.0000	0.511321200
120.0000	30.0000	10.0000	0.416752800
130.0000	30.0000	10.0000	1.059735900
140.0000	30.0000	10.0000	1.337887500
150.0000	30.0000	10.0000	2.070049000
160.0000	30.0000	10.0000	1.794251800
170.0000	30.0000	10.0000	1.592597100
180.0000	30.0000	10.0000	1.794690500
190.0000	30.0000	10.0000	1.669434900
200.0000	30.0000	10.0000	0.630128560
210.0000	30.0000	10.0000	0.316713000
220.0000	30.0000	10.0000	0.326967500
230.0000	30.0000	10.0000	0.352106100
240.0000	30.0000	10.0000	0.321333100
250.0000	30.0000	10.0000	0.283652400
260.0000	30.0000	10.0000	0.292814170
270.0000	30.0000	10.0000	0.275421200
280.0000	30.0000	10.0000	0.363731770
290.0000	30.0000	10.0000	0.318087220
300.0000	30.0000	10.0000	0.567759000
310.0000	30.0000	10.0000	1.115192400
320.0000	30.0000	10.0000	1.264559900
330.0000	30.0000	10.0000	1.440099400
340.0000	30.0000	10.0000	0.658943200
350.0000	30.0000	10.0000	0.412723330
360.0000	30.0000	10.0000	1.000000000
0.0000	40.0000	10.0000	2.505643400
10.0000	40.0000	10.0000	2.878108300
20.0000	40.0000	10.0000	1.992821500
30.0000	40.0000	10.0000	0.955533900
40.0000	40.0000	10.0000	0.570965000
50.0000	40.0000	10.0000	0.584696230
60.0000	40.0000	10.0000	1.084540100
70.0000	40.0000	10.0000	1.163940900
80.0000	40.0000	10.0000	1.347908700
90.0000	40.0000	10.0000	2.460108500
100.0000	40.0000	10.0000	2.535794700
110.0000	40.0000	10.0000	0.634755970
120.0000	40.0000	10.0000	0.421362220
130.0000	40.0000	10.0000	1.007777300
140.0000	40.0000	10.0000	1.509796700
150.0000	40.0000	10.0000	2.217873800
160.0000	40.0000	10.0000	3.264032100
170.0000	40.0000	10.0000	3.402201000
180.0000	40.0000	10.0000	3.429967600
190.0000	40.0000	10.0000	2.799814200
200.0000	40.0000	10.0000	0.979723400
210.0000	40.0000	10.0000	0.388559370
220.0000	40.0000	10.0000	0.444828930
230.0000	40.0000	10.0000	0.466788700
240.0000	40.0000	10.0000	0.549795750
250.0000	40.0000	10.0000	0.629528160
260.0000	40.0000	10.0000	0.669622060
270.0000	40.0000	10.0000	1.118221500
280.0000	40.0000	10.0000	1.341695800
290.0000	40.0000	10.0000	0.621643000
300.0000	40.0000	10.0000	0.644960170
310.0000	40.0000	10.0000	1.609143400
320.0000	40.0000	10.0000	2.120235000
330.0000	40.0000	10.0000	2.224920500
340.0000	40.0000	10.0000	1.637210400
350.0000	40.0000	10.0000	1.197132000
360.0000	40.0000	10.0000	1.000000000
0.0000	50.0000	10.0000	5.447558000
10.0000	50.0000	10.0000	4.735810300
20.0000	50.0000	10.0000	2.356782200
30.0000	50.0000	10.0000	2.243969200
40.0000	50.0000	10.0000	0.975002500
50.0000	50.0000	10.0000	0.577293500
60.0000	50.0000	10.0000	1.107575700
70.0000	50.0000	10.0000	1.259370100
80.0000	50.0000	10.0000	1.092070500
90.0000	50.0000	10.0000	1.541835800
100.0000	50.0000	10.0000	1.112395800
110.0000	50.0000	10.0000	0.462258580
120.0000	50.0000	10.0000	0.319251480
130.0000	50.0000	10.0000	0.476970500
140.0000	50.0000	10.0000	1.139313800
150.0000	50.0000	10.0000	1.790042600
160.0000	50.0000	10.0000	2.210141200
170.0000	50.0000	10.0000	1.591744900
180.0000	50.0000	10.0000	1.367763500
190.0000	50.0000	10.0000	1.557258200
200.0000	50.0000	10.0000	1.276616500
210.0000	50.0000	10.0000	0.916177750
220.0000	50.0000	10.0000	0.884282300
230.0000	50.0000	10.0000	0.781684700
240.0000	50.0000	10.0000	0.880496860
250.0000	50.0000	10.0000	0.857975240
260.0000	50.0000	10.0000	0.676564930
270.0000	50.0000	10.0000	1.291448700
280.0000	50.0000	10.0000	2.051673200
290.0000	50.0000	10.0000	0.974620800
300.0000	50.0000	10.0000	0.448211580
310.0000	50.0000	10.0000	0.533725500
320.0000	50.0000	10.0000	1.222122800
330.0000	50.0000	10.0000	1.949303600
340.0000	50.0000	10.0000	3.089870500
350.0000	50.0000	10.0000	4.039558000
360.0000	50.0000	10.0000	1.000000000
0.0000	60.0000	10.0000	2.519075400
10.0000	60.0000	10.0000	2.307387000
20.0000	60.0000	10.0000	1.396510400
30.0000	60.0000	10.0000	1.111212600
40.0000	60.0000	10.0000	0.551316860
50.0000	60.0000	10.0000	0.271664260
60.0000	60.0000	10.0000	0.250489830
70.0000	60.0000	10.0000	0.512196700
80.0000	60.0000	10.0000	0.432505220
90.0000	60.0000	10.0000	0.362074230
100.0000	60.0000	10.0000	0.293827200
110.0000	60.0000	10.0000	0.275191660
120.0000	60.0000	10.0000	0.550854560
130.0000	60.0000	10.0000	0.547051250
140.0000	60.0000	10.0000	0.874142400
150.0000	60.0000	10.0000	1.396926900
160.0000	60.0000	10.0000	1.015975800
170.0000	60.0000	10.0000	0.397178050
180.0000	60.0000	10.0000	0.311084630
190.0000	60.0000	10.0000	0.732372050
200.0000	60.0000	10.0000	1.215898400
210.0000	60.0000	10.0000	1.186209400
220.0000	60.0000	10.0000	1.667363500
230.0000	60.0000	10.0000	0.811416400
240.0000	60.0000	10.0000	0.275532570
250.0000	60.0000	10.0000	0.429986570
260.0000	60.0000	10.0000	0.381668450
270.0000	60.0000	10.0000	0.397149300
280.0000	60.0000	10.0000	0.607287100
290.0000	60.0000	10.0000	0.493729920
300.0000	60.0000	10.0000	0.459473280
310.0000	60.0000	10.0000	0.270952080
320.0000	60.0000	10.0000	0.531437400
330.0000	60.0000	10.0000	1.851507700
340.0000	60.0000	10.0000	2.892008000
350.0000	60.0000	10.0000	2.953901500
360.0000	60.0000	10.0000	1.000000000
0.0000	70.0000	10.0000	0.361610140
10.0000	70.0000	10.0000	0.464995950
20.0000	70.0000	10.0000	0.589172000
30.0000	70.0000	10.0000	0.590604200
40.0000	70.0000	10.0000	0.681734800
50.0000	70.0000	10.0000	0.485997170
60.0000	70.0000	10.0000	0.310450880
70.0000	70.0000	10.0000	0.454040650
80.0000	70.0000	10.0000	0.326396850
90.0000	70.0000	10.0000	0.201127810
100.0000	70.0000	10.0000	0.174828010
110.0000	70.0000	10.0000	0.357473200
120.0000	70.0000	10.0000	1.072511600
130.0000	70.0000	10.0000	0.955846900
140.0000	70.0000	10.0000	0.992871050
150.0000	70.0000	10.0000	1.413027300
160.0000	70.0000	10.0000	0.826092200
170.0000	70.0000	10.0000	0.255422530
180.0000	70.0000	10.0000	0.197305780
190.0000	70.0000	10.0000	0.486998440
200.0000	70.0000	10.0000	0.898741960
210.0000	70.0000	10.0000	1.217105200
220.0000	70.0000	10.0000	3.366502500
230.0000	70.0000	10.0000	1.570747900
240.0000	70.0000	10.0000	0.226346570
250.0000	70.0000	10.0000	0.270817700
260.0000	70.0000	10.0000	0.276847030
270.0000	70.0000	10.0000	0.179716690
280.0000	70.0000	10.0000	0.211012830
290.0000	70.0000	10.0000	0.492438880
300.0000	70.0000	10.0000	1.071958900
310.0000	70.0000	10.0000	0.458657650
320.0000	70.0000	10.0000	0.549520250
330.0000	70.0000	10.0000	1.592768700
340.0000	70.0000	10.0000	1.216318800
350.0000	70.0000	10.0000	0.594529750
360.0000	70.0000	10.0000	1.000000000
0.0000	80.0000	10.0000	0.120397314
10.0000	80.0000	10.0000	0.164079590
20.0000	80.0000	10.0000	0.476427820
30.0000	80.0000	10.0000	0.905197200
40.0000	80.0000	10.0000	1.849772800
50.0000	80.0000	10.0000	1.960645300
60.0000	80.0000	10.0000	1.091621900
70.0000	80.0000	10.0000	0.600755330
80.0000	80.0000	10.0000	0.268210080
90.0000	80.0000	10.0000	0.181723830
100.0000	80.0000	10.0000	0.316341070
110.0000	80.0000	10.0000	1.080554000
120.0000	80.0000	10.0000	1.577343300
130.0000	80.0000	10.0000	1.471536400
140.0000	80.0000	10.0000	1.942070400
150.0000	80.0000	10.0000	1.936293600
160.0000	80.0000	10.0000	0.808170100
170.0000	80.0000	10.0000	0.208365490
180.0000	80.0000	10.0000	0.163928910
190.0000	80.0000	10.0000	0.315238570
200.0000	80.0000	10.0000	0.659991400
210.0000	80.0000	10.0000	1.323246400
220.0000	80.0000	10.0000	2.743526000
230.0000	80.0000	10.0000	2.442358700
240.0000	80.0000	10.0000	1.023368800
250.0000	80.0000	10.0000	0.508605200
260.0000	80.0000	10.0000	0.226092760
270.0000	80.0000	10.0000	0.157979900
280.0000	80.0000	10.0000	0.273155150
290.0000	80.0000	10.0000	0.862198800
300.0000	80.0000	10.0000	1.151471700
310.0000	80.0000	10.0000	0.499793860
320.0000	80.0000	10.0000	0.634857900
330.0000	80.0000	10.0000	1.531052000
340.0000	80.0000	10.0000	0.834694270
350.0000	80.0000	10.0000	0.276163600
360.0000	80.0000	10.0000	1.000000000
0.0000	90.0000	10.0000	0.103075260
10.0000	90.0000	10.0000	0.109525910
20.0000	90.0000	10.0000	0.541684030
30.0000	90.0000	10.0000	1.225074900
40.0000	90.0000	10.0000	2.674802300
50.0000	90.0000	10.0000	3.423373700
60.0000	90.0000	10.0000	2.778632400
70.0000	90.0000	10.0000	0.992089100
80.0000	90.0000	10.0000	0.338918480
90.0000	90.0000	10.0000	0.242249190
100.0000	90.0000	10.0000	0.639773800
110.0000	90.0000	10.0000	2.945621700
120.0000	90.0000	10.0000	2.131497000
130.0000	90.0000	10.0000	2.310368300
140.0000	90.0000	10.0000	3.329353300
150.0000	90.0000	10.0000	2.491090800
160.0000	90.0000	10.0000	0.620782900
170.0000	90.0000	10.0000	0.126858490
180.0000	90.0000	10.0000	0.131305260
190.0000	90.0000	10.0000	0.274934620
200.0000	90.0000	10.0000	0.595302050
210.0000	90.0000	10.0000	1.185316300
220.0000	90.0000	10.0000	1.914031000
230.0000	90.0000	10.0000	2.141974700
240.0000	90.0000	10.0000	2.567135000
250.0000	90.0000	10.0000	1.510273800
260.0000	90.0000	10.0000	0.381816980
270.0000	90.0000	10.0000	0.207159220
280.0000	90.0000	10.0000	0.535481630
290.0000	90.0000	10.0000	1.753614300
300.0000	90.0000	10.0000	1.059805400
310.0000	90.0000	10.0000	0.496312740
320.0000	90.0000	10.0000	0.713982900
330.0000	90.0000	10.0000	2.009668400
340.0000	90.0000	10.0000	0.767206100
350.0000	90.0000	10.0000	0.250532060
360.0000	90.0000	10.0000	1.000000000
0.0000	0.0000	20.0000	1.000000000
10.0000	0.0000	20.0000	1.000000000
20.0000	0.0000	20.0000	1.000000000
30.0000	0.0000	20.0000	1.000000000
40.0000	0.0000	20.0000	1.000000000
50.0000	0.0000	20.0000	1.000000000
60.0000	0.0000	20.0000	1.000000000
70.0000	0.0000	20.0000	1.000000000
80.0000	0.0000	20.0000	1.000000000
90.0000	0.0000	20.0000	1.000000000
100.0000	0.0000	20.0000	1.000000000
110.0000	0.0000	20.0000	1.000000000
120.0000	0.0000	20.0000	1.000000000
130.0000	0.0000	20.0000	1.000000000
140.0000	0.0000	20.0000	1.000000000
150.0000	0.0000	20.0000	1.000000000
160.0000	0.0000	20.0000	1.000000000
170.0000	0.0000	20.0000	1.000000000
180.0000	0.0000	20.0000	1.000000000
190.0000	0.0000	20.0000	1.000000000
200.0000	0.0000	20.0000	1.000000000
210.0000	0.0000	20.0000	1.000000000
220.0000	0.0000	20.0000	1.000000000
230.0000	0.0000	20.0000	1.000000000
240.0000	0.0000	20.0000	1.000000000
250.0000	0.0000	20.0000	1.000000000
260.0000	0.0000	20.0000	1.000000000
270.0000	0.0000	20.0000	1.000000000
280.0000	0.0000	20.0000	1.000000000
290.0000	0.0000	20.0000	1.000000000
300.0000	0.0000	20.0000	1.000000000
310.0000	0.0000	20.0000	1.000000000
320.0000	0.0000	20.0000	1.000000000
330.0000	0.0000	20.0000	1.000000000
340.0000	0.0000	20.0000	1.000000000
350.0000	0.0000	20.0000	1.000000000
360.0000	0.0000	20.0000	1.000000000
0.0000	10.0000	20.0000	1.391003600
10.0000	10.0000	20.0000	5.197776000
20.0000	10.0000	20.0000	4.430383700
30.0000	10.0000	20.0000	2.344711000
40.0000	10.0000	20.0000	1.152278000
50.0000	10.0000	20.0000	0.126207430
60.0000	10.0000	20.0000	0.034595568
70.0000	10.0000	20.0000	0.054321498
80.0000	10.0000	20.0000	0.052483436
90.0000	10.0000	20.0000	0.089258670
100.0000	10.0000	20.0000	0.533526700
110.0000	10.0000	20.0000	0.940492330
120.0000	10.0000	20.0000	0.739805160
130.0000	10.0000	20.0000	0.957658650
140.0000	10.0000	20.0000	0.591725950
150.0000	10.0000	20.0000	0.170927550
160.0000	10.0000	20.0000	0.442806330
170.0000	10.0000	20.0000	1.176107400
180.0000	10.0000	20.0000	1.815712200
190.0000	10.0000	20.0000	1.186536900
200.0000	10.0000	20.0000	0.706187370
210.0000	10.0000	20.0000	0.560456400
220.0000	10.0000	20.0000	1.107103100
230.0000	10.0000	20.0000	0.378790320
240.0000	10.0000	20.0000	0.061757885
250.0000	10.0000	20.0000	0.043437630
260.0000	10.0000	20.0000	0.036076640
270.0000	10.0000	20.0000	0.098310480
280.0000	10.0000	20.0000	0.776564300
290.0000	10.0000	20.0000	1.369867000
300.0000	10.0000	20.0000	1.881737600
310.0000	10.0000	20.0000	2.628890800
320.0000	10.0000	20.0000	0.644339700
330.0000	10.0000	20.0000	0.195494350
340.0000	10.0000	20.0000	0.464235630
350.0000	10.0000	20.0000	0.931900600
360.0000	10.0000	20.0000	1.000000000
0.0000	20.0000	20.0000	1.491696600
10.0000	20.0000	20.0000	2.805311400
20.0000	20.0000	20.0000	2.097169400
30.0000	20.0000	20.0000	1.376592800
40.0000	20.0000	20.0000	0.991854800
50.0000	20.0000	20.0000	0.408017340
60.0000	20.0000	20.0000	0.162764920
70.0000	20.0000	20.0000	0.155499100
80.0000	20.0000	20.0000	0.127557580
90.0000	20.0000	20.0000	0.134445610
100.0000	20.0000	20.0000	0.367974200
110.0000	20.0000	20.0000	0.493267400
120.0000	20.0000	20.0000	0.430858280
130.0000	20.0000	20.0000	0.614327600
140.0000	20.0000	20.0000	0.643288970
150.0000	20.0000	20.0000	0.326898160
160.0000	20.0000	20.0000	0.303073730
170.0000	20.0000	20.0000	0.702177170
180.0000	20.0000	20.0000	0.995364400
190.0000	20.0000	20.0000	0.843611360
200.0000	20.0000	20.0000	0.578897500
210.0000	20.0000	20.0000	0.465973700
220.0000	20.0000	20.0000	0.674117600
230.0000	20.0000	20.0000	0.486830320
240.0000	20.0000	20.0000	0.160572540
250.0000	20.0000	20.0000	0.149337200
260.0000	20.0000	20.0000	0.150579680
270.0000	20.0000	20.0000	0.100419775
280.0000	20.0000	20.0000	0.347714160
290.0000	20.0000	20.0000	2.894615000
300.0000	20.0000	20.0000	2.734756500
310.0000	20.0000	20.0000	1.042102600
320.0000	20.0000	20.0000	0.905575900
330.0000	20.0000	20.0000	0.432833340
340.0000	20.0000	20.0000	0.276455670
350.0000	20.0000	20.0000	0.466211940
360.0000	20.0000	20.0000	1.000000000
0.0000	30.0000	20.0000	1.254931800
10.0000	30.0000	20.0000	1.381065000
20.0000	30.0000	20.0000	0.687092960
30.0000	30.0000	20.0000	0.688487600
40.0000	30.0000	20.0000	0.595730900
50.0000	30.0000	20.0000	0.405058500
60.0000	30.0000	20.0000	0.447881200
70.0000	30.0000	20.0000	0.234936800
80.0000	30.0000	20.0000	0.237355010
90.0000	30.0000	20.0000	0.289809530
100.0000	30.0000	20.0000	0.423266080
110.0000	30.0000	20.0000	0.581522350
120.0000	30.0000	20.0000	0.701479400
130.0000	30.0000	20.0000	0.586107250
140.0000	30.0000	20.0000	0.806495700
150.0000	30.0000	20.0000	0.942080300
160.0000	30.0000	20.0000	0.733179100
170.0000	30.0000	20.0000	1.210468900
180.0000	30.0000	20.0000	1.847123100
190.0000	30.0000	20.0000	1.116940100
200.0000	30.0000	20.0000	0.359028940
210.0000	30.0000	20.0000	0.397572370
220.0000	30.0000	20.0000	0.543248900
230.0000	30.0000	20.0000	0.450681720
240.0000	30.0000	20.0000	0.428394970
250.0000	30.0000	20.0000	0.249314470
260.0000	30.0000	20.0000	0.278004020
270.0000	30.0000	20.0000	0.194252330
280.0000	30.0000	20.0000	0.443835850
290.0000	30.0000	20.0000	1.579427700
300.0000	30.0000	20.0000	1.389547300
310.0000	30.0000	20.0000	1.177832500
320.0000	30.0000	20.0000	1.475914600
330.0000	30.0000	20.0000	0.477418040
340.0000	30.0000	20.0000	0.120830160
350.0000	30.0000	20.0000	0.162067650
360.0000	30.0000	20.0000	1.000000000
0.0000	40.0000	20.0000	1.634256500
10.0000	40.0000	20.0000	1.142596100
20.0000	40.0000	20.0000	0.339564090
30.0000	40.0000	20.0000	0.317297460
40.0000	40.0000	20.0000	0.286978840
50.0000	40.0000	20.0000	0.530068930
60.0000	40.0000	20.0000	1.422463000
70.0000	40.0000	20.0000	0.786589100
80.0000	40.0000	20.0000	0.814034300
90.0000	40.0000	20.0000	1.449113100
100.0000	40.0000	20.0000	0.933189630
110.0000	40.0000	20.0000	0.517080900
120.0000	40.0000	20.0000	0.389100520
130.0000	40.0000	20.0000	0.518478450
140.0000	40.0000	20.0000	0.921941640
150.0000	40.0000	20.0000	1.284796500
160.0000	40.0000	20.0000	1.728429400
170.0000	40.0000	20.0000	2.154971400
180.0000	40.0000	20.0000	2.216644500
190.0000	40.0000	20.0000	1.121882800
200.0000	40.0000	20.0000	0.265808050
210.0000	40.0000	20.0000	0.222834930
220.0000	40.0000	20.0000	0.486419530
230.0000	40.0000	20.0000	0.690680440
240.0000	40.0000	20.0000	0.680895150
250.0000	40.0000	20.0000	0.529028400
260.0000	40.0000	20.0000	0.625719250
270.0000	40.0000	20.0000	1.293540100
280.0000	40.0000	20.0000	1.515717100
290.0000	40.0000	20.0000	0.846511800
300.0000	40.0000	20.0000	0.630852700
310.0000	40.0000	20.0000	1.162334000
320.0000	40.0000	20.0000	1.062427200
330.0000	40.0000	20.0000	0.568128350
340.0000	40.0000	20.0000	0.369928930
350.0000	40.0000	20.0000	0.447549940
360.0000	40.0000	20.0000	1.000000000
0.0000	50.0000	20.0000	1.980520000
10.0000	50.0000	20.0000	1.076859200
20.0000	50.0000	20.0000	0.279531030
30.0000	50.0000	20.0000	0.293846000
40.0000	50.0000	20.0000	0.391001050
50.0000	50.0000	20.0000	0.763679600
60.0000	50.0000	20.0000	1.424056900
70.0000	50.0000	20.0000	0.799386440
80.0000	50.0000	20.0000	0.815773000
90.0000	50.0000	20.0000	1.149516300
100.0000	50.0000	20.0000	0.721995530
110.0000	50.0000	20.0000	0.277434600
120.0000	50.0000	20.0000	0.188034940
130.0000	50.0000	20.0000	0.367476760
140.0000	50.0000	20.0000	1.154529600
150.0000	50.0000	20.0000	1.408084600
160.0000	50.0000	20.0000	1.076050500
170.0000	50.0000	20.0000	0.774871050
180.0000	50.0000	20.0000	0.947138850
190.0000	50.0000	20.0000	0.800776540
200.0000	50.0000	20.0000	0.274934470
210.0000	50.0000	20.0000	0.204551490
220.0000	50.0000	20.0000	0.642930500
230.0000	50.0000	20.0000	1.247845300
240.0000	50.0000	20.0000	1.238107300
250.0000	50.0000	20.0000	0.733577600
260.0000	50.0000	20.0000	0.639243840
270.0000	50.0000	20.0000	1.430412400
280.0000	50.0000	20.0000	2.391356000
290.0000	50.0000	20.0000	0.679629860
300.0000	50.0000	20.0000	0.224705370
310.0000	50.0000	20.0000	0.370910080
320.0000	50.0000	20.0000	0.927095800
330.0000	50.0000	20.0000	1.267123700
340.0000	50.0000	20.0000	1.607501400
350.0000	50.0000	20.0000	1.964980200
360.0000	50.0000	20.0000	1.000000000
0.0000	60.0000	20.0000	1.190681700
10.0000	60.0000	20.0000	0.921992360
20.0000	60.0000	20.0000	0.434259440
30.0000	60.0000	20.0000	0.433390530
40.0000	60.0000	20.0000	0.466747200
50.0000	60.0000	20.0000	0.492113140
60.0000	60.0000	20.0000	0.458260150
70.0000	60.0000	20.0000	0.422253100
80.0000	60.0000	20.0000	0.281438100
90.0000	60.0000	20.0000	0.388931870
100.0000	60.0000	20.0000	0.341019030
110.0000	60.0000	20.0000	0.516378940
120.0000	60.0000	20.0000	0.567322200
130.0000	60.0000	20.0000	0.528760100
140.0000	60.0000	20.0000	1.138387900
150.0000	60.0000	20.0000	1.467428600
160.0000	60.0000	20.0000	0.574327700
170.0000	60.0000	20.0000	0.227719810
180.0000	60.0000	20.0000	0.249111650
190.0000	60.0000	20.0000	0.499586500
200.0000	60.0000	20.0000	0.428328370
210.0000	60.0000	20.0000	0.448032080
220.0000	60.0000	20.0000	0.942041040
230.0000	60.0000	20.0000	1.039267200
240.0000	60.0000	20.0000	0.601556660
250.0000	60.0000	20.0000	0.503128650
260.0000	60.0000	20.0000	0.276134300
270.0000	60.0000	20.0000	0.450183150
280.0000	60.0000	20.0000	1.005395700
290.0000	60.0000	20.0000	1.009181600
300.0000	60.0000	20.0000	0.602089000
310.0000	60.0000	20.0000	0.596891340
320.0000	60.0000	20.0000	1.383060700
330.0000	60.0000	20.0000	1.989117000
340.0000	60.0000	20.0000	1.930444200
350.0000	60.0000	20.0000	1.872276500
360.0000	60.0000	20.0000	1.000000000
0.0000	70.0000	20.0000	0.373054650
10.0000	70.0000	20.0000	0.493698950
20.0000	70.0000	20.0000	0.387217550
30.0000	70.0000	20.0000	0.322768240
40.0000	70.0000	20.0000	0.753694000
50.0000	70.0000	20.0000	0.577507560
60.0000	70.0000	20.0000	0.475867660
70.0000	70.0000	20.0000	0.708424030
80.0000	70.0000	20.0000	0.249781890
90.0000	70.0000	20.0000	0.161101400
100.0000	70.0000	20.0000	0.238465090
110.0000	70.0000	20.0000	0.657838170
120.0000	70.0000	20.0000	1.049921300
130.0000	70.0000	20.0000	0.667076800
140.0000	70.0000	20.0000	0.942637600
150.0000	70.0000	20.0000	1.363766700
160.0000	70.0000	20.0000	0.401104720
170.0000	70.0000	20.0000	0.153813320
180.0000	70.0000	20.0000	0.172213320
190.0000	70.0000	20.0000	0.359009060
200.0000	70.0000	20.0000	0.369856120
210.0000	70.0000	20.0000	0.494736250
220.0000	70.0000	20.0000	1.236770300
230.0000	70.0000	20.0000	0.713653600
240.0000	70.0000	20.0000	0.232897390
250.0000	70.0000	20.0000	0.363433030
260.0000	70.0000	20.0000	0.220710290
270.0000	70.0000	20.0000	0.234001650
280.0000	70.0000	20.0000	0.519805850
290.0000	70.0000	20.0000	1.153325700
300.0000	70.0000	20.0000	1.324478700
310.0000	70.0000	20.0000	0.624660000
320.0000	70.0000	20.0000	0.934440550
330.0000	70.0000	20.0000	1.611691800
340.0000	70.0000	20.0000	0.796682700
350.0000	70.0000	20.0000	0.549222050
360.0000	70.0000	20.0000	1.000000000
0.0000	80.0000	20.0000	0.185000460
10.0000	80.0000	20.0000	0.222874340
20.0000	80.0000	20.0000	0.217109700
30.0000	80.0000	20.0000	0.371512400
40.0000	80.0000	20.0000	2.366850100
50.0000	80.0000	20.0000	1.810854100
60.0000	80.0000	20.0000	0.864372850
70.0000	80.0000	20.0000	1.004838000
80.0000	80.0000	20.0000	0.378296230
90.0000	80.0000	20.0000	0.185636620
100.0000	80.0000	20.0000	0.342766580
110.0000	80.0000	20.0000	1.298476700
120.0000	80.0000	20.0000	1.472453500
130.0000	80.0000	20.0000	0.895882800
140.0000	80.0000	20.0000	1.061265000
150.0000	80.0000	20.0000	1.051523200
160.0000	80.0000	20.0000	0.287965740
170.0000	80.0000	20.0000	0.157937680
180.0000	80.0000	20.0000	0.156505140
190.0000	80.0000	20.0000	0.237526830
200.0000	80.0000	20.0000	0.243229570
210.0000	80.0000	20.0000	0.470414460
220.0000	80.0000	20.0000	0.944485900
230.0000	80.0000	20.0000	0.847007040
240.0000	80.0000	20.0000	0.578037500
250.0000	80.0000	20.0000	0.657305100
260.0000	80.0000	20.0000	0.328906830
270.0000	80.0000	20.0000	0.247667900
280.0000	80.0000	20.0000	0.474207850
290.0000	80.0000	20.0000	1.222353300
300.0000	80.0000	20.0000	1.163848500
310.0000	80.0000	20.0000	0.361740230
320.0000	80.0000	20.0000	0.432447000
330.0000	80.0000	20.0000	1.121117600
340.0000	80.0000	20.0000	0.386949840
350.0000	80.0000	20.0000	0.280588630
360.0000	80.0000	20.0000	1.000000000
0.0000	90.0000	20.0000	0.150662820
10.0000	90.0000	20.0000	0.136379820
20.0000	90.0000	20.0000	0.221950320
30.0000	90.0000	20.0000	0.543172500
40.0000	90.0000	20.0000	3.537002600
50.0000	90.0000	20.0000	2.750224400
60.0000	90.0000	20.0000	1.480813000
70.0000	90.0000	20.0000	1.165612800
80.0000	90.0000	20.0000	0.492017600
90.0000	90.0000	20.0000	0.321802740
100.0000	90.0000	20.0000	0.713905200
110.0000	90.0000	20.0000	2.597617900
120.0000	90.0000	20.0000	1.845634900
130.0000	90.0000	20.0000	1.259791500
140.0000	90.0000	20.0000	1.302114500
150.0000	90.0000	20.0000	0.649817470
160.0000	90.0000	20.0000	0.181270060
170.0000	90.0000	20.0000	0.114216780
180.0000	90.0000	20.0000	0.122166350
190.0000	90.0000	20.0000	0.234627200
200.0000	90.0000	20.0000	0.276919070
210.0000	90.0000	20.0000	0.533647900
220.0000	90.0000	20.0000	0.619549300
230.0000	90.0000	20.0000	0.599362800
240.0000	90.0000	20.0000	1.273284000
250.0000	90.0000	20.0000	1.400353800
260.0000	90.0000	20.0000	0.553865730
270.0000	90.0000	20.0000	0.372238800
280.0000	90.0000	20.0000	0.656746860
290.0000	90.0000	20.0000	1.335747500
300.0000	90.0000	20.0000	0.914510130
310.0000	90.0000	20.0000	0.304228630
320.0000	90.0000	20.0000	0.376751040
330.0000	90.0000	20.0000	1.040929600
340.0000	90.0000	20.0000	0.319554200
350.0000	90.0000	20.0000	0.260626140
360.0000	90.0000	20.0000	1.000000000
0.0000	0.0000	30.0000	1.000000000
10.0000	0.0000	30.0000	1.000000000
20.0000	0.0000	30.0000	1.000000000
30.0000	0.0000	30.0000	1.000000000
40.0000	0.0000	30.0000	1.000000000
50.0000	0.0000	30.0000	1.000000000
60.0000	0.0000	30.0000	1.000000000
70.0000	0.0000	30.0000	1.000000000
80.0000	0.0000	30.0000	1.000000000
90.0000	0.0000	30.0000	1.000000000
100.0000	0.0000	30.0000	1.000000000
110.0000	0.0000	30.0000	1.000000000
120.0000	0.0000	30.0000	1.000000000
130.0000	0.0000	30.0000	1.000000000
140.0000	0.0000	30.0000	1.000000000
150.0000	0.0000	30.0000	1.000000000
160.0000	0.0000	30.0000	1.000000000
170.0000	0.0000	30.0000	1.000000000
180.0000	0.0000	30.0000	1.000000000
190.0000	0.0000	30.0000	1.000000000
200.0000	0.0000	30.0000	1.000000000
210.0000	0.0000	30.0000	1.000000000
220.0000	0.0000	30.0000	1.000000000
230.0000	0.0000	30.0000	1.000000000
240.0000	0.0000	30.0000	1.000000000
250.0000	0.0000	30.0000	1.000000000
260.0000	0.0000	30.0000	1.000000000
270.0000	0.0000	30.0000	1.000000000
280.0000	0.0000	30.0000	1.000000000
290.0000	0.0000	30.0000	1.000000000
300.0000	0.0000	30.0000	1.000000000
310.0000	0.0000	30.0000	1.000000000
320.0000	0.0000	30.0000	1.000000000
330.0000	0.0000	30.0000	1.000000000
340.0000	0.0000	30.0000	1.000000000
350.0000	0.0000	30.0000	1.000000000
360.0000	0.0000	30.0000	1.000000000
0.0000	10.0000	30.0000	0.689594570
10.0000	10.0000	30.0000	3.452112200
20.0000	10.0000	30.0000	4.161571000
30.0000	10.0000	30.0000	1.105143200
40.0000	10.0000	30.0000	0.313647960
50.0000	10.0000	30.0000	0.077075260
60.0000	10.0000	30.0000	0.103265960
70.0000	10.0000	30.0000	0.144423160
80.0000	10.0000	30.0000	0.182976200
90.0000	10.0000	30.0000	0.819326100
100.0000	10.0000	30.0000	3.021221900
110.0000	10.0000	30.0000	1.920104900
120.0000	10.0000	30.0000	1.229032300
130.0000	10.0000	30.0000	0.639109100
140.0000	10.0000	30.0000	0.218007940
150.0000	10.0000	30.0000	0.115075570
160.0000	10.0000	30.0000	0.568203600
170.0000	10.0000	30.0000	2.316518500
180.0000	10.0000	30.0000	0.358737230
190.0000	10.0000	30.0000	0.542613100
200.0000	10.0000	30.0000	0.688139560
210.0000	10.0000	30.0000	0.995531260
220.0000	10.0000	30.0000	0.941725800
230.0000	10.0000	30.0000	0.115658220
240.0000	10.0000	30.0000	0.076128640
250.0000	10.0000	30.0000	0.078563600
260.0000	10.0000	30.0000	0.083178400
270.0000	10.0000	30.0000	0.417842270
280.0000	10.0000	30.0000	1.779151100
290.0000	10.0000	30.0000	1.516327500
300.0000	10.0000	30.0000	1.554919600
310.0000	10.0000	30.0000	0.687838600
320.0000	10.0000	30.0000	0.224979300
330.0000	10.0000	30.0000	0.140406940
340.0000	10.0000	30.0000	0.467022960
350.0000	10.0000	30.0000	1.326098100
360.0000	10.0000	30.0000	1.000000000
0.0000	20.0000	30.0000	1.394520600
10.0000	20.0000	30.0000	1.602385500
20.0000	20.0000	30.0000	1.577813900
30.0000	20.0000	30.0000	1.190460200
40.0000	20.0000	30.0000	0.434816450
50.0000	20.0000	30.0000	0.199808640
60.0000	20.0000	30.0000	0.168190670
70.0000	20.0000	30.0000	0.280885220
80.0000	20.0000	30.0000	0.308527980
90.0000	20.0000	30.0000	0.317553520
100.0000	20.0000	30.0000	0.563752900
110.0000	20.0000	30.0000	0.627750500
120.0000	20.0000	30.0000	0.590698000
130.0000	20.0000	30.0000	0.413165120
140.0000	20.0000	30.0000	0.277124900
150.0000	20.0000	30.0000	0.139129740
160.0000	20.0000	30.0000	0.280063060
170.0000	20.0000	30.0000	1.182291900
180.0000	20.0000	30.0000	0.679721300
190.0000	20.0000	30.0000	0.388418940
200.0000	20.0000	30.0000	0.493193150
210.0000	20.0000	30.0000	0.983201270
220.0000	20.0000	30.0000	0.644805850
230.0000	20.0000	30.0000	0.303072120
240.0000	20.0000	30.0000	0.196367410
250.0000	20.0000	30.0000	0.263549270
260.0000	20.0000	30.0000	0.229028670
270.0000	20.0000	30.0000	0.149648650
280.0000	20.0000	30.0000	0.346741900
290.0000	20.0000	30.0000	1.427707400
300.0000	20.0000	30.0000	1.404430200
310.0000	20.0000	30.0000	0.682713750
320.0000	20.0000	30.0000	0.506996500
330.0000	20.0000	30.0000	0.132802410
340.0000	20.0000	30.0000	0.163292240
350.0000	20.0000	30.0000	0.817161560
360.0000	20.0000	30.0000	1.000000000
0.0000	30.0000	30.0000	1.279954800
10.0000	30.0000	30.0000	0.957793530
20.0000	30.0000	30.0000	0.726620100
30.0000	30.0000	30.0000	0.964633460
40.0000	30.0000	30.0000	0.477191720
50.0000	30.0000	30.0000	0.246340400
60.0000	30.0000	30.0000	0.259307240
70.0000	30.0000	30.0000	0.309240970
80.0000	30.0000	30.0000	0.344148340
90.0000	30.0000	30.0000	0.326784970
100.0000	30.0000	30.0000	0.295214030
110.0000	30.0000	30.0000	0.393205230
120.0000	30.0000	30.0000	0.368218930
130.0000	30.0000	30.0000	0.347457800
140.0000	30.0000	30.0000	0.528834400
150.0000	30.0000	30.0000	0.478686800
160.0000	30.0000	30.0000	0.721029460
170.0000	30.0000	30.0000	1.600809500
180.0000	30.0000	30.0000	1.378945700
190.0000	30.0000	30.0000	0.604620600
200.0000	30.0000	30.0000	0.441507370
210.0000	30.0000	30.0000	1.051096600
220.0000	30.0000	30.0000	0.859883900
230.0000	30.0000	30.0000	0.470655500
240.0000	30.0000	30.0000	0.351182160
250.0000	30.0000	30.0000	0.358308080
260.0000	30.0000	30.0000	0.499743900
270.0000	30.0000	30.0000	0.232217280
280.0000	30.0000	30.0000	0.441870900
290.0000	30.0000	30.0000	1.361813000
300.0000	30.0000	30.0000	1.019647200
310.0000	30.0000	30.0000	0.670529600
320.0000	30.0000	30.0000	0.432542920
330.0000	30.0000	30.0000	0.108038390
340.0000	30.0000	30.0000	0.116274810
350.0000	30.0000	30.0000	0.524485350
360.0000	30.0000	30.0000	1.000000000
0.0000	40.0000	30.0000	1.479643600
10.0000	40.0000	30.0000	0.876789750
20.0000	40.0000	30.0000	0.404400020
30.0000	40.0000	30.0000	0.557775860
40.0000	40.0000	30.0000	0.458468770
50.0000	40.0000	30.0000	0.510023900
60.0000	40.0000	30.0000	0.573618100
70.0000	40.0000	30.0000	0.572440400
80.0000	40.0000	30.0000	0.828101500
90.0000	40.0000	30.0000	0.841579260
100.0000	40.0000	30.0000	0.332805160
110.0000	40.0000	30.0000	0.260939930
120.0000	40.0000	30.0000	0.240265580
130.0000	40.0000	30.0000	0.491101200
140.0000	40.0000	30.0000	0.939078000
150.0000	40.0000	30.0000	0.928098900
160.0000	40.0000	30.0000	1.485344500
170.0000	40.0000	30.0000	1.532615700
180.0000	40.0000	30.0000	1.612234800
190.0000	40.0000	30.0000	0.664551500
200.0000	40.0000	30.0000	0.298852180
210.0000	40.0000	30.0000	0.950842300
220.0000	40.0000	30.0000	1.580462500
230.0000	40.0000	30.0000	0.963603850
240.0000	40.0000	30.0000	0.514227300
250.0000	40.0000	30.0000	0.435491650
260.0000	40.0000	30.0000	0.887659550
270.0000	40.0000	30.0000	1.502303800
280.0000	40.0000	30.0000	1.309531600
290.0000	40.0000	30.0000	0.479182930
300.0000	40.0000	30.0000	0.292840570
310.0000	40.0000	30.0000	0.479532700
320.0000	40.0000	30.0000	0.515712300
330.0000	40.0000	30.0000	0.370378320
340.0000	40.0000	30.0000	0.552400800
350.0000	40.0000	30.0000	1.132454600
360.0000	40.0000	30.0000	1.000000000
0.0000	50.0000	30.0000	1.703377200
10.0000	50.0000	30.0000	0.794835400
20.0000	50.0000	30.0000	0.205039810
30.0000	50.0000	30.0000	0.276079240
40.0000	50.0000	30.0000	0.486761900
50.0000	50.0000	30.0000	0.809126900
60.0000	50.0000	30.0000	0.622669940
70.0000	50.0000	30.0000	0.555139300
80.0000	50.0000	30.0000	0.742796360
90.0000	50.0000	30.0000	0.968111300
100.0000	50.0000	30.0000	0.519836200
110.0000	50.0000	30.0000	0.273554470
120.0000	50.0000	30.0000	0.313110170
130.0000	50.0000	30.0000	0.721437000
140.0000	50.0000	30.0000	1.591463600
150.0000	50.0000	30.0000	1.254348800
160.0000	50.0000	30.0000	0.978375400
170.0000	50.0000	30.0000	0.858146900
180.0000	50.0000	30.0000	1.059155700
190.0000	50.0000	30.0000	0.471152000
200.0000	50.0000	30.0000	0.163969680
210.0000	50.0000	30.0000	0.476976800
220.0000	50.0000	30.0000	1.588063600
230.0000	50.0000	30.0000	1.003323200
240.0000	50.0000	30.0000	0.773066500
250.0000	50.0000	30.0000	0.582207100
260.0000	50.0000	30.0000	0.742655630
270.0000	50.0000	30.0000	2.986205600
280.0000	50.0000	30.0000	3.592444000
290.0000	50.0000	30.0000	0.341628400
300.0000	50.0000	30.0000	0.201930330
310.0000	50.0000	30.0000	0.471602920
320.0000	50.0000	30.0000	0.931763400
330.0000	50.0000	30.0000	0.806198600
340.0000	50.0000	30.0000	1.332072700
350.0000	50.0000	30.0000	1.471433400
360.0000	50.0000	30.0000	1.000000000
0.0000	60.0000	30.0000	1.256611500
10.0000	60.0000	30.0000	0.658246640
20.0000	60.0000	30.0000	0.192235160
30.0000	60.0000	30.0000	0.376590800
40.0000	60.0000	30.0000	0.599540050
50.0000	60.0000	30.0000	0.440827280
60.0000	60.0000	30.0000	0.358293030
70.0000	60.0000	30.0000	0.314874980
80.0000	60.0000	30.0000	0.336445300
90.0000	60.0000	30.0000	0.743279760
100.0000	60.0000	30.0000	0.778272000
110.0000	60.0000	30.0000	1.017563500
120.0000	60.0000	30.0000	0.648540850
130.0000	60.0000	30.0000	0.705845830
140.0000	60.0000	30.0000	1.766241400
150.0000	60.0000	30.0000	1.694437300
160.0000	60.0000	30.0000	0.764703000
170.0000	60.0000	30.0000	0.582609530
180.0000	60.0000	30.0000	0.497961940
190.0000	60.0000	30.0000	0.356639120
200.0000	60.0000	30.0000	0.211006020
210.0000	60.0000	30.0000	0.399958900
220.0000	60.0000	30.0000	0.734156130
230.0000	60.0000	30.0000	0.585953350
240.0000	60.0000	30.0000	0.542761800
250.0000	60.0000	30.0000	0.507464350
260.0000	60.0000	30.0000	0.351406900
270.0000	60.0000	30.0000	1.532314300
280.0000	60.0000	30.0000	2.654192200
290.0000	60.0000	30.0000	1.159497100
300.0000	60.0000	30.0000	0.499458670
310.0000	60.0000	30.0000	0.641930200
320.0000	60.0000	30.0000	1.542016100
330.0000	60.0000	30.0000	1.719950700
340.0000	60.0000	30.0000	2.018819800
350.0000	60.0000	30.0000	1.485892900
360.0000	60.0000	30.0000	1.000000000
0.0000	70.0000	30.0000	0.518839960
10.0000	70.0000	30.0000	0.422594730
20.0000	70.0000	30.0000	0.364233370
30.0000	70.0000	30.0000	0.579325500
40.0000	70.0000	30.0000	0.770345200
50.0000	70.0000	30.0000	0.555823500
60.0000	70.0000	30.0000	0.523512660
70.0000	70.0000	30.0000	0.475356250
80.0000	70.0000	30.0000	0.201128500
90.0000	70.0000	30.0000	0.216563610
100.0000	70.0000	30.0000	0.506780860
110.0000	70.0000	30.0000	1.626833700
120.0000	70.0000	30.0000	1.209632300
130.0000	70.0000	30.0000	0.603644970
140.0000	70.0000	30.0000	0.923893300
150.0000	70.0000	30.0000	1.151536700
160.0000	70.0000	30.0000	0.477717940
170.0000	70.0000	30.0000	0.412726760
180.0000	70.0000	30.0000	0.297958460
190.0000	70.0000	30.0000	0.337354660
200.0000	70.0000	30.0000	0.370927420
210.0000	70.0000	30.0000	0.363452900
220.0000	70.0000	30.0000	0.474970580
230.0000	70.0000	30.0000	0.455949540
240.0000	70.0000	30.0000	0.279349860
250.0000	70.0000	30.0000	0.467509100
260.0000	70.0000	30.0000	0.365651130
270.0000	70.0000	30.0000	0.739716500
280.0000	70.0000	30.0000	1.798928500
290.0000	70.0000	30.0000	2.101064700
300.0000	70.0000	30.0000	1.085081200
310.0000	70.0000	30.0000	0.531583300
320.0000	70.0000	30.0000	0.895360770
330.0000	70.0000	30.0000	1.979775200
340.0000	70.0000	30.0000	1.296403900
350.0000	70.0000	30.0000	1.295927400
360.0000	70.0000	30.0000	1.000000000
0.0000	80.0000	30.0000	0.279997970
10.0000	80.0000	30.0000	0.264178430
20.0000	80.0000	30.0000	0.276871030
30.0000	80.0000	30.0000	0.404860400
40.0000	80.0000	30.0000	1.107771200
50.0000	80.0000	30.0000	1.172949600
60.0000	80.0000	30.0000	1.085658400
70.0000	80.0000	30.0000	1.438952300
80.0000	80.0000	30.0000	0.391168830
90.0000	80.0000	30.0000	0.238934560
100.0000	80.0000	30.0000	0.610619500
110.0000	80.0000	30.0000	1.989225700
120.0000	80.0000	30.0000	1.583451300
130.0000	80.0000	30.0000	0.525752800
140.0000	80.0000	30.0000	0.529966500
150.0000	80.0000	30.0000	0.485897450
160.0000	80.0000	30.0000	0.305039260
170.0000	80.0000	30.0000	0.334754140
180.0000	80.0000	30.0000	0.265797380
190.0000	80.0000	30.0000	0.417848170
200.0000	80.0000	30.0000	0.513334600
210.0000	80.0000	30.0000	0.357545520
220.0000	80.0000	30.0000	0.469514400
230.0000	80.0000	30.0000	0.783051970
240.0000	80.0000	30.0000	0.749906000
250.0000	80.0000	30.0000	1.253283300
260.0000	80.0000	30.0000	0.872637100
270.0000	80.0000	30.0000	1.024415300
280.0000	80.0000	30.0000	1.844439300
290.0000	80.0000	30.0000	2.556565000
300.0000	80.0000	30.0000	1.202529500
310.0000	80.0000	30.0000	0.309703300
320.0000	80.0000	30.0000	0.373542070
330.0000	80.0000	30.0000	0.673967660
340.0000	80.0000	30.0000	0.464382400
350.0000	80.0000	30.0000	0.698019860
360.0000	80.0000	30.0000	1.000000000
0.0000	90.0000	30.0000	0.197234600
10.0000	90.0000	30.0000	0.177811300
20.0000	90.0000	30.0000	0.165396700
30.0000	90.0000	30.0000	0.295956940
40.0000	90.0000	30.0000	1.063213800
50.0000	90.0000	30.0000	1.267128800
60.0000	90.0000	30.0000	1.251334400
70.0000	90.0000	30.0000	1.999445400
80.0000	90.0000	30.0000	0.743159230
90.0000	90.0000	30.0000	0.462005300
100.0000	90.0000	30.0000	1.211010600
110.0000	90.0000	30.0000	3.256354000
120.0000	90.0000	30.0000	2.025717700
130.0000	90.0000	30.0000	0.790190460
140.0000	90.0000	30.0000	0.467055980
150.0000	90.0000	30.0000	0.245174720
160.0000	90.0000	30.0000	0.217750900
170.0000	90.0000	30.0000	0.204241650
180.0000	90.0000	30.0000	0.206310570
190.0000	90.0000	30.0000	0.520574600
200.0000	90.0000	30.0000	0.602742730
210.0000	90.0000	30.0000	0.426741120
220.0000	90.0000	30.0000	0.484505240
230.0000	90.0000	30.0000	1.003772500
240.0000	90.0000	30.0000	1.690796500
250.0000	90.0000	30.0000	3.215452200
260.0000	90.0000	30.0000	1.703138100
270.0000	90.0000	30.0000	1.434421700
280.0000	90.0000	30.0000	1.933676500
290.0000	90.0000	30.0000	2.450924400
300.0000	90.0000	30.0000	0.957772400
310.0000	90.0000	30.0000	0.257279930
320.0000	90.0000	30.0000	0.221315070
330.0000	90.0000	30.0000	0.367786320
340.0000	90.0000	30.0000	0.317270870
350.0000	90.0000	30.0000	0.508938200
360.0000	90.0000	30.0000	1.000000000
0.0000	0.0000	40.0000	1.000000000
10.0000	0.0000	40.0000	1.000000000
20.0000	0.0000	40.0000	1.000000000
30.0000	0.0000	40.0000	1.000000000
40.0000	0.0000	40.0000	1.000000000
50.0000	0.0000	40.0000	1.000000000
60.0000	0.0000	40.0000	1.000000000
70.0000	0.0000	40.0000	1.000000000
80.0000	0.0000	40.0000	1.000000000
90.0000	0.0000	40.0000	1.000000000
100.0000	0.0000	40.0000	1.000000000
110.0000	0.0000	40.0000	1.000000000
120.0000	0.0000	40.0000	1.000000000
130.0000	0.0000	40.0000	1.000000000
140.0000	0.0000	40.0000	1.000000000
150.0000	0.0000	40.0000	1.000000000
160.0000	0.0000	40.0000	1.000000000
170.0000	0.0000	40.0000	1.000000000
180.0000	0.0000	40.0000	1.000000000
190.0000	0.0000	40.0000	1.000000000
200.0000	0.0000	40.0000	1.000000000
210.0000	0.0000	40.0000	1.000000000
220.0000	0.0000	40.0000	1.000000000
230.0000	0.0000	40.0000	1.000000000
240.0000	0.0000	40.0000	1.000000000
250.0000	0.0000	40.0000	1.000000000
260.0000	0.0000	40.0000	1.000000000
270.0000	0.0000	40.0000	1.000000000
280.0000	0.0000	40.0000	1.000000000
290.0000	0.0000	40.0000	1.000000000
300.0000	0.0000	40.0000	1.000000000
310.0000	0.0000	40.0000	1.000000000
320.0000	0.0000	40.0000	1.000000000
330.0000	0.0000	40.0000	1.000000000
340.0000	0.0000	40.0000	1.000000000
350.0000	0.0000	40.0000	1.000000000
360.0000	0.0000	40.0000	1.000000000
0.0000	10.0000	40.0000	0.744848970
10.0000	10.0000	40.0000	2.977816600
20.0000	10.0000	40.0000	4.379158000
30.0000	10.0000	40.0000	0.243475380
40.0000	10.0000	40.0000	0.073377185
50.0000	10.0000	40.0000	0.084133044
60.0000	10.0000	40.0000	0.176115530
70.0000	10.0000	40.0000	0.530988700
80.0000	10.0000	40.0000	1.784283300
90.0000	10.0000	40.0000	6.354790700
100.0000	10.0000	40.0000	8.699857000
110.0000	10.0000	40.0000	2.265155300
120.0000	10.0000	40.0000	0.798409500
130.0000	10.0000	40.0000	0.152803350
140.0000	10.0000	40.0000	0.076205840
150.0000	10.0000	40.0000	0.093340670
160.0000	10.0000	40.0000	1.355421200
170.0000	10.0000	40.0000	1.753864400
180.0000	10.0000	40.0000	0.268537580
190.0000	10.0000	40.0000	0.667537870
200.0000	10.0000	40.0000	1.249384200
210.0000	10.0000	40.0000	0.539964700
220.0000	10.0000	40.0000	0.099468610
230.0000	10.0000	40.0000	0.072901660
240.0000	10.0000	40.0000	0.120083460
250.0000	10.0000	40.0000	0.307301820
260.0000	10.0000	40.0000	1.659189800
270.0000	10.0000	40.0000	5.846563300
280.0000	10.0000	40.0000	6.271681000
290.0000	10.0000	40.0000	1.418126200
300.0000	10.0000	40.0000	0.656795440
310.0000	10.0000	40.0000	0.156185720
320.0000	10.0000	40.0000	0.088268410
330.0000	10.0000	40.0000	0.108143340
340.0000	10.0000	40.0000	0.966461700
350.0000	10.0000	40.0000	1.735354400
360.0000	10.0000	40.0000	1.000000000
0.0000	20.0000	40.0000	0.951289360
10.0000	20.0000	40.0000	1.248656000
20.0000	20.0000	40.0000	1.776284200
30.0000	20.0000	40.0000	0.423467870
40.0000	20.0000	40.0000	0.135072960
50.0000	20.0000	40.0000	0.170627340
60.0000	20.0000	40.0000	0.283177470
70.0000	20.0000	40.0000	0.370954800
80.0000	20.0000	40.0000	1.058053700
90.0000	20.0000	40.0000	4.477789000
100.0000	20.0000	40.0000	1.430647000
110.0000	20.0000	40.0000	0.382712540
120.0000	20.0000	40.0000	0.391482620
130.0000	20.0000	40.0000	0.206927270
140.0000	20.0000	40.0000	0.122464650
150.0000	20.0000	40.0000	0.185871660
160.0000	20.0000	40.0000	0.687314150
170.0000	20.0000	40.0000	1.223545000
180.0000	20.0000	40.0000	0.463467960
190.0000	20.0000	40.0000	0.443309600
200.0000	20.0000	40.0000	0.931751800
210.0000	20.0000	40.0000	0.634242060
220.0000	20.0000	40.0000	0.191798210
230.0000	20.0000	40.0000	0.234967440
240.0000	20.0000	40.0000	0.445734770
250.0000	20.0000	40.0000	0.351663140
260.0000	20.0000	40.0000	0.796293500
270.0000	20.0000	40.0000	3.191825000
280.0000	20.0000	40.0000	1.020965500
290.0000	20.0000	40.0000	0.470964600
300.0000	20.0000	40.0000	0.810493900
310.0000	20.0000	40.0000	0.380406980
320.0000	20.0000	40.0000	0.168025930
330.0000	20.0000	40.0000	0.175808730
340.0000	20.0000	40.0000	0.481453150
350.0000	20.0000	40.0000	1.466620000
360.0000	20.0000	40.0000	1.000000000
0.0000	30.0000	40.0000	0.897217100
10.0000	30.0000	40.0000	0.787880960
20.0000	30.0000	40.0000	1.453393600
30.0000	30.0000	40.0000	0.664621200
40.0000	30.0000	40.0000	0.264173360
50.0000	30.0000	40.0000	0.309631020
60.0000	30.0000	40.0000	0.279072580
70.0000	30.0000	40.0000	0.328579720
80.0000	30.0000	40.0000	0.499937270
90.0000	30.0000	40.0000	0.871559000
100.0000	30.0000	40.0000	0.608995400
110.0000	30.0000	40.0000	0.260359050
120.0000	30.0000	40.0000	0.263718840
130.0000	30.0000	40.0000	0.300881480
140.0000	30.0000	40.0000	0.374880880
150.0000	30.0000	40.0000	0.710292800
160.0000	30.0000	40.0000	1.078618000
170.0000	30.0000	40.0000	1.167803300
180.0000	30.0000	40.0000	0.888562740
190.0000	30.0000	40.0000	0.736508900
200.0000	30.0000	40.0000	1.159933900
210.0000	30.0000	40.0000	1.281492400
220.0000	30.0000	40.0000	0.718563600
230.0000	30.0000	40.0000	0.412553700
240.0000	30.0000	40.0000	0.290765020
250.0000	30.0000	40.0000	0.280716420
260.0000	30.0000	40.0000	0.396557450
270.0000	30.0000	40.0000	0.726385650
280.0000	30.0000	40.0000	0.611159600
290.0000	30.0000	40.0000	0.544546200
300.0000	30.0000	40.0000	0.716341900
310.0000	30.0000	40.0000	0.403528840
320.0000	30.0000	40.0000	0.252334330
330.0000	30.0000	40.0000	0.291800680
340.0000	30.0000	40.0000	0.571874700
350.0000	30.0000	40.0000	1.459550400
360.0000	30.0000	40.0000	1.000000000
0.0000	40.0000	40.0000	0.893377300
10.0000	40.0000	40.0000	0.865396600
20.0000	40.0000	40.0000	1.544374500
30.0000	40.0000	40.0000	0.991968750
40.0000	40.0000	40.0000	0.605792200
50.0000	40.0000	40.0000	0.459481720
60.0000	40.0000	40.0000	0.318810300
70.0000	40.0000	40.0000	0.357779150
80.0000	40.0000	40.0000	0.411200370
90.0000	40.0000	40.0000	0.633093540
100.0000	40.0000	40.0000	0.454354970
110.0000	40.0000	40.0000	0.227487490
120.0000	40.0000	40.0000	0.271281030
130.0000	40.0000	40.0000	0.624152800
140.0000	40.0000	40.0000	0.926071940
150.0000	40.0000	40.0000	1.574353500
160.0000	40.0000	40.0000	1.732311100
170.0000	40.0000	40.0000	0.963606600
180.0000	40.0000	40.0000	0.890441000
190.0000	40.0000	40.0000	0.730885400
200.0000	40.0000	40.0000	1.082050900
210.0000	40.0000	40.0000	2.790063900
220.0000	40.0000	40.0000	2.225766000
230.0000	40.0000	40.0000	0.878529600
240.0000	40.0000	40.0000	0.323937620
250.0000	40.0000	40.0000	0.251321900
260.0000	40.0000	40.0000	0.437532130
270.0000	40.0000	40.0000	0.913753750
280.0000	40.0000	40.0000	0.692283330
290.0000	40.0000	40.0000	0.191146780
300.0000	40.0000	40.0000	0.142335410
310.0000	40.0000	40.0000	0.245288390
320.0000	40.0000	40.0000	0.432035920
330.0000	40.0000	40.0000	0.570919930
340.0000	40.0000	40.0000	1.131910800
350.0000	40.0000	40.0000	1.443865200
360.0000	40.0000	40.0000	1.000000000
0.0000	50.0000	40.0000	0.952028900
10.0000	50.0000	40.0000	0.788634360
20.0000	50.0000	40.0000	0.913393200
30.0000	50.0000	40.0000	1.924205300
40.0000	50.0000	40.0000	1.476885800
50.0000	50.0000	40.0000	0.552205000
60.0000	50.0000	40.0000	0.372907340
70.0000	50.0000	40.0000	0.449129730
80.0000	50.0000	40.0000	0.887165670
90.0000	50.0000	40.0000	1.559060300
100.0000	50.0000	40.0000	0.807504800
110.0000	50.0000	40.0000	0.425779580
120.0000	50.0000	40.0000	0.613022150
130.0000	50.0000	40.0000	1.131070000
140.0000	50.0000	40.0000	1.761847100
150.0000	50.0000	40.0000	2.585862200
160.0000	50.0000	40.0000	1.989013100
170.0000	50.0000	40.0000	0.726680460
180.0000	50.0000	40.0000	0.580145060
190.0000	50.0000	40.0000	0.359042400
200.0000	50.0000	40.0000	0.549294770
210.0000	50.0000	40.0000	3.064392300
220.0000	50.0000	40.0000	2.600228000
230.0000	50.0000	40.0000	0.790642860
240.0000	50.0000	40.0000	0.613442200
250.0000	50.0000	40.0000	0.604059500
260.0000	50.0000	40.0000	1.052999400
270.0000	50.0000	40.0000	3.251490600
280.0000	50.0000	40.0000	1.937063800
290.0000	50.0000	40.0000	0.316621270
300.0000	50.0000	40.0000	0.287680830
310.0000	50.0000	40.0000	0.615539800
320.0000	50.0000	40.0000	1.141791900
330.0000	50.0000	40.0000	1.391063700
340.0000	50.0000	40.0000	1.343417500
350.0000	50.0000	40.0000	0.711226050
360.0000	50.0000	40.0000	1.000000000
0.0000	60.0000	40.0000	0.880446850
10.0000	60.0000	40.0000	0.715713140
20.0000	60.0000	40.0000	0.727381770
30.0000	60.0000	40.0000	3.183629800
40.0000	60.0000	40.0000	1.434456700
50.0000	60.0000	40.0000	0.244522540
60.0000	60.0000	40.0000	0.327356760
70.0000	60.0000	40.0000	0.513677060
80.0000	60.0000	40.0000	0.790260300
90.0000	60.0000	40.0000	1.387325500
100.0000	60.0000	40.0000	1.467865300
110.0000	60.0000	40.0000	1.503237600
120.0000	60.0000	40.0000	0.851155100
130.0000	60.0000	40.0000	0.773918500
140.0000	60.0000	40.0000	1.552994500
150.0000	60.0000	40.0000	1.901517300
160.0000	60.0000	40.0000	1.595158200
170.0000	60.0000	40.0000	0.790972000
180.0000	60.0000	40.0000	0.440688300
190.0000	60.0000	40.0000	0.328449850
200.0000	60.0000	40.0000	0.444389900
210.0000	60.0000	40.0000	1.375804800
220.0000	60.0000	40.0000	0.890717300
230.0000	60.0000	40.0000	0.335502100
240.0000	60.0000	40.0000	0.632883970
250.0000	60.0000	40.0000	1.076147900
260.0000	60.0000	40.0000	0.977251200
270.0000	60.0000	40.0000	2.248246000
280.0000	60.0000	40.0000	2.542253700
290.0000	60.0000	40.0000	0.944573300
300.0000	60.0000	40.0000	0.478300360
310.0000	60.0000	40.0000	0.406991240
320.0000	60.0000	40.0000	1.013171800
330.0000	60.0000	40.0000	3.021524700
340.0000	60.0000	40.0000	2.075723600
350.0000	60.0000	40.0000	0.698459300
360.0000	60.0000	40.0000	1.000000000
0.0000	70.0000	40.0000	0.638969660
10.0000	70.0000	40.0000	0.758894200
20.0000	70.0000	40.0000	1.506727000
30.0000	70.0000	40.0000	1.720849300
40.0000	70.0000	40.0000	0.567408400
50.0000	70.0000	40.0000	0.182280420
60.0000	70.0000	40.0000	0.312995280
70.0000	70.0000	40.0000	0.465701500
80.0000	70.0000	40.0000	0.386921940
90.0000	70.0000	40.0000	0.636269900
100.0000	70.0000	40.0000	1.353371400
110.0000	70.0000	40.0000	2.271019500
120.0000	70.0000	40.0000	0.871469400
130.0000	70.0000	40.0000	0.314373460
140.0000	70.0000	40.0000	0.415009140
150.0000	70.0000	40.0000	0.607193900
160.0000	70.0000	40.0000	1.053337900
170.0000	70.0000	40.0000	1.086702800
180.0000	70.0000	40.0000	0.537298000
190.0000	70.0000	40.0000	0.569258900
200.0000	70.0000	40.0000	0.709649300
210.0000	70.0000	40.0000	0.484014660
220.0000	70.0000	40.0000	0.266910700
230.0000	70.0000	40.0000	0.223611330
240.0000	70.0000	40.0000	0.448410360
250.0000	70.0000	40.0000	0.964095400
260.0000	70.0000	40.0000	0.759003340
270.0000	70.0000	40.0000	1.275520200
280.0000	70.0000	40.0000	1.641639600
290.0000	70.0000	40.0000	1.171795100
300.0000	70.0000	40.0000	0.555119100
310.0000	70.0000	40.0000	0.175824880
320.0000	70.0000	40.0000	0.434711960
330.0000	70.0000	40.0000	2.118906300
340.0000	70.0000	40.0000	1.665797400
350.0000	70.0000	40.0000	1.098167900
360.0000	70.0000	40.0000	1.000000000
0.0000	80.0000	40.0000	0.568462800
10.0000	80.0000	40.0000	0.665463700
20.0000	80.0000	40.0000	1.491366100
30.0000	80.0000	40.0000	0.830731900
40.0000	80.0000	40.0000	0.752374350
50.0000	80.0000	40.0000	1.390118200
60.0000	80.0000	40.0000	1.305330800
70.0000	80.0000	40.0000	1.676647200
80.0000	80.0000	40.0000	0.926727950
90.0000	80.0000	40.0000	1.116887300
100.0000	80.0000	40.0000	2.934473800
110.0000	80.0000	40.0000	3.550696800
120.0000	80.0000	40.0000	1.381882900
130.0000	80.0000	40.0000	0.588862900
140.0000	80.0000	40.0000	0.432995620
150.0000	80.0000	40.0000	0.601633130
160.0000	80.0000	40.0000	1.209226600
170.0000	80.0000	40.0000	1.035197400
180.0000	80.0000	40.0000	0.828996100
190.0000	80.0000	40.0000	1.336797400
200.0000	80.0000	40.0000	1.954667300
210.0000	80.0000	40.0000	0.548465300
220.0000	80.0000	40.0000	0.423919100
230.0000	80.0000	40.0000	0.820108400
240.0000	80.0000	40.0000	0.972769860
250.0000	80.0000	40.0000	1.762590900
260.0000	80.0000	40.0000	1.977871000
270.0000	80.0000	40.0000	2.530022400
280.0000	80.0000	40.0000	2.640487700
290.0000	80.0000	40.0000	1.732753500
300.0000	80.0000	40.0000	0.766653840
310.0000	80.0000	40.0000	0.281732140
320.0000	80.0000	40.0000	0.357148020
330.0000	80.0000	40.0000	0.717467900
340.0000	80.0000	40.0000	0.906057800
350.0000	80.0000	40.0000	0.966152550
360.0000	80.0000	40.0000	1.000000000
0.0000	90.0000	40.0000	0.461091600
10.0000	90.0000	40.0000	0.420186000
20.0000	90.0000	40.0000	0.975978200
30.0000	90.0000	40.0000	0.744341300
40.0000	90.0000	40.0000	1.092881700
50.0000	90.0000	40.0000	2.534510900
60.0000	90.0000	40.0000	2.292942500
70.0000	90.0000	40.0000	4.251795300
80.0000	90.0000	40.0000	1.945819400
90.0000	90.0000	40.0000	2.028025400
100.0000	90.0000	40.0000	5.880721000
110.0000	90.0000	40.0000	6.805793300
120.0000	90.0000	40.0000	2.381475700
130.0000	90.0000	40.0000	2.118144000
140.0000	90.0000	40.0000	0.785105400
150.0000	90.0000	40.0000	0.833974540
160.0000	90.0000	40.0000	1.682388000
170.0000	90.0000	40.0000	0.648811000
180.0000	90.0000	40.0000	0.707196830
190.0000	90.0000	40.0000	1.687118300
200.0000	90.0000	40.0000	2.496894800
210.0000	90.0000	40.0000	0.664015300
220.0000	90.0000	40.0000	0.706800800
230.0000	90.0000	40.0000	1.770886900
240.0000	90.0000	40.0000	2.022239000
250.0000	90.0000	40.0000	4.277799600
260.0000	90.0000	40.0000	3.353006100
270.0000	90.0000	40.0000	3.276734600
280.0000	90.0000	40.0000	3.622342600
290.0000	90.0000	40.0000	2.769040000
300.0000	90.0000	40.0000	1.010546100
310.0000	90.0000	40.0000	0.598214860
320.0000	90.0000	40.0000	0.452099740
330.0000	90.0000	40.0000	0.564242300
340.0000	90.0000	40.0000	1.136977800
350.0000	90.0000	40.0000	1.192003700
360.0000	90.0000	40.0000	1.000000000
0.0000	0.0000	50.0000	1.000000000
10.0000	0.0000	50.0000	1.000000000
20.0000	0.0000	50.0000	1.000000000
30.0000	0.0000	50.0000	1.000000000
40.0000	0.0000	50.0000	1.000000000
50.0000	0.0000	50.0000	1.000000000
60.0000	0.0000	50.0000	1.000000000
70.0000	0.0000	50.0000	1.000000000
80.0000	0.0000	50.0000	1.000000000
90.0000	0.0000	50.0000	1.000000000
100.0000	0.0000	50.0000	1.000000000
110.0000	0.0000	50.0000	1.000000000
120.0000	0.0000	50.0000	1.000000000
130.0000	0.0000	50.0000	1.000000000
140.0000	0.0000	50.0000	1.000000000
150.0000	0.0000	50.0000	1.000000000
160.0000	0.0000	50.0000	1.000000000
170.0000	0.0000	50.0000	1.000000000
180.0000	0.0000	50.0000	1.000000000
190.0000	0.0000	50.0000	1.000000000
200.0000	0.0000	50.0000	1.000000000
210.0000	0.0000	50.0000	1.000000000
220.0000	0.0000	50.0000	1.000000000
230.0000	0.0000	50.0000	1.000000000
240.0000	0.0000	50.0000	1.000000000
250.0000	0.0000	50.0000	1.000000000
260.0000	0.0000	50.0000	1.000000000
270.0000	0.0000	50.0000	1.000000000
280.0000	0.0000	50.0000	1.000000000
290.0000	0.0000	50.0000	1.000000000
300.0000	0.0000	50.0000	1.000000000
310.0000	0.0000	50.0000	1.000000000
320.0000	0.0000	50.0000	1.000000000
330.0000	0.0000	50.0000	1.000000000
340.0000	0.0000	50.0000	1.000000000
350.0000	0.0000	50.0000	1.000000000
360.0000	0.0000	50.0000	1.000000000
0.0000	10.0000	50.0000	0.852583400
10.0000	10.0000	50.0000	3.427532000
20.0000	10.0000	50.0000	2.564948300
30.0000	10.0000	50.0000	0.076501414
40.0000	10.0000	50.0000	0.074884760
50.0000	10.0000	50.0000	0.177509370
60.0000	10.0000	50.0000	0.840915700
70.0000	10.0000	50.0000	1.813273500
80.0000	10.0000	50.0000	2.851382000
90.0000	10.0000	50.0000	5.953043000
100.0000	10.0000	50.0000	4.843119600
110.0000	10.0000	50.0000	0.301713600
120.0000	10.0000	50.0000	0.095515415
130.0000	10.0000	50.0000	0.070682120
140.0000	10.0000	50.0000	0.096567675
150.0000	10.0000	50.0000	0.293645900
160.0000	10.0000	50.0000	1.770750900
170.0000	10.0000	50.0000	1.036563400
180.0000	10.0000	50.0000	0.382688280
190.0000	10.0000	50.0000	1.140029700
200.0000	10.0000	50.0000	0.784748300
210.0000	10.0000	50.0000	0.091626990
220.0000	10.0000	50.0000	0.068730734
230.0000	10.0000	50.0000	0.175733220
240.0000	10.0000	50.0000	0.760006070
250.0000	10.0000	50.0000	1.163957400
260.0000	10.0000	50.0000	2.709603800
270.0000	10.0000	50.0000	6.445039300
280.0000	10.0000	50.0000	6.047857300
290.0000	10.0000	50.0000	0.497700630
300.0000	10.0000	50.0000	0.152529280
310.0000	10.0000	50.0000	0.097058360
320.0000	10.0000	50.0000	0.129613460
330.0000	10.0000	50.0000	0.346498550
340.0000	10.0000	50.0000	1.379818200
350.0000	10.0000	50.0000	1.471181900
360.0000	10.0000	50.0000	1.000000000
0.0000	20.0000	50.0000	0.935181440
10.0000	20.0000	50.0000	1.399671200
20.0000	20.0000	50.0000	0.854835750
30.0000	20.0000	50.0000	0.163845170
40.0000	20.0000	50.0000	0.127072050
50.0000	20.0000	50.0000	0.235607300
60.0000	20.0000	50.0000	0.522844140
70.0000	20.0000	50.0000	0.637115600
80.0000	20.0000	50.0000	1.292885300
90.0000	20.0000	50.0000	3.972600200
100.0000	20.0000	50.0000	1.303369200
110.0000	20.0000	50.0000	0.322845300
120.0000	20.0000	50.0000	0.313964460
130.0000	20.0000	50.0000	0.168775500
140.0000	20.0000	50.0000	0.146750990
150.0000	20.0000	50.0000	0.446927520
160.0000	20.0000	50.0000	1.128931300
170.0000	20.0000	50.0000	0.857019500
180.0000	20.0000	50.0000	0.541180500
190.0000	20.0000	50.0000	0.688700440
200.0000	20.0000	50.0000	0.728384200
210.0000	20.0000	50.0000	0.208221970
220.0000	20.0000	50.0000	0.105501010
230.0000	20.0000	50.0000	0.242195920
240.0000	20.0000	50.0000	0.449958800
250.0000	20.0000	50.0000	0.317632700
260.0000	20.0000	50.0000	0.777128400
270.0000	20.0000	50.0000	3.293647500
280.0000	20.0000	50.0000	1.186415800
290.0000	20.0000	50.0000	0.396355900
300.0000	20.0000	50.0000	0.508651900
310.0000	20.0000	50.0000	0.257977160
320.0000	20.0000	50.0000	0.169495000
330.0000	20.0000	50.0000	0.403835620
340.0000	20.0000	50.0000	1.039600500
350.0000	20.0000	50.0000	1.272170800
360.0000	20.0000	50.0000	1.000000000
0.0000	30.0000	50.0000	0.794660450
10.0000	30.0000	50.0000	0.808924140
20.0000	30.0000	50.0000	0.612236000
30.0000	30.0000	50.0000	0.292908850
40.0000	30.0000	50.0000	0.156706120
50.0000	30.0000	50.0000	0.298464500
60.0000	30.0000	50.0000	0.500827300
70.0000	30.0000	50.0000	0.461643130
80.0000	30.0000	50.0000	0.571048200
90.0000	30.0000	50.0000	0.870364670
100.0000	30.0000	50.0000	0.643554570
110.0000	30.0000	50.0000	0.292496740
120.0000	30.0000	50.0000	0.246896740
130.0000	30.0000	50.0000	0.259590030
140.0000	30.0000	50.0000	0.536911250
150.0000	30.0000	50.0000	1.194986200
160.0000	30.0000	50.0000	1.447980000
170.0000	30.0000	50.0000	0.888575430
180.0000	30.0000	50.0000	1.079336200
190.0000	30.0000	50.0000	1.440816500
200.0000	30.0000	50.0000	1.506210700
210.0000	30.0000	50.0000	0.927842900
220.0000	30.0000	50.0000	0.368228380
230.0000	30.0000	50.0000	0.322979630
240.0000	30.0000	50.0000	0.342663600
250.0000	30.0000	50.0000	0.252894000
260.0000	30.0000	50.0000	0.357894240
270.0000	30.0000	50.0000	0.714703740
280.0000	30.0000	50.0000	0.569920360
290.0000	30.0000	50.0000	0.393914130
300.0000	30.0000	50.0000	0.432870660
310.0000	30.0000	50.0000	0.413335600
320.0000	30.0000	50.0000	0.339370800
330.0000	30.0000	50.0000	0.514371700
340.0000	30.0000	50.0000	1.233978500
350.0000	30.0000	50.0000	0.887110200
360.0000	30.0000	50.0000	1.000000000
0.0000	40.0000	50.0000	0.822958300
10.0000	40.0000	50.0000	1.057114000
20.0000	40.0000	50.0000	1.260504500
30.0000	40.0000	50.0000	0.676527000
40.0000	40.0000	50.0000	0.404813300
50.0000	40.0000	50.0000	0.253412750
60.0000	40.0000	50.0000	0.187117870
70.0000	40.0000	50.0000	0.203385560
80.0000	40.0000	50.0000	0.486530780
90.0000	40.0000	50.0000	0.778402500
100.0000	40.0000	50.0000	0.503543140
110.0000	40.0000	50.0000	0.309982180
120.0000	40.0000	50.0000	0.340669570
130.0000	40.0000	50.0000	0.607816400
140.0000	40.0000	50.0000	1.936161000
150.0000	40.0000	50.0000	3.069375000
160.0000	40.0000	50.0000	1.355147500
170.0000	40.0000	50.0000	0.732508900
180.0000	40.0000	50.0000	1.162753000
190.0000	40.0000	50.0000	1.332747100
200.0000	40.0000	50.0000	1.568864300
210.0000	40.0000	50.0000	2.208182600
220.0000	40.0000	50.0000	1.308483500
230.0000	40.0000	50.0000	0.650208500
240.0000	40.0000	50.0000	0.200567680
250.0000	40.0000	50.0000	0.150890100
260.0000	40.0000	50.0000	0.361160550
270.0000	40.0000	50.0000	0.771358250
280.0000	40.0000	50.0000	0.506129500
290.0000	40.0000	50.0000	0.351601000
300.0000	40.0000	50.0000	0.320534200
310.0000	40.0000	50.0000	0.454135450
320.0000	40.0000	50.0000	0.673550370
330.0000	40.0000	50.0000	0.772846940
340.0000	40.0000	50.0000	1.079437700
350.0000	40.0000	50.0000	0.546896640
360.0000	40.0000	50.0000	1.000000000
0.0000	50.0000	50.0000	0.942066300
10.0000	50.0000	50.0000	1.168683300
20.0000	50.0000	50.0000	1.614215500
30.0000	50.0000	50.0000	2.050565700
40.0000	50.0000	50.0000	1.395319600
50.0000	50.0000	50.0000	0.512435440
60.0000	50.0000	50.0000	0.286170660
70.0000	50.0000	50.0000	0.321194600
80.0000	50.0000	50.0000	1.362775600
90.0000	50.0000	50.0000	2.739605000
100.0000	50.0000	50.0000	0.888624250
110.0000	50.0000	50.0000	0.529037830
120.0000	50.0000	50.0000	0.692970100
130.0000	50.0000	50.0000	0.962056460
140.0000	50.0000	50.0000	2.950988500
150.0000	50.0000	50.0000	3.561907800
160.0000	50.0000	50.0000	0.628697160
170.0000	50.0000	50.0000	0.379554330
180.0000	50.0000	50.0000	0.683873200
190.0000	50.0000	50.0000	0.734340100
200.0000	50.0000	50.0000	1.249150900
210.0000	50.0000	50.0000	2.357875800
220.0000	50.0000	50.0000	2.079371500
230.0000	50.0000	50.0000	1.136839200
240.0000	50.0000	50.0000	0.518353640
250.0000	50.0000	50.0000	0.440136850
260.0000	50.0000	50.0000	0.945750000
270.0000	50.0000	50.0000	2.101680300
280.0000	50.0000	50.0000	1.096823600
290.0000	50.0000	50.0000	0.442336400
300.0000	50.0000	50.0000	0.378085230
310.0000	50.0000	50.0000	0.566597100
320.0000	50.0000	50.0000	1.294255000
330.0000	50.0000	50.0000	1.524957300
340.0000	50.0000	50.0000	0.673708740
350.0000	50.0000	50.0000	0.313535420
360.0000	50.0000	50.0000	1.000000000
0.0000	60.0000	50.0000	0.844126050
10.0000	60.0000	50.0000	1.041790800
20.0000	60.0000	50.0000	2.290211400
30.0000	60.0000	50.0000	4.491278600
40.0000	60.0000	50.0000	1.098163700
50.0000	60.0000	50.0000	0.380979750
60.0000	60.0000	50.0000	0.544065650
70.0000	60.0000	50.0000	0.962294460
80.0000	60.0000	50.0000	1.728338700
90.0000	60.0000	50.0000	2.397116700
100.0000	60.0000	50.0000	1.382399900
110.0000	60.0000	50.0000	0.971004100
120.0000	60.0000	50.0000	0.528871200
130.0000	60.0000	50.0000	0.433237370
140.0000	60.0000	50.0000	1.228901100
150.0000	60.0000	50.0000	1.398912200
160.0000	60.0000	50.0000	0.445776520
170.0000	60.0000	50.0000	0.352185000
180.0000	60.0000	50.0000	0.475989340
190.0000	60.0000	50.0000	0.676663500
200.0000	60.0000	50.0000	1.167294500
210.0000	60.0000	50.0000	1.675767800
220.0000	60.0000	50.0000	1.135832200
230.0000	60.0000	50.0000	0.591394540
240.0000	60.0000	50.0000	0.983223000
250.0000	60.0000	50.0000	2.035001000
260.0000	60.0000	50.0000	1.378381500
270.0000	60.0000	50.0000	1.614874000
280.0000	60.0000	50.0000	1.166681500
290.0000	60.0000	50.0000	0.505851700
300.0000	60.0000	50.0000	0.368546550
310.0000	60.0000	50.0000	0.281723380
320.0000	60.0000	50.0000	1.023964300
330.0000	60.0000	50.0000	2.141863800
340.0000	60.0000	50.0000	0.579662100
350.0000	60.0000	50.0000	0.300873000
360.0000	60.0000	50.0000	1.000000000
0.0000	70.0000	50.0000	0.632935760
10.0000	70.0000	50.0000	0.947071140
20.0000	70.0000	50.0000	2.960936800
30.0000	70.0000	50.0000	2.539663600
40.0000	70.0000	50.0000	0.367591170
50.0000	70.0000	50.0000	0.238406050
60.0000	70.0000	50.0000	0.732277800
70.0000	70.0000	50.0000	1.282113700
80.0000	70.0000	50.0000	1.417879300
90.0000	70.0000	50.0000	1.644330500
100.0000	70.0000	50.0000	1.202644600
110.0000	70.0000	50.0000	0.977567100
120.0000	70.0000	50.0000	0.350412940
130.0000	70.0000	50.0000	0.191260340
140.0000	70.0000	50.0000	0.307948860
150.0000	70.0000	50.0000	0.568721400
160.0000	70.0000	50.0000	0.913358900
170.0000	70.0000	50.0000	0.680763500
180.0000	70.0000	50.0000	0.565784930
190.0000	70.0000	50.0000	0.767299830
200.0000	70.0000	50.0000	0.797246300
210.0000	70.0000	50.0000	0.560822300
220.0000	70.0000	50.0000	0.302022500
230.0000	70.0000	50.0000	0.275228920
240.0000	70.0000	50.0000	0.926858370
250.0000	70.0000	50.0000	2.221032900
260.0000	70.0000	50.0000	1.151883800
270.0000	70.0000	50.0000	0.639632340
280.0000	70.0000	50.0000	0.410555030
290.0000	70.0000	50.0000	0.402710940
300.0000	70.0000	50.0000	0.317144840
310.0000	70.0000	50.0000	0.142014410
320.0000	70.0000	50.0000	0.470265240
330.0000	70.0000	50.0000	1.560310400
340.0000	70.0000	50.0000	0.933545300
350.0000	70.0000	50.0000	0.750416160
360.0000	70.0000	50.0000	1.000000000
0.0000	80.0000	50.0000	0.628855170
10.0000	80.0000	50.0000	0.849003000
20.0000	80.0000	50.0000	2.031825300
30.0000	80.0000	50.0000	0.946283900
40.0000	80.0000	50.0000	0.390467800
50.0000	80.0000	50.0000	0.451915900
60.0000	80.0000	50.0000	1.085606300
70.0000	80.0000	50.0000	2.184614700
80.0000	80.0000	50.0000	3.299235300
90.0000	80.0000	50.0000	3.914500200
100.0000	80.0000	50.0000	3.735472700
110.0000	80.0000	50.0000	2.451235500
120.0000	80.0000	50.0000	1.335812400
130.0000	80.0000	50.0000	1.231634300
140.0000	80.0000	50.0000	0.475364740
150.0000	80.0000	50.0000	0.636203200
160.0000	80.0000	50.0000	1.927645600
170.0000	80.0000	50.0000	0.909277500
180.0000	80.0000	50.0000	0.777844250
190.0000	80.0000	50.0000	1.087807300
200.0000	80.0000	50.0000	0.762626500
210.0000	80.0000	50.0000	0.411585960
220.0000	80.0000	50.0000	0.320975180
230.0000	80.0000	50.0000	0.471849600
240.0000	80.0000	50.0000	1.088709700
250.0000	80.0000	50.0000	1.836769900
260.0000	80.0000	50.0000	1.632554400
270.0000	80.0000	50.0000	0.925028300
280.0000	80.0000	50.0000	0.737775100
290.0000	80.0000	50.0000	1.089344000
300.0000	80.0000	50.0000	0.935406500
310.0000	80.0000	50.0000	0.615023700
320.0000	80.0000	50.0000	0.554799500
330.0000	80.0000	50.0000	0.898383400
340.0000	80.0000	50.0000	1.402399400
350.0000	80.0000	50.0000	1.070207400
360.0000	80.0000	50.0000	1.000000000
0.0000	90.0000	50.0000	0.527433400
10.0000	90.0000	50.0000	0.638675030
20.0000	90.0000	50.0000	2.173631200
30.0000	90.0000	50.0000	0.931599740
40.0000	90.0000	50.0000	0.720721070
50.0000	90.0000	50.0000	1.358999100
60.0000	90.0000	50.0000	1.871340900
70.0000	90.0000	50.0000	4.677534000
80.0000	90.0000	50.0000	5.694023000
90.0000	90.0000	50.0000	6.170859000
100.0000	90.0000	50.0000	8.356641000
110.0000	90.0000	50.0000	6.160290200
120.0000	90.0000	50.0000	2.684905300
130.0000	90.0000	50.0000	2.916726400
140.0000	90.0000	50.0000	0.801394940
150.0000	90.0000	50.0000	0.699463840
160.0000	90.0000	50.0000	2.051177300
170.0000	90.0000	50.0000	0.551818500
180.0000	90.0000	50.0000	0.640534700
190.0000	90.0000	50.0000	1.390775600
200.0000	90.0000	50.0000	1.083314700
210.0000	90.0000	50.0000	0.516659140
220.0000	90.0000	50.0000	0.544044900
230.0000	90.0000	50.0000	1.022059300
240.0000	90.0000	50.0000	1.540936400
250.0000	90.0000	50.0000	2.491538500
260.0000	90.0000	50.0000	1.604565000
270.0000	90.0000	50.0000	1.287953900
280.0000	90.0000	50.0000	1.550665400
290.0000	90.0000	50.0000	2.942543000
300.0000	90.0000	50.0000	1.862048700
310.0000	90.0000	50.0000	1.621939000
320.0000	90.0000	50.0000	0.721087100
330.0000	90.0000	50.0000	0.657721900
340.0000	90.0000	50.0000	1.281968000
350.0000	90.0000	50.0000	0.818327100
360.0000	90.0000	50.0000	1.000000000
0.0000	0.0000	60.0000	1.000000000
10.0000	0.0000	60.0000	1.000000000
20.0000	0.0000	60.0000	1.000000000
30.0000	0.0000	60.0000	1.000000000
40.0000	0.0000	60.0000	1.000000000
50.0000	0.0000	60.0000	1.000000000
60.0000	0.0000	60.0000	1.000000000
70.0000	0.0000	60.0000	1.000000000
80.0000	0.0000	60.0000	1.000000000
90.0000	0.0000	60.0000	1.000000000
100.0000	0.0000	60.0000	1.000000000
110.0000	0.0000	60.0000	1.000000000
120.0000	0.0000	60.0000	1.000000000
130.0000	0.0000	60.0000	1.000000000
140.0000	0.0000	60.0000	1.000000000
150.0000	0.0000	60.0000	1.000000000
160.0000	0.0000	60.0000	1.000000000
170.0000	0.0000	60.0000	1.000000000
180.0000	0.0000	60.0000	1.000000000
190.0000	0.0000	60.0000	1.000000000
200.0000	0.0000	60.0000	1.000000000
210.0000	0.0000	60.0000	1.000000000
220.0000	0.0000	60.0000	1.000000000
230.0000	0.0000	60.0000	1.000000000
240.0000	0.0000	60.0000	1.000000000
250.0000	0.0000	60.0000	1.000000000
260.0000	0.0000	60.0000	1.000000000
270.0000	0.0000	60.0000	1.000000000
280.0000	0.0000	60.0000	1.000000000
290.0000	0.0000	60.0000	1.000000000
300.0000	0.0000	60.0000	1.000000000
310.0000	0.0000	60.0000	1.000000000
320.0000	0.0000	60.0000	1.000000000
330.0000	0.0000	60.0000	1.000000000
340.0000	0.0000	60.0000	1.000000000
350.0000	0.0000	60.0000	1.000000000
360.0000	0.0000	60.0000	1.000000000
0.0000	10.0000	60.0000	1.106893400
10.0000	10.0000	60.0000	3.707353600
20.0000	10.0000	60.0000	0.828804300
30.0000	10.0000	60.0000	0.109802080
40.0000	10.0000	60.0000	0.255709500
50.0000	10.0000	60.0000	0.722860630
60.0000	10.0000	60.0000	1.395855900
70.0000	10.0000	60.0000	2.091884400
80.0000	10.0000	60.0000	2.320804000
90.0000	10.0000	60.0000	0.443797100
100.0000	10.0000	60.0000	0.086780010
110.0000	10.0000	60.0000	0.079135400
120.0000	10.0000	60.0000	0.072765596
130.0000	10.0000	60.0000	0.107739896
140.0000	10.0000	60.0000	0.433866800
150.0000	10.0000	60.0000	0.739696600
160.0000	10.0000	60.0000	1.178575000
170.0000	10.0000	60.0000	1.188668600
180.0000	10.0000	60.0000	0.582245500
190.0000	10.0000	60.0000	1.099890100
200.0000	10.0000	60.0000	0.339676020
210.0000	10.0000	60.0000	0.103102250
220.0000	10.0000	60.0000	0.198683680
230.0000	10.0000	60.0000	0.666559400
240.0000	10.0000	60.0000	1.047391200
250.0000	10.0000	60.0000	1.113392100
260.0000	10.0000	60.0000	2.963335500
270.0000	10.0000	60.0000	0.980195050
280.0000	10.0000	60.0000	0.192773740
290.0000	10.0000	60.0000	0.180578290
300.0000	10.0000	60.0000	0.108675600
310.0000	10.0000	60.0000	0.171608100
320.0000	10.0000	60.0000	0.649212100
330.0000	10.0000	60.0000	0.767229260
340.0000	10.0000	60.0000	1.388393600
350.0000	10.0000	60.0000	1.755924100
360.0000	10.0000	60.0000	1.000000000
0.0000	20.0000	60.0000	1.374504900
10.0000	20.0000	60.0000	1.375422400
20.0000	20.0000	60.0000	0.252083750
30.0000	20.0000	60.0000	0.104370266
40.0000	20.0000	60.0000	0.333093100
50.0000	20.0000	60.0000	0.602211400
60.0000	20.0000	60.0000	1.502970700
70.0000	20.0000	60.0000	2.084324400
80.0000	20.0000	60.0000	0.398437650
90.0000	20.0000	60.0000	0.149138100
100.0000	20.0000	60.0000	0.205959330
110.0000	20.0000	60.0000	0.202676400
120.0000	20.0000	60.0000	0.163773330
130.0000	20.0000	60.0000	0.234412480
140.0000	20.0000	60.0000	0.548334660
150.0000	20.0000	60.0000	1.134484300
160.0000	20.0000	60.0000	0.809080960
170.0000	20.0000	60.0000	0.886428600
180.0000	20.0000	60.0000	0.803723800
190.0000	20.0000	60.0000	0.526145340
200.0000	20.0000	60.0000	0.246855230
210.0000	20.0000	60.0000	0.123802290
220.0000	20.0000	60.0000	0.230563790
230.0000	20.0000	60.0000	0.376112600
240.0000	20.0000	60.0000	0.546631160
250.0000	20.0000	60.0000	0.488585380
260.0000	20.0000	60.0000	0.310582160
270.0000	20.0000	60.0000	0.341929700
280.0000	20.0000	60.0000	0.415141800
290.0000	20.0000	60.0000	0.252164930
300.0000	20.0000	60.0000	0.214425160
310.0000	20.0000	60.0000	0.278479280
320.0000	20.0000	60.0000	0.515473540
330.0000	20.0000	60.0000	1.200564600
340.0000	20.0000	60.0000	1.259231400
350.0000	20.0000	60.0000	1.319492500
360.0000	20.0000	60.0000	1.000000000
0.0000	30.0000	60.0000	1.065064700
10.0000	30.0000	60.0000	0.694037850
20.0000	30.0000	60.0000	0.130989030
30.0000	30.0000	60.0000	0.111370830
40.0000	30.0000	60.0000	0.203781520
50.0000	30.0000	60.0000	0.373105230
60.0000	30.0000	60.0000	0.758714850
70.0000	30.0000	60.0000	1.218707200
80.0000	30.0000	60.0000	0.538282200
90.0000	30.0000	60.0000	0.293844730
100.0000	30.0000	60.0000	0.541076500
110.0000	30.0000	60.0000	0.439948830
120.0000	30.0000	60.0000	0.322691350
130.0000	30.0000	60.0000	0.380891300
140.0000	30.0000	60.0000	0.827588260
150.0000	30.0000	60.0000	1.147176500
160.0000	30.0000	60.0000	0.637492600
170.0000	30.0000	60.0000	0.917712150
180.0000	30.0000	60.0000	1.599347600
190.0000	30.0000	60.0000	1.460905200
200.0000	30.0000	60.0000	0.958462000
210.0000	30.0000	60.0000	0.498037200
220.0000	30.0000	60.0000	0.472732400
230.0000	30.0000	60.0000	0.479403530
240.0000	30.0000	60.0000	0.395621540
250.0000	30.0000	60.0000	0.331286580
260.0000	30.0000	60.0000	0.234005240
270.0000	30.0000	60.0000	0.313600930
280.0000	30.0000	60.0000	0.492050470
290.0000	30.0000	60.0000	0.245591500
300.0000	30.0000	60.0000	0.273337870
310.0000	30.0000	60.0000	0.304913520
320.0000	30.0000	60.0000	0.438941270
330.0000	30.0000	60.0000	0.842428500
340.0000	30.0000	60.0000	0.860493300
350.0000	30.0000	60.0000	0.872634650
360.0000	30.0000	60.0000	1.000000000
0.0000	40.0000	60.0000	1.202199600
10.0000	40.0000	60.0000	1.046687200
20.0000	40.0000	60.0000	0.446764700
30.0000	40.0000	60.0000	0.314773530
40.0000	40.0000	60.0000	0.372505870
50.0000	40.0000	60.0000	0.381023650
60.0000	40.0000	60.0000	0.257078650
70.0000	40.0000	60.0000	0.420159070
80.0000	40.0000	60.0000	1.269484800
90.0000	40.0000	60.0000	1.534694200
100.0000	40.0000	60.0000	0.997349900
110.0000	40.0000	60.0000	0.576206270
120.0000	40.0000	60.0000	0.502432100
130.0000	40.0000	60.0000	0.952727200
140.0000	40.0000	60.0000	1.704781500
150.0000	40.0000	60.0000	0.918233160
160.0000	40.0000	60.0000	0.367341400
170.0000	40.0000	60.0000	0.837083500
180.0000	40.0000	60.0000	2.075957800
190.0000	40.0000	60.0000	1.675200800
200.0000	40.0000	60.0000	1.632815800
210.0000	40.0000	60.0000	1.421641700
220.0000	40.0000	60.0000	0.965141500
230.0000	40.0000	60.0000	0.549717200
240.0000	40.0000	60.0000	0.227979810
250.0000	40.0000	60.0000	0.204996560
260.0000	40.0000	60.0000	0.419971100
270.0000	40.0000	60.0000	0.880931440
280.0000	40.0000	60.0000	0.759494250
290.0000	40.0000	60.0000	0.553524900
300.0000	40.0000	60.0000	0.524624760
310.0000	40.0000	60.0000	0.593106870
320.0000	40.0000	60.0000	0.465250500
330.0000	40.0000	60.0000	0.476064950
340.0000	40.0000	60.0000	0.406952900
350.0000	40.0000	60.0000	0.530511000
360.0000	40.0000	60.0000	1.000000000
0.0000	50.0000	60.0000	1.573715300
10.0000	50.0000	60.0000	1.419711400
20.0000	50.0000	60.0000	0.967030700
30.0000	50.0000	60.0000	0.898613800
40.0000	50.0000	60.0000	1.047846200
50.0000	50.0000	60.0000	0.421957050
60.0000	50.0000	60.0000	0.180767400
70.0000	50.0000	60.0000	0.334313630
80.0000	50.0000	60.0000	2.347340800
90.0000	50.0000	60.0000	2.380810500
100.0000	50.0000	60.0000	0.691051100
110.0000	50.0000	60.0000	0.507840100
120.0000	50.0000	60.0000	0.788322200
130.0000	50.0000	60.0000	1.598189800
140.0000	50.0000	60.0000	2.363036900
150.0000	50.0000	60.0000	0.487218000
160.0000	50.0000	60.0000	0.145058940
170.0000	50.0000	60.0000	0.472651330
180.0000	50.0000	60.0000	1.369059000
190.0000	50.0000	60.0000	0.935028400
200.0000	50.0000	60.0000	0.914742050
210.0000	50.0000	60.0000	1.396537500
220.0000	50.0000	60.0000	1.575436500
230.0000	50.0000	60.0000	0.674894450
240.0000	50.0000	60.0000	0.305065840
250.0000	50.0000	60.0000	0.328231870
260.0000	50.0000	60.0000	0.582743100
270.0000	50.0000	60.0000	1.165664800
280.0000	50.0000	60.0000	0.754206200
290.0000	50.0000	60.0000	0.583546000
300.0000	50.0000	60.0000	0.652030470
310.0000	50.0000	60.0000	0.578483640
320.0000	50.0000	60.0000	0.472754750
330.0000	50.0000	60.0000	0.291114150
340.0000	50.0000	60.0000	0.214287670
350.0000	50.0000	60.0000	0.355700850
360.0000	50.0000	60.0000	1.000000000
0.0000	60.0000	60.0000	1.235644300
10.0000	60.0000	60.0000	1.201829100
20.0000	60.0000	60.0000	1.736142300
30.0000	60.0000	60.0000	2.168881200
40.0000	60.0000	60.0000	1.087136700
50.0000	60.0000	60.0000	0.508795140
60.0000	60.0000	60.0000	0.637135270
70.0000	60.0000	60.0000	1.310559300
80.0000	60.0000	60.0000	2.369264100
90.0000	60.0000	60.0000	2.124134500
100.0000	60.0000	60.0000	0.487735800
110.0000	60.0000	60.0000	0.395786900
120.0000	60.0000	60.0000	0.404627260
130.0000	60.0000	60.0000	0.534272850
140.0000	60.0000	60.0000	0.894289700
150.0000	60.0000	60.0000	0.488958600
160.0000	60.0000	60.0000	0.176351490
170.0000	60.0000	60.0000	0.372212170
180.0000	60.0000	60.0000	0.568229600
190.0000	60.0000	60.0000	0.616329200
200.0000	60.0000	60.0000	0.682808300
210.0000	60.0000	60.0000	1.285853100
220.0000	60.0000	60.0000	1.287340800
230.0000	60.0000	60.0000	0.658618750
240.0000	60.0000	60.0000	0.802540960
250.0000	60.0000	60.0000	1.462456700
260.0000	60.0000	60.0000	0.813278140
270.0000	60.0000	60.0000	0.668478400
280.0000	60.0000	60.0000	0.389778000
290.0000	60.0000	60.0000	0.342150540
300.0000	60.0000	60.0000	0.440247920
310.0000	60.0000	60.0000	0.371478600
320.0000	60.0000	60.0000	0.519433560
330.0000	60.0000	60.0000	0.459649620
340.0000	60.0000	60.0000	0.211544540
350.0000	60.0000	60.0000	0.302794200
360.0000	60.0000	60.0000	1.000000000
0.0000	70.0000	60.0000	0.492321900
10.0000	70.0000	60.0000	0.559628500
20.0000	70.0000	60.0000	1.262345200
30.0000	70.0000	60.0000	2.174572700
40.0000	70.0000	60.0000	0.759712200
50.0000	70.0000	60.0000	0.628156300
60.0000	70.0000	60.0000	1.723372800
70.0000	70.0000	60.0000	2.525240700
80.0000	70.0000	60.0000	1.978114500
90.0000	70.0000	60.0000	0.984893140
100.0000	70.0000	60.0000	0.379570500
110.0000	70.0000	60.0000	0.482428250
120.0000	70.0000	60.0000	0.327326570
130.0000	70.0000	60.0000	0.290306400
140.0000	70.0000	60.0000	0.431877500
150.0000	70.0000	60.0000	0.477123830
160.0000	70.0000	60.0000	0.367715700
170.0000	70.0000	60.0000	0.366538760
180.0000	70.0000	60.0000	0.303834080
190.0000	70.0000	60.0000	0.461960020
200.0000	70.0000	60.0000	0.458569770
210.0000	70.0000	60.0000	0.845002500
220.0000	70.0000	60.0000	0.694955200
230.0000	70.0000	60.0000	0.500152650
240.0000	70.0000	60.0000	1.135416600
250.0000	70.0000	60.0000	2.073027100
260.0000	70.0000	60.0000	0.623336700
270.0000	70.0000	60.0000	0.206829090
280.0000	70.0000	60.0000	0.174816250
290.0000	70.0000	60.0000	0.323541800
300.0000	70.0000	60.0000	0.376780030
310.0000	70.0000	60.0000	0.454114320
320.0000	70.0000	60.0000	0.728329300
330.0000	70.0000	60.0000	0.699241000
340.0000	70.0000	60.0000	0.428475050
350.0000	70.0000	60.0000	0.565593100
360.0000	70.0000	60.0000	1.000000000
0.0000	80.0000	60.0000	0.264258060
10.0000	80.0000	60.0000	0.314688860
20.0000	80.0000	60.0000	0.512526000
30.0000	80.0000	60.0000	0.782984300
40.0000	80.0000	60.0000	0.383499740
50.0000	80.0000	60.0000	0.314868240
60.0000	80.0000	60.0000	1.302249700
70.0000	80.0000	60.0000	2.736026000
80.0000	80.0000	60.0000	2.863273000
90.0000	80.0000	60.0000	1.466237800
100.0000	80.0000	60.0000	0.924558300
110.0000	80.0000	60.0000	1.341883300
120.0000	80.0000	60.0000	0.907616100
130.0000	80.0000	60.0000	0.653825800
140.0000	80.0000	60.0000	0.374105360
150.0000	80.0000	60.0000	0.266932220
160.0000	80.0000	60.0000	0.412938240
170.0000	80.0000	60.0000	0.362227620
180.0000	80.0000	60.0000	0.250409540
190.0000	80.0000	60.0000	0.354609040
200.0000	80.0000	60.0000	0.263777460
210.0000	80.0000	60.0000	0.498608080
220.0000	80.0000	60.0000	0.582924250
230.0000	80.0000	60.0000	0.525369050
240.0000	80.0000	60.0000	1.168860000
250.0000	80.0000	60.0000	1.425925700
260.0000	80.0000	60.0000	0.570200900
270.0000	80.0000	60.0000	0.227899670
280.0000	80.0000	60.0000	0.285621100
290.0000	80.0000	60.0000	0.992183300
300.0000	80.0000	60.0000	0.937139100
310.0000	80.0000	60.0000	1.184028300
320.0000	80.0000	60.0000	1.127929400
330.0000	80.0000	60.0000	0.488601150
340.0000	80.0000	60.0000	0.421944440
350.0000	80.0000	60.0000	0.645407140
360.0000	80.0000	60.0000	1.000000000
0.0000	90.0000	60.0000	0.209001970
10.0000	90.0000	60.0000	0.252788200
20.0000	90.0000	60.0000	0.364355120
30.0000	90.0000	60.0000	0.425417160
40.0000	90.0000	60.0000	0.206816140
50.0000	90.0000	60.0000	0.197774290
60.0000	90.0000	60.0000	1.012251900
70.0000	90.0000	60.0000	2.889946500
80.0000	90.0000	60.0000	3.651816400
90.0000	90.0000	60.0000	2.412939300
100.0000	90.0000	60.0000	2.042118300
110.0000	90.0000	60.0000	2.468260300
120.0000	90.0000	60.0000	1.312265200
130.0000	90.0000	60.0000	0.950175800
140.0000	90.0000	60.0000	0.369348140
150.0000	90.0000	60.0000	0.213576320
160.0000	90.0000	60.0000	0.458993640
170.0000	90.0000	60.0000	0.345022740
180.0000	90.0000	60.0000	0.210838530
190.0000	90.0000	60.0000	0.287132140
200.0000	90.0000	60.0000	0.187887240
210.0000	90.0000	60.0000	0.384166100
220.0000	90.0000	60.0000	0.610135500
230.0000	90.0000	60.0000	0.780738300
240.0000	90.0000	60.0000	1.547792300
250.0000	90.0000	60.0000	1.265102600
260.0000	90.0000	60.0000	0.575214600
270.0000	90.0000	60.0000	0.369350000
280.0000	90.0000	60.0000	0.649781700
290.0000	90.0000	60.0000	2.541467700
300.0000	90.0000	60.0000	1.738112600
310.0000	90.0000	60.0000	1.660325400
320.0000	90.0000	60.0000	1.012939200
330.0000	90.0000	60.0000	0.305784600
340.0000	90.0000	60.0000	0.341895370
350.0000	90.0000	60.0000	0.474530760
360.0000	90.0000	60.0000	1.000000000
