0.0000	0.0000	0.0000	0.303678180
10.0000	0.0000	0.0000	0.269523980
20.0000	0.0000	0.0000	0.500474330
30.0000	0.0000	0.0000	0.520522400
40.0000	0.0000	0.0000	0.842178460
50.0000	0.0000	0.0000	0.936346350
60.0000	0.0000	0.0000	0.398806000
70.0000	0.0000	0.0000	0.695759200
80.0000	0.0000	0.0000	0.370152320
90.0000	0.0000	0.0000	1.025197600
100.0000	0.0000	0.0000	1.966724000
110.0000	0.0000	0.0000	2.345409000
120.0000	0.0000	0.0000	2.045055000
130.0000	0.0000	0.0000	2.289788200
140.0000	0.0000	0.0000	2.073859500
150.0000	0.0000	0.0000	1.317365400
160.0000	0.0000	0.0000	0.989850760
170.0000	0.0000	0.0000	0.424257100
180.0000	0.0000	0.0000	0.156066880
190.0000	0.0000	0.0000	0.711466850
200.0000	0.0000	0.0000	0.535453400
210.0000	0.0000	0.0000	0.283598240
220.0000	0.0000	0.0000	0.552847800
230.0000	0.0000	0.0000	0.842382000
240.0000	0.0000	0.0000	0.168505400
250.0000	0.0000	0.0000	0.562794300
260.0000	0.0000	0.0000	0.520330400
270.0000	0.0000	0.0000	1.143667000
280.0000	0.0000	0.0000	1.702163700
290.0000	0.0000	0.0000	1.723389300
300.0000	0.0000	0.0000	1.793879200
310.0000	0.0000	0.0000	2.481903800
320.0000	0.0000	0.0000	1.747599400
330.0000	0.0000	0.0000	0.951090460
340.0000	0.0000	0.0000	0.893717300
350.0000	0.0000	0.0000	1.460371700
360.0000	0.0000	0.0000	1.000000000
0.0000	10.0000	0.0000	0.775279400
10.0000	10.0000	0.0000	1.243805400
20.0000	10.0000	0.0000	2.330032000
30.0000	10.0000	0.0000	0.343834600
40.0000	10.0000	0.0000	2.873524400
50.0000	10.0000	0.0000	0.572669300
60.0000	10.0000	0.0000	0.834599550
70.0000	10.0000	0.0000	6.581411000
80.0000	10.0000	0.0000	0.136387600
90.0000	10.0000	0.0000	0.764644440
100.0000	10.0000	0.0000	1.860613500
110.0000	10.0000	0.0000	2.855731200
120.0000	10.0000	0.0000	3.461455000
130.0000	10.0000	0.0000	4.069099400
140.0000	10.0000	0.0000	1.278191100
150.0000	10.0000	0.0000	0.288295660
160.0000	10.0000	0.0000	1.456080700
170.0000	10.0000	0.0000	2.206444300
180.0000	10.0000	0.0000	1.647171700
190.0000	10.0000	0.0000	6.301109300
200.0000	10.0000	0.0000	1.065387100
210.0000	10.0000	0.0000	0.111190730
220.0000	10.0000	0.0000	3.095748200
230.0000	10.0000	0.0000	1.388073800
240.0000	10.0000	0.0000	0.231508940
250.0000	10.0000	0.0000	0.850247440
260.0000	10.0000	0.0000	0.233101530
270.0000	10.0000	0.0000	2.187090200
280.0000	10.0000	0.0000	2.572789700
290.0000	10.0000	0.0000	2.319804200
300.0000	10.0000	0.0000	2.265298600
310.0000	10.0000	0.0000	3.007434800
320.0000	10.0000	0.0000	1.145708200
330.0000	10.0000	0.0000	0.371862440
340.0000	10.0000	0.0000	2.277455300
350.0000	10.0000	0.0000	4.172881600
360.0000	10.0000	0.0000	1.000000000
0.0000	20.0000	0.0000	2.507629900
10.0000	20.0000	0.0000	2.962163700
20.0000	20.0000	0.0000	0.272776600
30.0000	20.0000	0.0000	0.061424904
40.0000	20.0000	0.0000	0.409371640
50.0000	20.0000	0.0000	1.134403500
60.0000	20.0000	0.0000	1.892558500
70.0000	20.0000	0.0000	0.739034400
80.0000	20.0000	0.0000	0.284484120
90.0000	20.0000	0.0000	0.327128200
100.0000	20.0000	0.0000	1.808434500
110.0000	20.0000	0.0000	1.924128700
120.0000	20.0000	0.0000	2.350116500
130.0000	20.0000	0.0000	4.727337000
140.0000	20.0000	0.0000	0.328826670
150.0000	20.0000	0.0000	0.042176300
160.0000	20.0000	0.0000	0.460061520
170.0000	20.0000	0.0000	1.398155800
180.0000	20.0000	0.0000	1.144080600
190.0000	20.0000	0.0000	5.015781400
200.0000	20.0000	0.0000	0.197973010
210.0000	20.0000	0.0000	0.093800060
220.0000	20.0000	0.0000	1.218135600
230.0000	20.0000	0.0000	1.014943600
240.0000	20.0000	0.0000	1.125108400
250.0000	20.0000	0.0000	1.100893400
260.0000	20.0000	0.0000	0.350771800
270.0000	20.0000	0.0000	0.650149200
280.0000	20.0000	0.0000	2.305432000
290.0000	20.0000	0.0000	4.159557300
300.0000	20.0000	0.0000	2.475937600
310.0000	20.0000	0.0000	1.912391400
320.0000	20.0000	0.0000	0.749535500
330.0000	20.0000	0.0000	0.060467290
340.0000	20.0000	0.0000	0.301835720
350.0000	20.0000	0.0000	0.623557150
360.0000	20.0000	0.0000	1.000000000
0.0000	30.0000	0.0000	1.786284400
10.0000	30.0000	0.0000	1.755677100
20.0000	30.0000	0.0000	0.061764155
30.0000	30.0000	0.0000	0.120062314
40.0000	30.0000	0.0000	0.693170900
50.0000	30.0000	0.0000	4.143960500
60.0000	30.0000	0.0000	2.712287000
70.0000	30.0000	0.0000	0.560299750
80.0000	30.0000	0.0000	0.512987900
90.0000	30.0000	0.0000	0.752677860
100.0000	30.0000	0.0000	1.512352000
110.0000	30.0000	0.0000	0.770549500
120.0000	30.0000	0.0000	1.383236900
130.0000	30.0000	0.0000	1.145088100
140.0000	30.0000	0.0000	0.133547890
150.0000	30.0000	0.0000	0.050079610
160.0000	30.0000	0.0000	0.450461570
170.0000	30.0000	0.0000	3.082287500
180.0000	30.0000	0.0000	2.955240500
190.0000	30.0000	0.0000	1.670774800
200.0000	30.0000	0.0000	0.099757140
210.0000	30.0000	0.0000	0.232069000
220.0000	30.0000	0.0000	1.043791500
230.0000	30.0000	0.0000	1.553738000
240.0000	30.0000	0.0000	0.987108950
250.0000	30.0000	0.0000	0.476082600
260.0000	30.0000	0.0000	0.509996060
270.0000	30.0000	0.0000	0.619778200
280.0000	30.0000	0.0000	0.768907200
290.0000	30.0000	0.0000	1.533477500
300.0000	30.0000	0.0000	1.380539900
310.0000	30.0000	0.0000	0.629535140
320.0000	30.0000	0.0000	0.308731050
330.0000	30.0000	0.0000	0.114141040
340.0000	30.0000	0.0000	0.255724250
350.0000	30.0000	0.0000	0.834775400
360.0000	30.0000	0.0000	1.000000000
0.0000	40.0000	0.0000	0.493281800
10.0000	40.0000	0.0000	0.509216250
20.0000	40.0000	0.0000	0.044207080
30.0000	40.0000	0.0000	0.202614710
40.0000	40.0000	0.0000	0.716759500
50.0000	40.0000	0.0000	1.333019000
60.0000	40.0000	0.0000	3.142009700
70.0000	40.0000	0.0000	0.535431300
80.0000	40.0000	0.0000	0.219809010
90.0000	40.0000	0.0000	0.895343300
100.0000	40.0000	0.0000	1.397087200
110.0000	40.0000	0.0000	0.678770840
120.0000	40.0000	0.0000	0.457218100
130.0000	40.0000	0.0000	0.497487960
140.0000	40.0000	0.0000	0.406187150
150.0000	40.0000	0.0000	0.185502290
160.0000	40.0000	0.0000	1.348281600
170.0000	40.0000	0.0000	1.474683300
180.0000	40.0000	0.0000	2.033066000
190.0000	40.0000	0.0000	2.082799000
200.0000	40.0000	0.0000	0.111552520
210.0000	40.0000	0.0000	0.304279540
220.0000	40.0000	0.0000	0.797936260
230.0000	40.0000	0.0000	1.802430200
240.0000	40.0000	0.0000	0.540053100
250.0000	40.0000	0.0000	0.247200350
260.0000	40.0000	0.0000	0.325272320
270.0000	40.0000	0.0000	0.303664620
280.0000	40.0000	0.0000	0.311369500
290.0000	40.0000	0.0000	0.593579230
300.0000	40.0000	0.0000	1.311856500
310.0000	40.0000	0.0000	0.540978800
320.0000	40.0000	0.0000	0.401116130
330.0000	40.0000	0.0000	0.790940050
340.0000	40.0000	0.0000	3.759467800
350.0000	40.0000	0.0000	1.577656900
360.0000	40.0000	0.0000	1.000000000
0.0000	50.0000	0.0000	2.472609000
10.0000	50.0000	0.0000	1.439327200
20.0000	50.0000	0.0000	0.151592970
30.0000	50.0000	0.0000	0.571338500
40.0000	50.0000	0.0000	0.417148350
50.0000	50.0000	0.0000	0.215456770
60.0000	50.0000	0.0000	0.147209810
70.0000	50.0000	0.0000	0.124159240
80.0000	50.0000	0.0000	0.358872700
90.0000	50.0000	0.0000	1.067391500
100.0000	50.0000	0.0000	0.393569700
110.0000	50.0000	0.0000	0.296310160
120.0000	50.0000	0.0000	0.755514200
130.0000	50.0000	0.0000	0.503527100
140.0000	50.0000	0.0000	0.533127250
150.0000	50.0000	0.0000	0.507134740
160.0000	50.0000	0.0000	0.922567100
170.0000	50.0000	0.0000	0.943752900
180.0000	50.0000	0.0000	1.474847600
190.0000	50.0000	0.0000	1.169029600
200.0000	50.0000	0.0000	0.173046410
210.0000	50.0000	0.0000	0.398171800
220.0000	50.0000	0.0000	0.695203070
230.0000	50.0000	0.0000	0.694010440
240.0000	50.0000	0.0000	0.757861200
250.0000	50.0000	0.0000	1.167743100
260.0000	50.0000	0.0000	0.709292900
270.0000	50.0000	0.0000	0.507011800
280.0000	50.0000	0.0000	0.564502000
290.0000	50.0000	0.0000	0.361707200
300.0000	50.0000	0.0000	0.397860170
310.0000	50.0000	0.0000	0.475315000
320.0000	50.0000	0.0000	0.465015200
330.0000	50.0000	0.0000	0.859621300
340.0000	50.0000	0.0000	1.784111000
350.0000	50.0000	0.0000	0.803289300
360.0000	50.0000	0.0000	1.000000000
0.0000	60.0000	0.0000	1.183055800
10.0000	60.0000	0.0000	0.826787700
20.0000	60.0000	0.0000	0.978922840
30.0000	60.0000	0.0000	1.391660300
40.0000	60.0000	0.0000	0.433358100
50.0000	60.0000	0.0000	0.287108450
60.0000	60.0000	0.0000	0.122523850
70.0000	60.0000	0.0000	0.060997860
80.0000	60.0000	0.0000	0.192639800
90.0000	60.0000	0.0000	0.449107920
100.0000	60.0000	0.0000	0.306686670
110.0000	60.0000	0.0000	0.535622360
120.0000	60.0000	0.0000	0.952583700
130.0000	60.0000	0.0000	0.367917000
140.0000	60.0000	0.0000	0.257238060
150.0000	60.0000	0.0000	0.312994180
160.0000	60.0000	0.0000	0.587584300
170.0000	60.0000	0.0000	1.627018800
180.0000	60.0000	0.0000	1.810857200
190.0000	60.0000	0.0000	1.360222300
200.0000	60.0000	0.0000	0.746970600
210.0000	60.0000	0.0000	0.758393200
220.0000	60.0000	0.0000	1.017370700
230.0000	60.0000	0.0000	0.838797570
240.0000	60.0000	0.0000	0.575789800
250.0000	60.0000	0.0000	1.580823900
260.0000	60.0000	0.0000	2.126070300
270.0000	60.0000	0.0000	0.871389100
280.0000	60.0000	0.0000	0.582444900
290.0000	60.0000	0.0000	0.419234300
300.0000	60.0000	0.0000	0.323975740
310.0000	60.0000	0.0000	0.201811910
320.0000	60.0000	0.0000	0.253918260
330.0000	60.0000	0.0000	0.170617100
340.0000	60.0000	0.0000	0.504305100
350.0000	60.0000	0.0000	3.047429300
360.0000	60.0000	0.0000	1.000000000
0.0000	70.0000	0.0000	1.703406900
10.0000	70.0000	0.0000	1.541641100
20.0000	70.0000	0.0000	1.168612600
30.0000	70.0000	0.0000	0.792027200
40.0000	70.0000	0.0000	0.382003130
50.0000	70.0000	0.0000	0.202288750
60.0000	70.0000	0.0000	0.335576360
70.0000	70.0000	0.0000	0.093489900
80.0000	70.0000	0.0000	0.031787520
90.0000	70.0000	0.0000	0.100448080
100.0000	70.0000	0.0000	0.384625520
110.0000	70.0000	0.0000	0.537735940
120.0000	70.0000	0.0000	0.408923240
130.0000	70.0000	0.0000	0.450708300
140.0000	70.0000	0.0000	0.206792240
150.0000	70.0000	0.0000	0.219009980
160.0000	70.0000	0.0000	0.649416860
170.0000	70.0000	0.0000	1.100473400
180.0000	70.0000	0.0000	1.069090500
190.0000	70.0000	0.0000	2.195876800
200.0000	70.0000	0.0000	1.325498700
210.0000	70.0000	0.0000	0.798883200
220.0000	70.0000	0.0000	0.601577800
230.0000	70.0000	0.0000	0.214410300
240.0000	70.0000	0.0000	0.238608380
250.0000	70.0000	0.0000	0.987564100
260.0000	70.0000	0.0000	1.138601100
270.0000	70.0000	0.0000	0.396539660
280.0000	70.0000	0.0000	0.424593180
290.0000	70.0000	0.0000	0.601661860
300.0000	70.0000	0.0000	0.256854860
310.0000	70.0000	0.0000	0.150276510
320.0000	70.0000	0.0000	0.216841060
330.0000	70.0000	0.0000	0.288180260
340.0000	70.0000	0.0000	0.637735600
350.0000	70.0000	0.0000	2.361908200
360.0000	70.0000	0.0000	1.000000000
0.0000	80.0000	0.0000	0.315732400
10.0000	80.0000	0.0000	0.812937140
20.0000	80.0000	0.0000	1.248132600
30.0000	80.0000	0.0000	0.348550140
40.0000	80.0000	0.0000	0.438991250
50.0000	80.0000	0.0000	0.327373680
60.0000	80.0000	0.0000	0.400638500
70.0000	80.0000	0.0000	0.266689960
80.0000	80.0000	0.0000	0.101953720
90.0000	80.0000	0.0000	0.219323600
100.0000	80.0000	0.0000	0.497172120
110.0000	80.0000	0.0000	0.353574450
120.0000	80.0000	0.0000	0.229567420
130.0000	80.0000	0.0000	0.494880860
140.0000	80.0000	0.0000	0.556346060
150.0000	80.0000	0.0000	0.823943200
160.0000	80.0000	0.0000	1.628867100
170.0000	80.0000	0.0000	1.787720800
180.0000	80.0000	0.0000	2.754418100
190.0000	80.0000	0.0000	3.936341000
200.0000	80.0000	0.0000	1.042352900
210.0000	80.0000	0.0000	1.039611000
220.0000	80.0000	0.0000	0.625723900
230.0000	80.0000	0.0000	0.118570820
240.0000	80.0000	0.0000	0.329674120
250.0000	80.0000	0.0000	0.686763700
260.0000	80.0000	0.0000	0.506372300
270.0000	80.0000	0.0000	0.653206770
280.0000	80.0000	0.0000	0.720992200
290.0000	80.0000	0.0000	0.635173560
300.0000	80.0000	0.0000	0.285238270
310.0000	80.0000	0.0000	0.563670300
320.0000	80.0000	0.0000	0.902747500
330.0000	80.0000	0.0000	1.172549700
340.0000	80.0000	0.0000	1.010197300
350.0000	80.0000	0.0000	1.237805700
360.0000	80.0000	0.0000	1.000000000
0.0000	90.0000	0.0000	5.577252000
10.0000	90.0000	0.0000	2.394557700
20.0000	90.0000	0.0000	2.093877000
30.0000	90.0000	0.0000	0.360357600
40.0000	90.0000	0.0000	0.615970730
50.0000	90.0000	0.0000	0.867592300
60.0000	90.0000	0.0000	0.556432100
70.0000	90.0000	0.0000	0.290902700
80.0000	90.0000	0.0000	0.143990110
90.0000	90.0000	0.0000	0.454816640
100.0000	90.0000	0.0000	0.752152260
110.0000	90.0000	0.0000	0.417637470
120.0000	90.0000	0.0000	0.260615740
130.0000	90.0000	0.0000	0.476726380
140.0000	90.0000	0.0000	1.548033400
150.0000	90.0000	0.0000	3.256182700
160.0000	90.0000	0.0000	4.223471000
170.0000	90.0000	0.0000	2.695379000
180.0000	90.0000	0.0000	3.510692600
190.0000	90.0000	0.0000	3.093446500
200.0000	90.0000	0.0000	1.242993400
210.0000	90.0000	0.0000	3.085473000
220.0000	90.0000	0.0000	1.433658100
230.0000	90.0000	0.0000	0.230473800
240.0000	90.0000	0.0000	0.441984530
250.0000	90.0000	0.0000	0.562286100
260.0000	90.0000	0.0000	0.397698250
270.0000	90.0000	0.0000	0.720267800
280.0000	90.0000	0.0000	1.051113700
290.0000	90.0000	0.0000	1.330966100
300.0000	90.0000	0.0000	0.586552260
310.0000	90.0000	0.0000	1.460156200
320.0000	90.0000	0.0000	2.217178300
330.0000	90.0000	0.0000	1.681637800
340.0000	90.0000	0.0000	1.531501200
350.0000	90.0000	0.0000	2.966095400
360.0000	90.0000	0.0000	1.000000000
0.0000	0.0000	10.0000	1.000000000
10.0000	0.0000	10.0000	1.000000000
20.0000	0.0000	10.0000	1.000000000
30.0000	0.0000	10.0000	1.000000000
40.0000	0.0000	10.0000	1.000000000
50.0000	0.0000	10.0000	1.000000000
60.0000	0.0000	10.0000	1.000000000
70.0000	0.0000	10.0000	1.000000000
80.0000	0.0000	10.0000	1.000000000
90.0000	0.0000	10.0000	1.000000000
100.0000	0.0000	10.0000	1.000000000
110.0000	0.0000	10.0000	1.000000000
120.0000	0.0000	10.0000	1.000000000
130.0000	0.0000	10.0000	1.000000000
140.0000	0.0000	10.0000	1.000000000
150.0000	0.0000	10.0000	1.000000000
160.0000	0.0000	10.0000	1.000000000
170.0000	0.0000	10.0000	1.000000000
180.0000	0.0000	10.0000	1.000000000
190.0000	0.0000	10.0000	1.000000000
200.0000	0.0000	10.0000	1.000000000
210.0000	0.0000	10.0000	1.000000000
220.0000	0.0000	10.0000	1.000000000
230.0000	0.0000	10.0000	1.000000000
240.0000	0.0000	10.0000	1.000000000
250.0000	0.0000	10.0000	1.000000000
260.0000	0.0000	10.0000	1.000000000
270.0000	0.0000	10.0000	1.000000000
280.0000	0.0000	10.0000	1.000000000
290.0000	0.0000	10.0000	1.000000000
300.0000	0.0000	10.0000	1.000000000
310.0000	0.0000	10.0000	1.000000000
320.0000	0.0000	10.0000	1.000000000
330.0000	0.0000	10.0000	1.000000000
340.0000	0.0000	10.0000	1.000000000
350.0000	0.0000	10.0000	1.000000000
360.0000	0.0000	10.0000	1.000000000
0.0000	10.0000	10.0000	0.775127530
10.0000	10.0000	10.0000	0.788514200
20.0000	10.0000	10.0000	1.783322600
30.0000	10.0000	10.0000	0.397179130
40.0000	10.0000	10.0000	0.852718900
50.0000	10.0000	10.0000	1.399424200
60.0000	10.0000	10.0000	2.399736200
70.0000	10.0000	10.0000	1.335119200
80.0000	10.0000	10.0000	0.255765320
90.0000	10.0000	10.0000	0.798604700
100.0000	10.0000	10.0000	1.536356400
110.0000	10.0000	10.0000	2.457403000
120.0000	10.0000	10.0000	2.912884700
130.0000	10.0000	10.0000	1.933494700
140.0000	10.0000	10.0000	0.746272150
150.0000	10.0000	10.0000	0.357583970
160.0000	10.0000	10.0000	1.887819500
170.0000	10.0000	10.0000	2.670571800
180.0000	10.0000	10.0000	1.832335600
190.0000	10.0000	10.0000	2.546338000
200.0000	10.0000	10.0000	1.020567700
210.0000	10.0000	10.0000	0.227706900
220.0000	10.0000	10.0000	1.627083200
230.0000	10.0000	10.0000	0.954462230
240.0000	10.0000	10.0000	0.610232100
250.0000	10.0000	10.0000	0.556924400
260.0000	10.0000	10.0000	0.101034610
270.0000	10.0000	10.0000	1.061582700
280.0000	10.0000	10.0000	1.940322400
290.0000	10.0000	10.0000	1.801347300
300.0000	10.0000	10.0000	1.924929300
310.0000	10.0000	10.0000	1.791005300
320.0000	10.0000	10.0000	0.807416000
330.0000	10.0000	10.0000	0.439635200
340.0000	10.0000	10.0000	3.018915700
350.0000	10.0000	10.0000	4.825489500
360.0000	10.0000	10.0000	1.000000000
0.0000	20.0000	10.0000	2.362624600
10.0000	20.0000	10.0000	1.770334500
20.0000	20.0000	10.0000	0.248363150
30.0000	20.0000	10.0000	0.107859690
40.0000	20.0000	10.0000	0.402108200
50.0000	20.0000	10.0000	1.381054600
60.0000	20.0000	10.0000	1.080289000
70.0000	20.0000	10.0000	0.340387460
80.0000	20.0000	10.0000	0.293648400
90.0000	20.0000	10.0000	0.414830360
100.0000	20.0000	10.0000	1.015959500
110.0000	20.0000	10.0000	1.150907400
120.0000	20.0000	10.0000	0.649038400
130.0000	20.0000	10.0000	0.333182500
140.0000	20.0000	10.0000	0.087648240
150.0000	20.0000	10.0000	0.063086020
160.0000	20.0000	10.0000	0.727884700
170.0000	20.0000	10.0000	1.308969100
180.0000	20.0000	10.0000	0.803266170
190.0000	20.0000	10.0000	1.554845500
200.0000	20.0000	10.0000	0.261861950
210.0000	20.0000	10.0000	0.182181940
220.0000	20.0000	10.0000	0.576823830
230.0000	20.0000	10.0000	1.229876800
240.0000	20.0000	10.0000	1.127005100
250.0000	20.0000	10.0000	1.085608100
260.0000	20.0000	10.0000	0.454557120
270.0000	20.0000	10.0000	0.291723000
280.0000	20.0000	10.0000	0.923709330
290.0000	20.0000	10.0000	1.047934400
300.0000	20.0000	10.0000	0.489546920
310.0000	20.0000	10.0000	0.552114900
320.0000	20.0000	10.0000	0.201514530
330.0000	20.0000	10.0000	0.049339990
340.0000	20.0000	10.0000	0.471560540
350.0000	20.0000	10.0000	0.695802500
360.0000	20.0000	10.0000	1.000000000
0.0000	30.0000	10.0000	1.411811800
10.0000	30.0000	10.0000	0.737346650
20.0000	30.0000	10.0000	0.051282530
30.0000	30.0000	10.0000	0.199303090
40.0000	30.0000	10.0000	0.963580500
50.0000	30.0000	10.0000	1.985385300
60.0000	30.0000	10.0000	1.040723100
70.0000	30.0000	10.0000	0.551170650
80.0000	30.0000	10.0000	0.664607400
90.0000	30.0000	10.0000	0.680285450
100.0000	30.0000	10.0000	1.218962100
110.0000	30.0000	10.0000	1.591664900
120.0000	30.0000	10.0000	2.020944800
130.0000	30.0000	10.0000	0.681267600
140.0000	30.0000	10.0000	0.121380730
150.0000	30.0000	10.0000	0.214762960
160.0000	30.0000	10.0000	2.190264700
170.0000	30.0000	10.0000	3.089953200
180.0000	30.0000	10.0000	1.714392100
190.0000	30.0000	10.0000	0.444117400
200.0000	30.0000	10.0000	0.066317630
210.0000	30.0000	10.0000	0.202193110
220.0000	30.0000	10.0000	0.794799750
230.0000	30.0000	10.0000	1.719841600
240.0000	30.0000	10.0000	1.091022100
250.0000	30.0000	10.0000	0.637526870
260.0000	30.0000	10.0000	0.670562740
270.0000	30.0000	10.0000	0.401423700
280.0000	30.0000	10.0000	0.617661200
290.0000	30.0000	10.0000	3.222917800
300.0000	30.0000	10.0000	1.859907700
310.0000	30.0000	10.0000	1.091821100
320.0000	30.0000	10.0000	0.298741760
330.0000	30.0000	10.0000	0.199827910
340.0000	30.0000	10.0000	0.367877240
350.0000	30.0000	10.0000	0.769725560
360.0000	30.0000	10.0000	1.000000000
0.0000	40.0000	10.0000	0.255284730
10.0000	40.0000	10.0000	0.169734900
20.0000	40.0000	10.0000	0.047090240
30.0000	40.0000	10.0000	0.347263130
40.0000	40.0000	10.0000	1.232375900
50.0000	40.0000	10.0000	0.946021850
60.0000	40.0000	10.0000	0.607432000
70.0000	40.0000	10.0000	0.470363380
80.0000	40.0000	10.0000	0.392746900
90.0000	40.0000	10.0000	0.766580600
100.0000	40.0000	10.0000	1.203816900
110.0000	40.0000	10.0000	1.157860200
120.0000	40.0000	10.0000	0.976462000
130.0000	40.0000	10.0000	0.529490650
140.0000	40.0000	10.0000	0.388148580
150.0000	40.0000	10.0000	0.496189480
160.0000	40.0000	10.0000	1.667241000
170.0000	40.0000	10.0000	0.931733370
180.0000	40.0000	10.0000	1.396351800
190.0000	40.0000	10.0000	0.589721700
200.0000	40.0000	10.0000	0.090466640
210.0000	40.0000	10.0000	0.498057000
220.0000	40.0000	10.0000	1.510339600
230.0000	40.0000	10.0000	1.765773500
240.0000	40.0000	10.0000	0.738639600
250.0000	40.0000	10.0000	0.368365900
260.0000	40.0000	10.0000	0.367226700
270.0000	40.0000	10.0000	0.299568950
280.0000	40.0000	10.0000	0.365396170
290.0000	40.0000	10.0000	1.077096200
300.0000	40.0000	10.0000	1.216895200
310.0000	40.0000	10.0000	0.777778400
320.0000	40.0000	10.0000	0.452151180
330.0000	40.0000	10.0000	0.763358300
340.0000	40.0000	10.0000	2.246832400
350.0000	40.0000	10.0000	1.225230100
360.0000	40.0000	10.0000	1.000000000
0.0000	50.0000	10.0000	1.323345100
10.0000	50.0000	10.0000	0.575666200
20.0000	50.0000	10.0000	0.147604350
30.0000	50.0000	10.0000	0.481272600
40.0000	50.0000	10.0000	0.717847500
50.0000	50.0000	10.0000	0.423974480
60.0000	50.0000	10.0000	0.150206150
70.0000	50.0000	10.0000	0.213063930
80.0000	50.0000	10.0000	0.711828400
90.0000	50.0000	10.0000	1.068106700
100.0000	50.0000	10.0000	0.581062140
110.0000	50.0000	10.0000	0.545892360
120.0000	50.0000	10.0000	0.562632200
130.0000	50.0000	10.0000	0.500573000
140.0000	50.0000	10.0000	0.692228500
150.0000	50.0000	10.0000	0.462759440
160.0000	50.0000	10.0000	0.349575000
170.0000	50.0000	10.0000	0.525552750
180.0000	50.0000	10.0000	1.045153600
190.0000	50.0000	10.0000	0.410384900
200.0000	50.0000	10.0000	0.136863650
210.0000	50.0000	10.0000	0.546458800
220.0000	50.0000	10.0000	1.082779300
230.0000	50.0000	10.0000	1.112158700
240.0000	50.0000	10.0000	0.957293450
250.0000	50.0000	10.0000	1.224396600
260.0000	50.0000	10.0000	0.548651800
270.0000	50.0000	10.0000	0.396674600
280.0000	50.0000	10.0000	0.581772450
290.0000	50.0000	10.0000	0.654376300
300.0000	50.0000	10.0000	0.567528070
310.0000	50.0000	10.0000	0.581589600
320.0000	50.0000	10.0000	0.403515280
330.0000	50.0000	10.0000	0.574063200
340.0000	50.0000	10.0000	0.909984300
350.0000	50.0000	10.0000	0.543053400
360.0000	50.0000	10.0000	1.000000000
0.0000	60.0000	10.0000	0.589009170
10.0000	60.0000	10.0000	0.365001620
20.0000	60.0000	10.0000	0.391453900
30.0000	60.0000	10.0000	0.604642150
40.0000	60.0000	10.0000	0.512976400
50.0000	60.0000	10.0000	0.552544060
60.0000	60.0000	10.0000	0.278055070
70.0000	60.0000	10.0000	0.376584230
80.0000	60.0000	10.0000	0.870700100
90.0000	60.0000	10.0000	0.379142940
100.0000	60.0000	10.0000	0.240340050
110.0000	60.0000	10.0000	0.598427700
120.0000	60.0000	10.0000	0.530276900
130.0000	60.0000	10.0000	0.253685440
140.0000	60.0000	10.0000	0.275732700
150.0000	60.0000	10.0000	0.337763940
160.0000	60.0000	10.0000	0.376069660
170.0000	60.0000	10.0000	1.050567900
180.0000	60.0000	10.0000	1.198371600
190.0000	60.0000	10.0000	0.506643700
200.0000	60.0000	10.0000	0.274987130
210.0000	60.0000	10.0000	0.582103000
220.0000	60.0000	10.0000	0.876223000
230.0000	60.0000	10.0000	1.111284400
240.0000	60.0000	10.0000	0.838781900
250.0000	60.0000	10.0000	1.561034800
260.0000	60.0000	10.0000	1.278466500
270.0000	60.0000	10.0000	0.626299740
280.0000	60.0000	10.0000	0.487040550
290.0000	60.0000	10.0000	0.347512000
300.0000	60.0000	10.0000	0.259583740
310.0000	60.0000	10.0000	0.226496170
320.0000	60.0000	10.0000	0.303415000
330.0000	60.0000	10.0000	0.406629500
340.0000	60.0000	10.0000	0.749755740
350.0000	60.0000	10.0000	1.635249700
360.0000	60.0000	10.0000	1.000000000
0.0000	70.0000	10.0000	1.251579400
10.0000	70.0000	10.0000	0.704567400
20.0000	70.0000	10.0000	0.379509240
30.0000	70.0000	10.0000	0.408895820
40.0000	70.0000	10.0000	0.466237400
50.0000	70.0000	10.0000	0.589186670
60.0000	70.0000	10.0000	0.596583600
70.0000	70.0000	10.0000	0.561009350
80.0000	70.0000	10.0000	0.208542820
90.0000	70.0000	10.0000	0.109835770
100.0000	70.0000	10.0000	0.190034050
110.0000	70.0000	10.0000	0.436662940
120.0000	70.0000	10.0000	0.356957320
130.0000	70.0000	10.0000	0.224826230
140.0000	70.0000	10.0000	0.197282310
150.0000	70.0000	10.0000	0.358957050
160.0000	70.0000	10.0000	0.904575470
170.0000	70.0000	10.0000	1.017429700
180.0000	70.0000	10.0000	0.812457900
190.0000	70.0000	10.0000	1.075328500
200.0000	70.0000	10.0000	0.855453850
210.0000	70.0000	10.0000	0.734747200
220.0000	70.0000	10.0000	0.707597140
230.0000	70.0000	10.0000	0.543796840
240.0000	70.0000	10.0000	0.342619360
250.0000	70.0000	10.0000	0.563915900
260.0000	70.0000	10.0000	0.485970530
270.0000	70.0000	10.0000	0.325858470
280.0000	70.0000	10.0000	0.321234100
290.0000	70.0000	10.0000	0.284273000
300.0000	70.0000	10.0000	0.252446100
310.0000	70.0000	10.0000	0.214767980
320.0000	70.0000	10.0000	0.334972740
330.0000	70.0000	10.0000	0.494632780
340.0000	70.0000	10.0000	0.803042650
350.0000	70.0000	10.0000	1.871935000
360.0000	70.0000	10.0000	1.000000000
0.0000	80.0000	10.0000	0.201091170
10.0000	80.0000	10.0000	0.378020050
20.0000	80.0000	10.0000	0.841250240
30.0000	80.0000	10.0000	0.482845840
40.0000	80.0000	10.0000	0.504478200
50.0000	80.0000	10.0000	0.345782460
60.0000	80.0000	10.0000	0.345055700
70.0000	80.0000	10.0000	0.441594360
80.0000	80.0000	10.0000	0.387650220
90.0000	80.0000	10.0000	0.320164600
100.0000	80.0000	10.0000	0.335494130
110.0000	80.0000	10.0000	0.427137880
120.0000	80.0000	10.0000	0.363803180
130.0000	80.0000	10.0000	0.306033760
140.0000	80.0000	10.0000	0.395263600
150.0000	80.0000	10.0000	0.734890160
160.0000	80.0000	10.0000	2.105031300
170.0000	80.0000	10.0000	2.867806700
180.0000	80.0000	10.0000	2.799352600
190.0000	80.0000	10.0000	3.322547000
200.0000	80.0000	10.0000	1.896591400
210.0000	80.0000	10.0000	1.310156200
220.0000	80.0000	10.0000	0.592819750
230.0000	80.0000	10.0000	0.234008500
240.0000	80.0000	10.0000	0.277975260
250.0000	80.0000	10.0000	0.415092830
260.0000	80.0000	10.0000	0.325487300
270.0000	80.0000	10.0000	0.407981130
280.0000	80.0000	10.0000	0.563025360
290.0000	80.0000	10.0000	0.539011600
300.0000	80.0000	10.0000	0.259100260
310.0000	80.0000	10.0000	0.353229520
320.0000	80.0000	10.0000	0.595241840
330.0000	80.0000	10.0000	0.701001600
340.0000	80.0000	10.0000	0.811655640
350.0000	80.0000	10.0000	1.530040000
360.0000	80.0000	10.0000	1.000000000
0.0000	90.0000	10.0000	4.715204700
10.0000	90.0000	10.0000	1.902358300
20.0000	90.0000	10.0000	2.325764400
30.0000	90.0000	10.0000	0.641030430
40.0000	90.0000	10.0000	0.615377700
50.0000	90.0000	10.0000	0.249556150
60.0000	90.0000	10.0000	0.138994290
70.0000	90.0000	10.0000	0.313103650
80.0000	90.0000	10.0000	0.509058300
90.0000	90.0000	10.0000	0.710838140
100.0000	90.0000	10.0000	0.434603480
110.0000	90.0000	10.0000	0.885700940
120.0000	90.0000	10.0000	0.533140840
130.0000	90.0000	10.0000	0.398255320
140.0000	90.0000	10.0000	0.772491630
150.0000	90.0000	10.0000	1.614928600
160.0000	90.0000	10.0000	4.443465700
170.0000	90.0000	10.0000	4.935561700
180.0000	90.0000	10.0000	4.767723600
190.0000	90.0000	10.0000	4.847014000
200.0000	90.0000	10.0000	1.993039400
210.0000	90.0000	10.0000	1.860450300
220.0000	90.0000	10.0000	0.582775000
230.0000	90.0000	10.0000	0.192805860
240.0000	90.0000	10.0000	0.358682000
250.0000	90.0000	10.0000	0.424671950
260.0000	90.0000	10.0000	0.474003730
270.0000	90.0000	10.0000	0.565645600
280.0000	90.0000	10.0000	0.675951700
290.0000	90.0000	10.0000	1.396366400
300.0000	90.0000	10.0000	0.327632500
310.0000	90.0000	10.0000	0.471699540
320.0000	90.0000	10.0000	0.976712350
330.0000	90.0000	10.0000	0.925300500
340.0000	90.0000	10.0000	1.344300200
350.0000	90.0000	10.0000	2.687819700
360.0000	90.0000	10.0000	1.000000000
0.0000	0.0000	20.0000	1.000000000
10.0000	0.0000	20.0000	1.000000000
20.0000	0.0000	20.0000	1.000000000
30.0000	0.0000	20.0000	1.000000000
40.0000	0.0000	20.0000	1.000000000
50.0000	0.0000	20.0000	1.000000000
60.0000	0.0000	20.0000	1.000000000
70.0000	0.0000	20.0000	1.000000000
80.0000	0.0000	20.0000	1.000000000
90.0000	0.0000	20.0000	1.000000000
100.0000	0.0000	20.0000	1.000000000
110.0000	0.0000	20.0000	1.000000000
120.0000	0.0000	20.0000	1.000000000
130.0000	0.0000	20.0000	1.000000000
140.0000	0.0000	20.0000	1.000000000
150.0000	0.0000	20.0000	1.000000000
160.0000	0.0000	20.0000	1.000000000
170.0000	0.0000	20.0000	1.000000000
180.0000	0.0000	20.0000	1.000000000
190.0000	0.0000	20.0000	1.000000000
200.0000	0.0000	20.0000	1.000000000
210.0000	0.0000	20.0000	1.000000000
220.0000	0.0000	20.0000	1.000000000
230.0000	0.0000	20.0000	1.000000000
240.0000	0.0000	20.0000	1.000000000
250.0000	0.0000	20.0000	1.000000000
260.0000	0.0000	20.0000	1.000000000
270.0000	0.0000	20.0000	1.000000000
280.0000	0.0000	20.0000	1.000000000
290.0000	0.0000	20.0000	1.000000000
300.0000	0.0000	20.0000	1.000000000
310.0000	0.0000	20.0000	1.000000000
320.0000	0.0000	20.0000	1.000000000
330.0000	0.0000	20.0000	1.000000000
340.0000	0.0000	20.0000	1.000000000
350.0000	0.0000	20.0000	1.000000000
360.0000	0.0000	20.0000	1.000000000
0.0000	10.0000	20.0000	0.672798900
10.0000	10.0000	20.0000	0.552514850
20.0000	10.0000	20.0000	3.208662000
30.0000	10.0000	20.0000	0.209375870
40.0000	10.0000	20.0000	0.388503640
50.0000	10.0000	20.0000	1.528142900
60.0000	10.0000	20.0000	0.710473500
70.0000	10.0000	20.0000	0.181942640
80.0000	10.0000	20.0000	0.698579700
90.0000	10.0000	20.0000	1.078259500
100.0000	10.0000	20.0000	0.778030800
110.0000	10.0000	20.0000	0.922648900
120.0000	10.0000	20.0000	0.207567630
130.0000	10.0000	20.0000	0.067117660
140.0000	10.0000	20.0000	0.225195540
150.0000	10.0000	20.0000	0.165477480
160.0000	10.0000	20.0000	1.926394200
170.0000	10.0000	20.0000	4.381771600
180.0000	10.0000	20.0000	1.130203200
190.0000	10.0000	20.0000	1.189514600
200.0000	10.0000	20.0000	3.251051000
210.0000	10.0000	20.0000	0.446729060
220.0000	10.0000	20.0000	0.369890750
230.0000	10.0000	20.0000	0.583475530
240.0000	10.0000	20.0000	0.769637500
250.0000	10.0000	20.0000	0.449593000
260.0000	10.0000	20.0000	0.173063650
270.0000	10.0000	20.0000	0.351104620
280.0000	10.0000	20.0000	0.881652100
290.0000	10.0000	20.0000	1.431023400
300.0000	10.0000	20.0000	0.292604400
310.0000	10.0000	20.0000	0.094346620
320.0000	10.0000	20.0000	0.246986540
330.0000	10.0000	20.0000	0.322076170
340.0000	10.0000	20.0000	3.215594300
350.0000	10.0000	20.0000	6.766538600
360.0000	10.0000	20.0000	1.000000000
0.0000	20.0000	20.0000	2.047480000
10.0000	20.0000	20.0000	1.343569600
20.0000	20.0000	20.0000	0.635931850
30.0000	20.0000	20.0000	0.408882500
40.0000	20.0000	20.0000	0.711045200
50.0000	20.0000	20.0000	1.401462000
60.0000	20.0000	20.0000	0.597804100
70.0000	20.0000	20.0000	0.261858550
80.0000	20.0000	20.0000	0.483059600
90.0000	20.0000	20.0000	1.170712400
100.0000	20.0000	20.0000	2.334312000
110.0000	20.0000	20.0000	1.939756400
120.0000	20.0000	20.0000	0.325964960
130.0000	20.0000	20.0000	0.084510244
140.0000	20.0000	20.0000	0.135764030
150.0000	20.0000	20.0000	0.283734300
160.0000	20.0000	20.0000	0.809729040
170.0000	20.0000	20.0000	1.523266900
180.0000	20.0000	20.0000	0.511546700
190.0000	20.0000	20.0000	0.984576760
200.0000	20.0000	20.0000	0.914301500
210.0000	20.0000	20.0000	0.344472100
220.0000	20.0000	20.0000	0.571971200
230.0000	20.0000	20.0000	1.538533300
240.0000	20.0000	20.0000	0.954046000
250.0000	20.0000	20.0000	0.708467600
260.0000	20.0000	20.0000	0.375379700
270.0000	20.0000	20.0000	0.524147870
280.0000	20.0000	20.0000	1.448142600
290.0000	20.0000	20.0000	1.028037800
300.0000	20.0000	20.0000	0.362018380
310.0000	20.0000	20.0000	0.144138840
320.0000	20.0000	20.0000	0.126782270
330.0000	20.0000	20.0000	0.193246070
340.0000	20.0000	20.0000	0.959813700
350.0000	20.0000	20.0000	1.056258300
360.0000	20.0000	20.0000	1.000000000
0.0000	30.0000	20.0000	0.880436800
10.0000	30.0000	20.0000	0.623876200
20.0000	30.0000	20.0000	0.296164040
30.0000	30.0000	20.0000	0.555204870
40.0000	30.0000	20.0000	0.841400150
50.0000	30.0000	20.0000	0.530834850
60.0000	30.0000	20.0000	0.333281300
70.0000	30.0000	20.0000	0.493731100
80.0000	30.0000	20.0000	0.651164300
90.0000	30.0000	20.0000	0.682684800
100.0000	30.0000	20.0000	1.107700600
110.0000	30.0000	20.0000	1.087779400
120.0000	30.0000	20.0000	0.759050200
130.0000	30.0000	20.0000	0.445978200
140.0000	30.0000	20.0000	0.508940900
150.0000	30.0000	20.0000	1.865081400
160.0000	30.0000	20.0000	3.117920200
170.0000	30.0000	20.0000	2.777526900
180.0000	30.0000	20.0000	1.123037100
190.0000	30.0000	20.0000	0.436691140
200.0000	30.0000	20.0000	0.357803940
210.0000	30.0000	20.0000	0.572117100
220.0000	30.0000	20.0000	1.667659500
230.0000	30.0000	20.0000	1.459708200
240.0000	30.0000	20.0000	0.910719600
250.0000	30.0000	20.0000	0.705897200
260.0000	30.0000	20.0000	0.670380900
270.0000	30.0000	20.0000	0.556582450
280.0000	30.0000	20.0000	0.766339700
290.0000	30.0000	20.0000	1.219346000
300.0000	30.0000	20.0000	0.687550400
310.0000	30.0000	20.0000	0.353969780
320.0000	30.0000	20.0000	0.245476230
330.0000	30.0000	20.0000	0.236002090
340.0000	30.0000	20.0000	0.255784000
350.0000	30.0000	20.0000	0.874568700
360.0000	30.0000	20.0000	1.000000000
0.0000	40.0000	20.0000	0.176285060
10.0000	40.0000	20.0000	0.178418600
20.0000	40.0000	20.0000	0.234143320
30.0000	40.0000	20.0000	0.624141930
40.0000	40.0000	20.0000	1.041311100
50.0000	40.0000	20.0000	0.461313500
60.0000	40.0000	20.0000	0.229847850
70.0000	40.0000	20.0000	0.395158140
80.0000	40.0000	20.0000	0.363555900
90.0000	40.0000	20.0000	0.453378980
100.0000	40.0000	20.0000	0.813751900
110.0000	40.0000	20.0000	0.669794140
120.0000	40.0000	20.0000	0.746150500
130.0000	40.0000	20.0000	0.724792700
140.0000	40.0000	20.0000	0.536407500
150.0000	40.0000	20.0000	1.264362300
160.0000	40.0000	20.0000	1.568376400
170.0000	40.0000	20.0000	0.811672600
180.0000	40.0000	20.0000	0.901405750
190.0000	40.0000	20.0000	0.512692030
200.0000	40.0000	20.0000	0.393200840
210.0000	40.0000	20.0000	1.339911800
220.0000	40.0000	20.0000	2.551419700
230.0000	40.0000	20.0000	1.255797700
240.0000	40.0000	20.0000	0.729433900
250.0000	40.0000	20.0000	0.660016600
260.0000	40.0000	20.0000	0.551477200
270.0000	40.0000	20.0000	0.500932100
280.0000	40.0000	20.0000	0.563845000
290.0000	40.0000	20.0000	1.253497000
300.0000	40.0000	20.0000	0.810676930
310.0000	40.0000	20.0000	0.899791660
320.0000	40.0000	20.0000	0.656997400
330.0000	40.0000	20.0000	0.639604600
340.0000	40.0000	20.0000	0.966865200
350.0000	40.0000	20.0000	1.143726100
360.0000	40.0000	20.0000	1.000000000
0.0000	50.0000	20.0000	1.049869400
10.0000	50.0000	20.0000	0.650653360
20.0000	50.0000	20.0000	0.483823700
30.0000	50.0000	20.0000	0.877663300
40.0000	50.0000	20.0000	1.710547200
50.0000	50.0000	20.0000	1.372319800
60.0000	50.0000	20.0000	0.817965900
70.0000	50.0000	20.0000	0.601994600
80.0000	50.0000	20.0000	0.646193740
90.0000	50.0000	20.0000	0.729825200
100.0000	50.0000	20.0000	0.823944200
110.0000	50.0000	20.0000	0.683269000
120.0000	50.0000	20.0000	0.400031900
130.0000	50.0000	20.0000	0.516516270
140.0000	50.0000	20.0000	0.525223200
150.0000	50.0000	20.0000	0.626244540
160.0000	50.0000	20.0000	0.434574430
170.0000	50.0000	20.0000	0.812956100
180.0000	50.0000	20.0000	0.889143100
190.0000	50.0000	20.0000	0.506652700
200.0000	50.0000	20.0000	0.638630570
210.0000	50.0000	20.0000	1.569768100
220.0000	50.0000	20.0000	1.644156000
230.0000	50.0000	20.0000	0.875281930
240.0000	50.0000	20.0000	0.877351640
250.0000	50.0000	20.0000	0.799607700
260.0000	50.0000	20.0000	0.544577000
270.0000	50.0000	20.0000	0.494213340
280.0000	50.0000	20.0000	0.713908600
290.0000	50.0000	20.0000	0.720440450
300.0000	50.0000	20.0000	0.817152740
310.0000	50.0000	20.0000	0.505225800
320.0000	50.0000	20.0000	0.456214400
330.0000	50.0000	20.0000	0.680141600
340.0000	50.0000	20.0000	0.679303050
350.0000	50.0000	20.0000	0.976770460
360.0000	50.0000	20.0000	1.000000000
0.0000	60.0000	20.0000	0.426962020
10.0000	60.0000	20.0000	0.331816260
20.0000	60.0000	20.0000	0.550519600
30.0000	60.0000	20.0000	0.582275330
40.0000	60.0000	20.0000	0.897465200
50.0000	60.0000	20.0000	1.393245500
60.0000	60.0000	20.0000	0.887158300
70.0000	60.0000	20.0000	1.825445900
80.0000	60.0000	20.0000	1.344432100
90.0000	60.0000	20.0000	0.228086200
100.0000	60.0000	20.0000	0.217758030
110.0000	60.0000	20.0000	0.314591970
120.0000	60.0000	20.0000	0.246375500
130.0000	60.0000	20.0000	0.420646700
140.0000	60.0000	20.0000	0.843249440
150.0000	60.0000	20.0000	1.077065500
160.0000	60.0000	20.0000	0.936336640
170.0000	60.0000	20.0000	2.238054300
180.0000	60.0000	20.0000	1.094844500
190.0000	60.0000	20.0000	0.592371200
200.0000	60.0000	20.0000	0.895706400
210.0000	60.0000	20.0000	1.025008200
220.0000	60.0000	20.0000	1.555660700
230.0000	60.0000	20.0000	1.636086500
240.0000	60.0000	20.0000	0.982217250
250.0000	60.0000	20.0000	1.313123500
260.0000	60.0000	20.0000	1.081112900
270.0000	60.0000	20.0000	0.452572320
280.0000	60.0000	20.0000	0.257060380
290.0000	60.0000	20.0000	0.311512680
300.0000	60.0000	20.0000	0.441750230
310.0000	60.0000	20.0000	0.301261660
320.0000	60.0000	20.0000	0.539478900
330.0000	60.0000	20.0000	0.848890600
340.0000	60.0000	20.0000	0.747022300
350.0000	60.0000	20.0000	1.406179100
360.0000	60.0000	20.0000	1.000000000
0.0000	70.0000	20.0000	0.773373600
10.0000	70.0000	20.0000	0.451627220
20.0000	70.0000	20.0000	0.497909220
30.0000	70.0000	20.0000	0.592250600
40.0000	70.0000	20.0000	0.737310800
50.0000	70.0000	20.0000	0.904352100
60.0000	70.0000	20.0000	0.597123560
70.0000	70.0000	20.0000	1.486112800
80.0000	70.0000	20.0000	0.548982500
90.0000	70.0000	20.0000	0.075968660
100.0000	70.0000	20.0000	0.075818050
110.0000	70.0000	20.0000	0.153506640
120.0000	70.0000	20.0000	0.212593270
130.0000	70.0000	20.0000	0.298337850
140.0000	70.0000	20.0000	0.626961800
150.0000	70.0000	20.0000	1.227846700
160.0000	70.0000	20.0000	2.698273400
170.0000	70.0000	20.0000	3.617279500
180.0000	70.0000	20.0000	1.034958000
190.0000	70.0000	20.0000	1.019952900
200.0000	70.0000	20.0000	1.263992900
210.0000	70.0000	20.0000	0.822876630
220.0000	70.0000	20.0000	1.205365700
230.0000	70.0000	20.0000	1.073047900
240.0000	70.0000	20.0000	0.372222840
250.0000	70.0000	20.0000	0.678399740
260.0000	70.0000	20.0000	0.489839350
270.0000	70.0000	20.0000	0.197534700
280.0000	70.0000	20.0000	0.141634000
290.0000	70.0000	20.0000	0.188425600
300.0000	70.0000	20.0000	0.504507660
310.0000	70.0000	20.0000	0.935928800
320.0000	70.0000	20.0000	1.285202400
330.0000	70.0000	20.0000	1.226464000
340.0000	70.0000	20.0000	1.427635800
350.0000	70.0000	20.0000	3.025804500
360.0000	70.0000	20.0000	1.000000000
0.0000	80.0000	20.0000	0.282453300
10.0000	80.0000	20.0000	0.411925400
20.0000	80.0000	20.0000	1.113245200
30.0000	80.0000	20.0000	0.784417870
40.0000	80.0000	20.0000	0.719427760
50.0000	80.0000	20.0000	0.385645120
60.0000	80.0000	20.0000	0.223196730
70.0000	80.0000	20.0000	0.359288780
80.0000	80.0000	20.0000	0.605489200
90.0000	80.0000	20.0000	0.311043080
100.0000	80.0000	20.0000	0.218609540
110.0000	80.0000	20.0000	0.452481720
120.0000	80.0000	20.0000	0.565077500
130.0000	80.0000	20.0000	0.445838720
140.0000	80.0000	20.0000	0.490597580
150.0000	80.0000	20.0000	0.742415550
160.0000	80.0000	20.0000	3.223611400
170.0000	80.0000	20.0000	9.422876000
180.0000	80.0000	20.0000	6.150570000
190.0000	80.0000	20.0000	5.946145500
200.0000	80.0000	20.0000	2.669937000
210.0000	80.0000	20.0000	0.995048050
220.0000	80.0000	20.0000	0.648769900
230.0000	80.0000	20.0000	0.393459230
240.0000	80.0000	20.0000	0.216443690
250.0000	80.0000	20.0000	0.439176860
260.0000	80.0000	20.0000	0.310691740
270.0000	80.0000	20.0000	0.293836830
280.0000	80.0000	20.0000	0.438772000
290.0000	80.0000	20.0000	0.688426600
300.0000	80.0000	20.0000	0.497332870
310.0000	80.0000	20.0000	0.596071400
320.0000	80.0000	20.0000	0.644228500
330.0000	80.0000	20.0000	0.814317600
340.0000	80.0000	20.0000	1.529988500
350.0000	80.0000	20.0000	4.212075700
360.0000	80.0000	20.0000	1.000000000
0.0000	90.0000	20.0000	4.636394500
10.0000	90.0000	20.0000	2.314498000
20.0000	90.0000	20.0000	3.384050400
30.0000	90.0000	20.0000	0.607524450
40.0000	90.0000	20.0000	0.572738600
50.0000	90.0000	20.0000	0.158228020
60.0000	90.0000	20.0000	0.104503560
70.0000	90.0000	20.0000	0.295401280
80.0000	90.0000	20.0000	0.866326450
90.0000	90.0000	20.0000	0.551592950
100.0000	90.0000	20.0000	0.418813530
110.0000	90.0000	20.0000	1.032819200
120.0000	90.0000	20.0000	0.939314840
130.0000	90.0000	20.0000	0.638667050
140.0000	90.0000	20.0000	0.629551950
150.0000	90.0000	20.0000	0.936307970
160.0000	90.0000	20.0000	5.166932000
170.0000	90.0000	20.0000	13.589361000
180.0000	90.0000	20.0000	13.059247000
190.0000	90.0000	20.0000	15.077355000
200.0000	90.0000	20.0000	3.210718600
210.0000	90.0000	20.0000	0.836121440
220.0000	90.0000	20.0000	0.535817740
230.0000	90.0000	20.0000	0.378097400
240.0000	90.0000	20.0000	0.383228360
250.0000	90.0000	20.0000	0.669625100
260.0000	90.0000	20.0000	0.449202660
270.0000	90.0000	20.0000	0.465593040
280.0000	90.0000	20.0000	0.838546200
290.0000	90.0000	20.0000	1.798973200
300.0000	90.0000	20.0000	0.432660760
310.0000	90.0000	20.0000	0.310190650
320.0000	90.0000	20.0000	0.378545100
330.0000	90.0000	20.0000	0.679952440
340.0000	90.0000	20.0000	1.666231000
350.0000	90.0000	20.0000	4.583577000
360.0000	90.0000	20.0000	1.000000000
0.0000	0.0000	30.0000	1.000000000
10.0000	0.0000	30.0000	1.000000000
20.0000	0.0000	30.0000	1.000000000
30.0000	0.0000	30.0000	1.000000000
40.0000	0.0000	30.0000	1.000000000
50.0000	0.0000	30.0000	1.000000000
60.0000	0.0000	30.0000	1.000000000
70.0000	0.0000	30.0000	1.000000000
80.0000	0.0000	30.0000	1.000000000
90.0000	0.0000	30.0000	1.000000000
100.0000	0.0000	30.0000	1.000000000
110.0000	0.0000	30.0000	1.000000000
120.0000	0.0000	30.0000	1.000000000
130.0000	0.0000	30.0000	1.000000000
140.0000	0.0000	30.0000	1.000000000
150.0000	0.0000	30.0000	1.000000000
160.0000	0.0000	30.0000	1.000000000
170.0000	0.0000	30.0000	1.000000000
180.0000	0.0000	30.0000	1.000000000
190.0000	0.0000	30.0000	1.000000000
200.0000	0.0000	30.0000	1.000000000
210.0000	0.0000	30.0000	1.000000000
220.0000	0.0000	30.0000	1.000000000
230.0000	0.0000	30.0000	1.000000000
240.0000	0.0000	30.0000	1.000000000
250.0000	0.0000	30.0000	1.000000000
260.0000	0.0000	30.0000	1.000000000
270.0000	0.0000	30.0000	1.000000000
280.0000	0.0000	30.0000	1.000000000
290.0000	0.0000	30.0000	1.000000000
300.0000	0.0000	30.0000	1.000000000
310.0000	0.0000	30.0000	1.000000000
320.0000	0.0000	30.0000	1.000000000
330.0000	0.0000	30.0000	1.000000000
340.0000	0.0000	30.0000	1.000000000
350.0000	0.0000	30.0000	1.000000000
360.0000	0.0000	30.0000	1.000000000
0.0000	10.0000	30.0000	0.493223370
10.0000	10.0000	30.0000	0.615144300
20.0000	10.0000	30.0000	4.925886000
30.0000	10.0000	30.0000	0.285100730
40.0000	10.0000	30.0000	0.617818600
50.0000	10.0000	30.0000	0.195230470
60.0000	10.0000	30.0000	0.093731980
70.0000	10.0000	30.0000	0.341191830
80.0000	10.0000	30.0000	0.730950600
90.0000	10.0000	30.0000	0.399644970
100.0000	10.0000	30.0000	1.031319700
110.0000	10.0000	30.0000	0.816353560
120.0000	10.0000	30.0000	0.098053890
130.0000	10.0000	30.0000	0.146993410
140.0000	10.0000	30.0000	0.434354600
150.0000	10.0000	30.0000	0.152079090
160.0000	10.0000	30.0000	2.058985500
170.0000	10.0000	30.0000	1.977811800
180.0000	10.0000	30.0000	0.698946360
190.0000	10.0000	30.0000	2.845207200
200.0000	10.0000	30.0000	5.510297000
210.0000	10.0000	30.0000	0.142918000
220.0000	10.0000	30.0000	0.506894400
230.0000	10.0000	30.0000	0.148703250
240.0000	10.0000	30.0000	0.155555750
250.0000	10.0000	30.0000	0.827890500
260.0000	10.0000	30.0000	0.426810860
270.0000	10.0000	30.0000	0.275749360
280.0000	10.0000	30.0000	0.736085830
290.0000	10.0000	30.0000	0.873715600
300.0000	10.0000	30.0000	0.101722010
310.0000	10.0000	30.0000	0.112452550
320.0000	10.0000	30.0000	0.564328300
330.0000	10.0000	30.0000	0.325341170
340.0000	10.0000	30.0000	3.670840300
350.0000	10.0000	30.0000	5.259952500
360.0000	10.0000	30.0000	1.000000000
0.0000	20.0000	30.0000	1.381497700
10.0000	20.0000	30.0000	1.734241200
20.0000	20.0000	30.0000	1.367698700
30.0000	20.0000	30.0000	0.975530500
40.0000	20.0000	30.0000	1.186503600
50.0000	20.0000	30.0000	0.601059000
60.0000	20.0000	30.0000	0.720988450
70.0000	20.0000	30.0000	1.190441800
80.0000	20.0000	30.0000	2.889431700
90.0000	20.0000	30.0000	3.409811300
100.0000	20.0000	30.0000	3.833162500
110.0000	20.0000	30.0000	1.845716600
120.0000	20.0000	30.0000	0.588505450
130.0000	20.0000	30.0000	0.513577900
140.0000	20.0000	30.0000	0.809833940
150.0000	20.0000	30.0000	0.486511140
160.0000	20.0000	30.0000	0.820864700
170.0000	20.0000	30.0000	1.190995300
180.0000	20.0000	30.0000	0.599267840
190.0000	20.0000	30.0000	2.374595900
200.0000	20.0000	30.0000	1.554836400
210.0000	20.0000	30.0000	0.450743000
220.0000	20.0000	30.0000	0.636629160
230.0000	20.0000	30.0000	0.337946600
240.0000	20.0000	30.0000	0.487767340
250.0000	20.0000	30.0000	1.216690800
260.0000	20.0000	30.0000	1.427271700
270.0000	20.0000	30.0000	1.197553500
280.0000	20.0000	30.0000	1.559687000
290.0000	20.0000	30.0000	1.593150600
300.0000	20.0000	30.0000	0.485825960
310.0000	20.0000	30.0000	0.291225460
320.0000	20.0000	30.0000	0.584253970
330.0000	20.0000	30.0000	0.493240150
340.0000	20.0000	30.0000	1.589633300
350.0000	20.0000	30.0000	1.055069400
360.0000	20.0000	30.0000	1.000000000
0.0000	30.0000	30.0000	1.105087500
10.0000	30.0000	30.0000	1.639291600
20.0000	30.0000	30.0000	1.157952500
30.0000	30.0000	30.0000	0.787377600
40.0000	30.0000	30.0000	0.626661660
50.0000	30.0000	30.0000	0.357265900
60.0000	30.0000	30.0000	0.504630860
70.0000	30.0000	30.0000	0.625033700
80.0000	30.0000	30.0000	1.558733300
90.0000	30.0000	30.0000	2.714117000
100.0000	30.0000	30.0000	2.251412000
110.0000	30.0000	30.0000	1.094645900
120.0000	30.0000	30.0000	0.583388000
130.0000	30.0000	30.0000	0.415049050
140.0000	30.0000	30.0000	1.530700100
150.0000	30.0000	30.0000	2.402116800
160.0000	30.0000	30.0000	1.986415300
170.0000	30.0000	30.0000	1.716175400
180.0000	30.0000	30.0000	0.871855260
190.0000	30.0000	30.0000	0.886542740
200.0000	30.0000	30.0000	0.999411940
210.0000	30.0000	30.0000	2.033033800
220.0000	30.0000	30.0000	1.951039700
230.0000	30.0000	30.0000	0.481813880
240.0000	30.0000	30.0000	0.627877300
250.0000	30.0000	30.0000	0.997644400
260.0000	30.0000	30.0000	1.531956300
270.0000	30.0000	30.0000	1.711876700
280.0000	30.0000	30.0000	2.186036600
290.0000	30.0000	30.0000	2.422033000
300.0000	30.0000	30.0000	0.546975800
310.0000	30.0000	30.0000	0.161201160
320.0000	30.0000	30.0000	0.361763330
330.0000	30.0000	30.0000	0.530243750
340.0000	30.0000	30.0000	0.930430530
350.0000	30.0000	30.0000	1.315833100
360.0000	30.0000	30.0000	1.000000000
0.0000	40.0000	30.0000	0.258508830
10.0000	40.0000	30.0000	0.488202660
20.0000	40.0000	30.0000	1.250465400
30.0000	40.0000	30.0000	0.822653000
40.0000	40.0000	30.0000	0.534046200
50.0000	40.0000	30.0000	0.485648750
60.0000	40.0000	30.0000	0.509655700
70.0000	40.0000	30.0000	0.355276880
80.0000	40.0000	30.0000	0.199584230
90.0000	40.0000	30.0000	0.186576500
100.0000	40.0000	30.0000	0.389187700
110.0000	40.0000	30.0000	0.489542340
120.0000	40.0000	30.0000	0.469879450
130.0000	40.0000	30.0000	0.417052300
140.0000	40.0000	30.0000	0.823922160
150.0000	40.0000	30.0000	1.422617100
160.0000	40.0000	30.0000	2.624435000
170.0000	40.0000	30.0000	0.808521300
180.0000	40.0000	30.0000	0.701787300
190.0000	40.0000	30.0000	1.594766300
200.0000	40.0000	30.0000	2.095193400
210.0000	40.0000	30.0000	2.057188000
220.0000	40.0000	30.0000	1.174760500
230.0000	40.0000	30.0000	0.599757600
240.0000	40.0000	30.0000	0.692216040
250.0000	40.0000	30.0000	1.021635500
260.0000	40.0000	30.0000	0.606498900
270.0000	40.0000	30.0000	0.544999300
280.0000	40.0000	30.0000	1.382971000
290.0000	40.0000	30.0000	1.270516000
300.0000	40.0000	30.0000	0.438474660
310.0000	40.0000	30.0000	0.355143930
320.0000	40.0000	30.0000	0.774693850
330.0000	40.0000	30.0000	0.797900260
340.0000	40.0000	30.0000	1.172991400
350.0000	40.0000	30.0000	1.064201400
360.0000	40.0000	30.0000	1.000000000
0.0000	50.0000	30.0000	1.150469900
10.0000	50.0000	30.0000	1.402496000
20.0000	50.0000	30.0000	1.618792700
30.0000	50.0000	30.0000	1.346399800
40.0000	50.0000	30.0000	1.162716000
50.0000	50.0000	30.0000	1.518953900
60.0000	50.0000	30.0000	1.691405300
70.0000	50.0000	30.0000	1.180051800
80.0000	50.0000	30.0000	0.438399600
90.0000	50.0000	30.0000	0.226711110
100.0000	50.0000	30.0000	0.702400860
110.0000	50.0000	30.0000	0.966264100
120.0000	50.0000	30.0000	1.066544500
130.0000	50.0000	30.0000	0.888162300
140.0000	50.0000	30.0000	1.031633500
150.0000	50.0000	30.0000	1.643345700
160.0000	50.0000	30.0000	2.584424700
170.0000	50.0000	30.0000	1.187497300
180.0000	50.0000	30.0000	0.951107300
190.0000	50.0000	30.0000	2.157453000
200.0000	50.0000	30.0000	2.464754800
210.0000	50.0000	30.0000	1.232479700
220.0000	50.0000	30.0000	0.922714900
230.0000	50.0000	30.0000	0.652912700
240.0000	50.0000	30.0000	0.628337600
250.0000	50.0000	30.0000	0.381550670
260.0000	50.0000	30.0000	0.284307450
270.0000	50.0000	30.0000	0.377550420
280.0000	50.0000	30.0000	0.755646800
290.0000	50.0000	30.0000	0.464278070
300.0000	50.0000	30.0000	0.352937600
310.0000	50.0000	30.0000	0.613329500
320.0000	50.0000	30.0000	1.869935300
330.0000	50.0000	30.0000	1.342268500
340.0000	50.0000	30.0000	1.471657300
350.0000	50.0000	30.0000	1.426212400
360.0000	50.0000	30.0000	1.000000000
0.0000	60.0000	30.0000	0.781877930
10.0000	60.0000	30.0000	1.039185500
20.0000	60.0000	30.0000	2.912778600
30.0000	60.0000	30.0000	1.581767600
40.0000	60.0000	30.0000	1.396023900
50.0000	60.0000	30.0000	1.716005400
60.0000	60.0000	30.0000	0.844572000
70.0000	60.0000	30.0000	0.778822200
80.0000	60.0000	30.0000	0.526237700
90.0000	60.0000	30.0000	0.109165220
100.0000	60.0000	30.0000	0.252452050
110.0000	60.0000	30.0000	0.410921800
120.0000	60.0000	30.0000	0.559072700
130.0000	60.0000	30.0000	1.210000200
140.0000	60.0000	30.0000	2.476831400
150.0000	60.0000	30.0000	2.863497500
160.0000	60.0000	30.0000	3.643607600
170.0000	60.0000	30.0000	2.347530600
180.0000	60.0000	30.0000	1.201696600
190.0000	60.0000	30.0000	1.851616900
200.0000	60.0000	30.0000	1.924336800
210.0000	60.0000	30.0000	1.055437900
220.0000	60.0000	30.0000	1.683159500
230.0000	60.0000	30.0000	1.152916200
240.0000	60.0000	30.0000	0.569017600
250.0000	60.0000	30.0000	0.250347580
260.0000	60.0000	30.0000	0.204020660
270.0000	60.0000	30.0000	0.197951670
280.0000	60.0000	30.0000	0.255773840
290.0000	60.0000	30.0000	0.414204540
300.0000	60.0000	30.0000	0.534521700
310.0000	60.0000	30.0000	0.716962900
320.0000	60.0000	30.0000	1.586746700
330.0000	60.0000	30.0000	1.382045300
340.0000	60.0000	30.0000	1.686100400
350.0000	60.0000	30.0000	2.365532900
360.0000	60.0000	30.0000	1.000000000
0.0000	70.0000	30.0000	1.486593700
10.0000	70.0000	30.0000	1.786844300
20.0000	70.0000	30.0000	3.542605000
30.0000	70.0000	30.0000	1.745893000
40.0000	70.0000	30.0000	1.263669600
50.0000	70.0000	30.0000	1.147886400
60.0000	70.0000	30.0000	0.634115900
70.0000	70.0000	30.0000	0.589732700
80.0000	70.0000	30.0000	0.197271000
90.0000	70.0000	30.0000	0.042996650
100.0000	70.0000	30.0000	0.071699165
110.0000	70.0000	30.0000	0.143519490
120.0000	70.0000	30.0000	0.255275640
130.0000	70.0000	30.0000	0.591820600
140.0000	70.0000	30.0000	1.156058100
150.0000	70.0000	30.0000	1.611919300
160.0000	70.0000	30.0000	4.292469000
170.0000	70.0000	30.0000	3.169052800
180.0000	70.0000	30.0000	1.275386800
190.0000	70.0000	30.0000	2.181411000
200.0000	70.0000	30.0000	2.366630300
210.0000	70.0000	30.0000	0.988663100
220.0000	70.0000	30.0000	1.101597000
230.0000	70.0000	30.0000	0.547680400
240.0000	70.0000	30.0000	0.332211580
250.0000	70.0000	30.0000	0.610134240
260.0000	70.0000	30.0000	0.192388040
270.0000	70.0000	30.0000	0.083273990
280.0000	70.0000	30.0000	0.121825670
290.0000	70.0000	30.0000	0.336979930
300.0000	70.0000	30.0000	0.794928430
310.0000	70.0000	30.0000	2.317348700
320.0000	70.0000	30.0000	2.155854700
330.0000	70.0000	30.0000	1.167746000
340.0000	70.0000	30.0000	2.914809200
350.0000	70.0000	30.0000	4.422240300
360.0000	70.0000	30.0000	1.000000000
0.0000	80.0000	30.0000	0.860005140
10.0000	80.0000	30.0000	1.542812500
20.0000	80.0000	30.0000	4.549849000
30.0000	80.0000	30.0000	1.402965500
40.0000	80.0000	30.0000	0.970656900
50.0000	80.0000	30.0000	0.671652700
60.0000	80.0000	30.0000	0.569938060
70.0000	80.0000	30.0000	0.689961250
80.0000	80.0000	30.0000	0.558423160
90.0000	80.0000	30.0000	0.330154500
100.0000	80.0000	30.0000	0.267497870
110.0000	80.0000	30.0000	0.490913360
120.0000	80.0000	30.0000	0.500886400
130.0000	80.0000	30.0000	0.643485670
140.0000	80.0000	30.0000	0.921416800
150.0000	80.0000	30.0000	1.281923400
160.0000	80.0000	30.0000	4.492900400
170.0000	80.0000	30.0000	8.063800000
180.0000	80.0000	30.0000	6.201284400
190.0000	80.0000	30.0000	7.731899300
200.0000	80.0000	30.0000	3.892840100
210.0000	80.0000	30.0000	1.155417400
220.0000	80.0000	30.0000	0.829702400
230.0000	80.0000	30.0000	0.370724770
240.0000	80.0000	30.0000	0.285958350
250.0000	80.0000	30.0000	0.787813840
260.0000	80.0000	30.0000	0.344111600
270.0000	80.0000	30.0000	0.178970580
280.0000	80.0000	30.0000	0.320665800
290.0000	80.0000	30.0000	0.685550800
300.0000	80.0000	30.0000	0.516328630
310.0000	80.0000	30.0000	0.972810270
320.0000	80.0000	30.0000	0.935366900
330.0000	80.0000	30.0000	0.872477200
340.0000	80.0000	30.0000	2.844355800
350.0000	80.0000	30.0000	8.634387000
360.0000	80.0000	30.0000	1.000000000
0.0000	90.0000	30.0000	10.050680000
10.0000	90.0000	30.0000	5.971663000
20.0000	90.0000	30.0000	7.938212400
30.0000	90.0000	30.0000	1.667711600
40.0000	90.0000	30.0000	1.350403200
50.0000	90.0000	30.0000	0.915272900
60.0000	90.0000	30.0000	0.693519500
70.0000	90.0000	30.0000	0.828317300
80.0000	90.0000	30.0000	0.900336560
90.0000	90.0000	30.0000	0.732491800
100.0000	90.0000	30.0000	0.925435660
110.0000	90.0000	30.0000	1.771879000
120.0000	90.0000	30.0000	1.137466800
130.0000	90.0000	30.0000	1.401857600
140.0000	90.0000	30.0000	1.760749200
150.0000	90.0000	30.0000	1.825733400
160.0000	90.0000	30.0000	5.681038400
170.0000	90.0000	30.0000	11.650479000
180.0000	90.0000	30.0000	11.563583000
190.0000	90.0000	30.0000	16.269160000
200.0000	90.0000	30.0000	5.242743500
210.0000	90.0000	30.0000	1.572985400
220.0000	90.0000	30.0000	1.200441800
230.0000	90.0000	30.0000	0.823254600
240.0000	90.0000	30.0000	0.602028800
250.0000	90.0000	30.0000	0.714208400
260.0000	90.0000	30.0000	0.435383260
270.0000	90.0000	30.0000	0.351957950
280.0000	90.0000	30.0000	0.957445200
290.0000	90.0000	30.0000	1.121828300
300.0000	90.0000	30.0000	0.439799300
310.0000	90.0000	30.0000	0.613027630
320.0000	90.0000	30.0000	0.667517300
330.0000	90.0000	30.0000	0.890554400
340.0000	90.0000	30.0000	2.639089600
350.0000	90.0000	30.0000	11.062733000
360.0000	90.0000	30.0000	1.000000000
0.0000	0.0000	40.0000	1.000000000
10.0000	0.0000	40.0000	1.000000000
20.0000	0.0000	40.0000	1.000000000
30.0000	0.0000	40.0000	1.000000000
40.0000	0.0000	40.0000	1.000000000
50.0000	0.0000	40.0000	1.000000000
60.0000	0.0000	40.0000	1.000000000
70.0000	0.0000	40.0000	1.000000000
80.0000	0.0000	40.0000	1.000000000
90.0000	0.0000	40.0000	1.000000000
100.0000	0.0000	40.0000	1.000000000
110.0000	0.0000	40.0000	1.000000000
120.0000	0.0000	40.0000	1.000000000
130.0000	0.0000	40.0000	1.000000000
140.0000	0.0000	40.0000	1.000000000
150.0000	0.0000	40.0000	1.000000000
160.0000	0.0000	40.0000	1.000000000
170.0000	0.0000	40.0000	1.000000000
180.0000	0.0000	40.0000	1.000000000
190.0000	0.0000	40.0000	1.000000000
200.0000	0.0000	40.0000	1.000000000
210.0000	0.0000	40.0000	1.000000000
220.0000	0.0000	40.0000	1.000000000
230.0000	0.0000	40.0000	1.000000000
240.0000	0.0000	40.0000	1.000000000
250.0000	0.0000	40.0000	1.000000000
260.0000	0.0000	40.0000	1.000000000
270.0000	0.0000	40.0000	1.000000000
280.0000	0.0000	40.0000	1.000000000
290.0000	0.0000	40.0000	1.000000000
300.0000	0.0000	40.0000	1.000000000
310.0000	0.0000	40.0000	1.000000000
320.0000	0.0000	40.0000	1.000000000
330.0000	0.0000	40.0000	1.000000000
340.0000	0.0000	40.0000	1.000000000
350.0000	0.0000	40.0000	1.000000000
360.0000	0.0000	40.0000	1.000000000
0.0000	10.0000	40.0000	0.519348100
10.0000	10.0000	40.0000	0.708263930
20.0000	10.0000	40.0000	5.084859400
30.0000	10.0000	40.0000	0.340355200
40.0000	10.0000	40.0000	0.265791000
50.0000	10.0000	40.0000	0.102027060
60.0000	10.0000	40.0000	0.298330220
70.0000	10.0000	40.0000	1.323289600
80.0000	10.0000	40.0000	0.762399100
90.0000	10.0000	40.0000	0.259721220
100.0000	10.0000	40.0000	0.254340140
110.0000	10.0000	40.0000	0.228528800
120.0000	10.0000	40.0000	0.855691200
130.0000	10.0000	40.0000	0.976020630
140.0000	10.0000	40.0000	0.256913870
150.0000	10.0000	40.0000	0.158925640
160.0000	10.0000	40.0000	1.295971200
170.0000	10.0000	40.0000	1.128921200
180.0000	10.0000	40.0000	1.229938500
190.0000	10.0000	40.0000	4.187391800
200.0000	10.0000	40.0000	3.365486100
210.0000	10.0000	40.0000	0.386234220
220.0000	10.0000	40.0000	0.305147140
230.0000	10.0000	40.0000	0.081876070
240.0000	10.0000	40.0000	0.237491920
250.0000	10.0000	40.0000	0.535045270
260.0000	10.0000	40.0000	0.844852200
270.0000	10.0000	40.0000	0.808603500
280.0000	10.0000	40.0000	0.331350770
290.0000	10.0000	40.0000	0.206686530
300.0000	10.0000	40.0000	0.420597970
310.0000	10.0000	40.0000	0.739876000
320.0000	10.0000	40.0000	0.944199300
330.0000	10.0000	40.0000	0.337302570
340.0000	10.0000	40.0000	2.794013700
350.0000	10.0000	40.0000	2.617313100
360.0000	10.0000	40.0000	1.000000000
0.0000	20.0000	40.0000	1.440491700
10.0000	20.0000	40.0000	2.209140300
20.0000	20.0000	40.0000	1.217001200
30.0000	20.0000	40.0000	0.442845100
40.0000	20.0000	40.0000	0.216765330
50.0000	20.0000	40.0000	0.111051050
60.0000	20.0000	40.0000	0.308668320
70.0000	20.0000	40.0000	2.003011700
80.0000	20.0000	40.0000	1.219994300
90.0000	20.0000	40.0000	0.529170100
100.0000	20.0000	40.0000	0.592126130
110.0000	20.0000	40.0000	0.415975870
120.0000	20.0000	40.0000	0.853207300
130.0000	20.0000	40.0000	1.450839000
140.0000	20.0000	40.0000	0.469946650
150.0000	20.0000	40.0000	0.541382250
160.0000	20.0000	40.0000	0.765334200
170.0000	20.0000	40.0000	0.716777500
180.0000	20.0000	40.0000	0.729537070
190.0000	20.0000	40.0000	2.922937200
200.0000	20.0000	40.0000	0.951587440
210.0000	20.0000	40.0000	0.402844760
220.0000	20.0000	40.0000	0.133293100
230.0000	20.0000	40.0000	0.057369348
240.0000	20.0000	40.0000	0.212554840
250.0000	20.0000	40.0000	1.036451800
260.0000	20.0000	40.0000	1.226746200
270.0000	20.0000	40.0000	0.687207200
280.0000	20.0000	40.0000	0.318315060
290.0000	20.0000	40.0000	0.431152220
300.0000	20.0000	40.0000	0.426524900
310.0000	20.0000	40.0000	1.230145200
320.0000	20.0000	40.0000	0.823139370
330.0000	20.0000	40.0000	0.445447800
340.0000	20.0000	40.0000	0.899203660
350.0000	20.0000	40.0000	0.418394630
360.0000	20.0000	40.0000	1.000000000
0.0000	30.0000	40.0000	1.429996000
10.0000	30.0000	40.0000	1.847660000
20.0000	30.0000	40.0000	0.441853700
30.0000	30.0000	40.0000	0.343339350
40.0000	30.0000	40.0000	0.273526850
50.0000	30.0000	40.0000	0.737112800
60.0000	30.0000	40.0000	0.729571640
70.0000	30.0000	40.0000	0.714719900
80.0000	30.0000	40.0000	0.793744100
90.0000	30.0000	40.0000	0.609297100
100.0000	30.0000	40.0000	0.781479000
110.0000	30.0000	40.0000	0.565093800
120.0000	30.0000	40.0000	0.657044100
130.0000	30.0000	40.0000	0.524054700
140.0000	30.0000	40.0000	0.891852000
150.0000	30.0000	40.0000	1.174942100
160.0000	30.0000	40.0000	0.368293020
170.0000	30.0000	40.0000	0.415533450
180.0000	30.0000	40.0000	0.799329340
190.0000	30.0000	40.0000	0.886517500
200.0000	30.0000	40.0000	1.002699100
210.0000	30.0000	40.0000	1.014425900
220.0000	30.0000	40.0000	0.425542800
230.0000	30.0000	40.0000	0.346676700
240.0000	30.0000	40.0000	0.693708240
250.0000	30.0000	40.0000	0.972109300
260.0000	30.0000	40.0000	0.619432330
270.0000	30.0000	40.0000	0.398046230
280.0000	30.0000	40.0000	0.641068400
290.0000	30.0000	40.0000	1.076937400
300.0000	30.0000	40.0000	0.866429030
310.0000	30.0000	40.0000	0.700534600
320.0000	30.0000	40.0000	0.578340300
330.0000	30.0000	40.0000	0.690423670
340.0000	30.0000	40.0000	0.502876900
350.0000	30.0000	40.0000	0.436739740
360.0000	30.0000	40.0000	1.000000000
0.0000	40.0000	40.0000	0.213021530
10.0000	40.0000	40.0000	0.314081460
20.0000	40.0000	40.0000	0.627097600
30.0000	40.0000	40.0000	0.856615900
40.0000	40.0000	40.0000	0.505233900
50.0000	40.0000	40.0000	1.917538900
60.0000	40.0000	40.0000	1.294474600
70.0000	40.0000	40.0000	0.362261300
80.0000	40.0000	40.0000	0.318910240
90.0000	40.0000	40.0000	0.386406330
100.0000	40.0000	40.0000	0.430401800
110.0000	40.0000	40.0000	0.597383400
120.0000	40.0000	40.0000	0.558967500
130.0000	40.0000	40.0000	0.902487040
140.0000	40.0000	40.0000	2.164868000
150.0000	40.0000	40.0000	2.108108800
160.0000	40.0000	40.0000	0.566442400
170.0000	40.0000	40.0000	0.172508250
180.0000	40.0000	40.0000	0.652234730
190.0000	40.0000	40.0000	2.267577400
200.0000	40.0000	40.0000	1.147397800
210.0000	40.0000	40.0000	0.616087900
220.0000	40.0000	40.0000	0.528142800
230.0000	40.0000	40.0000	0.986336500
240.0000	40.0000	40.0000	0.989164530
250.0000	40.0000	40.0000	1.511774500
260.0000	40.0000	40.0000	0.713450730
270.0000	40.0000	40.0000	0.506772000
280.0000	40.0000	40.0000	0.604040900
290.0000	40.0000	40.0000	0.649574160
300.0000	40.0000	40.0000	0.326770870
310.0000	40.0000	40.0000	0.322283330
320.0000	40.0000	40.0000	0.883502400
330.0000	40.0000	40.0000	1.056134200
340.0000	40.0000	40.0000	0.464071840
350.0000	40.0000	40.0000	0.191647440
360.0000	40.0000	40.0000	1.000000000
0.0000	50.0000	40.0000	0.719642800
10.0000	50.0000	40.0000	0.769968200
20.0000	50.0000	40.0000	0.699966430
30.0000	50.0000	40.0000	0.788362600
40.0000	50.0000	40.0000	0.592076840
50.0000	50.0000	40.0000	0.859316770
60.0000	50.0000	40.0000	0.999289160
70.0000	50.0000	40.0000	0.610963640
80.0000	50.0000	40.0000	0.541767660
90.0000	50.0000	40.0000	0.630480950
100.0000	50.0000	40.0000	0.539406840
110.0000	50.0000	40.0000	0.849231700
120.0000	50.0000	40.0000	1.068929600
130.0000	50.0000	40.0000	1.858209000
140.0000	50.0000	40.0000	3.254468700
150.0000	50.0000	40.0000	2.249549000
160.0000	50.0000	40.0000	0.696356500
170.0000	50.0000	40.0000	0.218183670
180.0000	50.0000	40.0000	0.765409350
190.0000	50.0000	40.0000	1.875732300
200.0000	50.0000	40.0000	0.564973100
210.0000	50.0000	40.0000	0.442021430
220.0000	50.0000	40.0000	0.760352500
230.0000	50.0000	40.0000	0.922441800
240.0000	50.0000	40.0000	0.672638900
250.0000	50.0000	40.0000	0.563053670
260.0000	50.0000	40.0000	0.512375100
270.0000	50.0000	40.0000	0.613434260
280.0000	50.0000	40.0000	0.677059050
290.0000	50.0000	40.0000	0.313308150
300.0000	50.0000	40.0000	0.188155680
310.0000	50.0000	40.0000	0.552790640
320.0000	50.0000	40.0000	1.944807300
330.0000	50.0000	40.0000	2.092495700
340.0000	50.0000	40.0000	0.872463700
350.0000	50.0000	40.0000	0.172560900
360.0000	50.0000	40.0000	1.000000000
0.0000	60.0000	40.0000	0.561076600
10.0000	60.0000	40.0000	0.748931050
20.0000	60.0000	40.0000	0.967488500
30.0000	60.0000	40.0000	0.872310500
40.0000	60.0000	40.0000	1.440583300
50.0000	60.0000	40.0000	1.653408900
60.0000	60.0000	40.0000	0.576086760
70.0000	60.0000	40.0000	0.406435400
80.0000	60.0000	40.0000	0.561629100
90.0000	60.0000	40.0000	0.384098260
100.0000	60.0000	40.0000	0.464278460
110.0000	60.0000	40.0000	0.840156700
120.0000	60.0000	40.0000	0.761760800
130.0000	60.0000	40.0000	1.432189500
140.0000	60.0000	40.0000	1.405347800
150.0000	60.0000	40.0000	0.861532030
160.0000	60.0000	40.0000	0.622225200
170.0000	60.0000	40.0000	0.426202740
180.0000	60.0000	40.0000	0.768374800
190.0000	60.0000	40.0000	1.121008900
200.0000	60.0000	40.0000	0.486154230
210.0000	60.0000	40.0000	0.496984750
220.0000	60.0000	40.0000	0.733389000
230.0000	60.0000	40.0000	0.480462800
240.0000	60.0000	40.0000	0.310389340
250.0000	60.0000	40.0000	0.168663430
260.0000	60.0000	40.0000	0.079731620
270.0000	60.0000	40.0000	0.314700900
280.0000	60.0000	40.0000	1.190425400
290.0000	60.0000	40.0000	0.684864100
300.0000	60.0000	40.0000	0.583304400
310.0000	60.0000	40.0000	1.264397700
320.0000	60.0000	40.0000	1.889237500
330.0000	60.0000	40.0000	1.518170800
340.0000	60.0000	40.0000	1.083775800
350.0000	60.0000	40.0000	0.466764780
360.0000	60.0000	40.0000	1.000000000
0.0000	70.0000	40.0000	1.506113500
10.0000	70.0000	40.0000	2.002992200
20.0000	70.0000	40.0000	1.965589800
30.0000	70.0000	40.0000	1.475488300
40.0000	70.0000	40.0000	1.671232100
50.0000	70.0000	40.0000	1.207061300
60.0000	70.0000	40.0000	0.531850640
70.0000	70.0000	40.0000	0.325773570
80.0000	70.0000	40.0000	0.127913620
90.0000	70.0000	40.0000	0.092159830
100.0000	70.0000	40.0000	0.157674550
110.0000	70.0000	40.0000	0.340998950
120.0000	70.0000	40.0000	0.425391380
130.0000	70.0000	40.0000	0.632458570
140.0000	70.0000	40.0000	0.669627200
150.0000	70.0000	40.0000	0.809243600
160.0000	70.0000	40.0000	1.317963000
170.0000	70.0000	40.0000	0.720949500
180.0000	70.0000	40.0000	0.564776360
190.0000	70.0000	40.0000	1.215010500
200.0000	70.0000	40.0000	1.092714000
210.0000	70.0000	40.0000	0.675161360
220.0000	70.0000	40.0000	0.457877550
230.0000	70.0000	40.0000	0.227182400
240.0000	70.0000	40.0000	0.308246580
250.0000	70.0000	40.0000	0.427152780
260.0000	70.0000	40.0000	0.074364180
270.0000	70.0000	40.0000	0.129530860
280.0000	70.0000	40.0000	0.483980360
290.0000	70.0000	40.0000	0.677628460
300.0000	70.0000	40.0000	0.513553440
310.0000	70.0000	40.0000	1.187636500
320.0000	70.0000	40.0000	1.413775900
330.0000	70.0000	40.0000	0.876851860
340.0000	70.0000	40.0000	1.310637000
350.0000	70.0000	40.0000	1.224816000
360.0000	70.0000	40.0000	1.000000000
0.0000	80.0000	40.0000	0.554194030
10.0000	80.0000	40.0000	1.227716600
20.0000	80.0000	40.0000	3.154053000
30.0000	80.0000	40.0000	1.181439600
40.0000	80.0000	40.0000	0.684424340
50.0000	80.0000	40.0000	0.487027970
60.0000	80.0000	40.0000	0.723100660
70.0000	80.0000	40.0000	0.695519800
80.0000	80.0000	40.0000	0.314217200
90.0000	80.0000	40.0000	0.269655080
100.0000	80.0000	40.0000	0.353464660
110.0000	80.0000	40.0000	0.386601030
120.0000	80.0000	40.0000	0.243660500
130.0000	80.0000	40.0000	0.332433730
140.0000	80.0000	40.0000	0.557454800
150.0000	80.0000	40.0000	1.055872800
160.0000	80.0000	40.0000	3.493908600
170.0000	80.0000	40.0000	2.481223800
180.0000	80.0000	40.0000	1.996129200
190.0000	80.0000	40.0000	3.291810800
200.0000	80.0000	40.0000	2.347075000
210.0000	80.0000	40.0000	1.003998300
220.0000	80.0000	40.0000	0.418646540
230.0000	80.0000	40.0000	0.220358640
240.0000	80.0000	40.0000	0.405166270
250.0000	80.0000	40.0000	0.829524760
260.0000	80.0000	40.0000	0.288854630
270.0000	80.0000	40.0000	0.223635420
280.0000	80.0000	40.0000	0.340510130
290.0000	80.0000	40.0000	0.507953760
300.0000	80.0000	40.0000	0.255269560
310.0000	80.0000	40.0000	0.445691650
320.0000	80.0000	40.0000	0.799385550
330.0000	80.0000	40.0000	1.105034500
340.0000	80.0000	40.0000	2.258160600
350.0000	80.0000	40.0000	4.197806000
360.0000	80.0000	40.0000	1.000000000
0.0000	90.0000	40.0000	8.873046000
10.0000	90.0000	40.0000	4.122739000
20.0000	90.0000	40.0000	4.832705000
30.0000	90.0000	40.0000	1.476141500
40.0000	90.0000	40.0000	0.738710640
50.0000	90.0000	40.0000	0.572837100
60.0000	90.0000	40.0000	1.072548900
70.0000	90.0000	40.0000	0.941456100
80.0000	90.0000	40.0000	0.627595250
90.0000	90.0000	40.0000	0.442148450
100.0000	90.0000	40.0000	0.799171600
110.0000	90.0000	40.0000	0.794093850
120.0000	90.0000	40.0000	0.233558250
130.0000	90.0000	40.0000	0.362279470
140.0000	90.0000	40.0000	0.562340900
150.0000	90.0000	40.0000	0.841021960
160.0000	90.0000	40.0000	3.297676600
170.0000	90.0000	40.0000	3.231093400
180.0000	90.0000	40.0000	3.680246800
190.0000	90.0000	40.0000	6.411337000
200.0000	90.0000	40.0000	3.068238500
210.0000	90.0000	40.0000	1.281519300
220.0000	90.0000	40.0000	0.453372300
230.0000	90.0000	40.0000	0.296405170
240.0000	90.0000	40.0000	0.497329300
250.0000	90.0000	40.0000	0.560026050
260.0000	90.0000	40.0000	0.397564770
270.0000	90.0000	40.0000	0.333653500
280.0000	90.0000	40.0000	0.502860250
290.0000	90.0000	40.0000	0.628335700
300.0000	90.0000	40.0000	0.231082420
310.0000	90.0000	40.0000	0.243196550
320.0000	90.0000	40.0000	0.399669860
330.0000	90.0000	40.0000	0.962401000
340.0000	90.0000	40.0000	2.893145600
350.0000	90.0000	40.0000	11.812991000
360.0000	90.0000	40.0000	1.000000000
0.0000	0.0000	50.0000	1.000000000
10.0000	0.0000	50.0000	1.000000000
20.0000	0.0000	50.0000	1.000000000
30.0000	0.0000	50.0000	1.000000000
40.0000	0.0000	50.0000	1.000000000
50.0000	0.0000	50.0000	1.000000000
60.0000	0.0000	50.0000	1.000000000
70.0000	0.0000	50.0000	1.000000000
80.0000	0.0000	50.0000	1.000000000
90.0000	0.0000	50.0000	1.000000000
100.0000	0.0000	50.0000	1.000000000
110.0000	0.0000	50.0000	1.000000000
120.0000	0.0000	50.0000	1.000000000
130.0000	0.0000	50.0000	1.000000000
140.0000	0.0000	50.0000	1.000000000
150.0000	0.0000	50.0000	1.000000000
160.0000	0.0000	50.0000	1.000000000
170.0000	0.0000	50.0000	1.000000000
180.0000	0.0000	50.0000	1.000000000
190.0000	0.0000	50.0000	1.000000000
200.0000	0.0000	50.0000	1.000000000
210.0000	0.0000	50.0000	1.000000000
220.0000	0.0000	50.0000	1.000000000
230.0000	0.0000	50.0000	1.000000000
240.0000	0.0000	50.0000	1.000000000
250.0000	0.0000	50.0000	1.000000000
260.0000	0.0000	50.0000	1.000000000
270.0000	0.0000	50.0000	1.000000000
280.0000	0.0000	50.0000	1.000000000
290.0000	0.0000	50.0000	1.000000000
300.0000	0.0000	50.0000	1.000000000
310.0000	0.0000	50.0000	1.000000000
320.0000	0.0000	50.0000	1.000000000
330.0000	0.0000	50.0000	1.000000000
340.0000	0.0000	50.0000	1.000000000
350.0000	0.0000	50.0000	1.000000000
360.0000	0.0000	50.0000	1.000000000
0.0000	10.0000	50.0000	0.703766470
10.0000	10.0000	50.0000	0.893498660
20.0000	10.0000	50.0000	6.246670700
30.0000	10.0000	50.0000	0.204179700
40.0000	10.0000	50.0000	0.122214110
50.0000	10.0000	50.0000	0.285957570
60.0000	10.0000	50.0000	0.990014550
70.0000	10.0000	50.0000	1.111276500
80.0000	10.0000	50.0000	0.307810600
90.0000	10.0000	50.0000	0.147491460
100.0000	10.0000	50.0000	0.149123740
110.0000	10.0000	50.0000	0.503896360
120.0000	10.0000	50.0000	1.279254900
130.0000	10.0000	50.0000	0.728583700
140.0000	10.0000	50.0000	0.417403430
150.0000	10.0000	50.0000	0.212067050
160.0000	10.0000	50.0000	0.828369700
170.0000	10.0000	50.0000	2.203623500
180.0000	10.0000	50.0000	2.033499500
190.0000	10.0000	50.0000	3.407719100
200.0000	10.0000	50.0000	5.846372000
210.0000	10.0000	50.0000	0.252748600
220.0000	10.0000	50.0000	0.085223570
230.0000	10.0000	50.0000	0.135118770
240.0000	10.0000	50.0000	0.789976840
250.0000	10.0000	50.0000	1.681626900
260.0000	10.0000	50.0000	0.364375650
270.0000	10.0000	50.0000	0.262026800
280.0000	10.0000	50.0000	0.263047130
290.0000	10.0000	50.0000	0.625383900
300.0000	10.0000	50.0000	1.166328400
310.0000	10.0000	50.0000	1.695300500
320.0000	10.0000	50.0000	1.006855100
330.0000	10.0000	50.0000	0.362747500
340.0000	10.0000	50.0000	1.559521600
350.0000	10.0000	50.0000	2.973896700
360.0000	10.0000	50.0000	1.000000000
0.0000	20.0000	50.0000	2.197930300
10.0000	20.0000	50.0000	2.518105500
20.0000	20.0000	50.0000	0.956639200
30.0000	20.0000	50.0000	0.116738480
40.0000	20.0000	50.0000	0.118039180
50.0000	20.0000	50.0000	0.186890830
60.0000	20.0000	50.0000	0.473679780
70.0000	20.0000	50.0000	2.429989800
80.0000	20.0000	50.0000	0.847551900
90.0000	20.0000	50.0000	0.277312300
100.0000	20.0000	50.0000	0.479342550
110.0000	20.0000	50.0000	0.605158300
120.0000	20.0000	50.0000	1.313384500
130.0000	20.0000	50.0000	1.523036100
140.0000	20.0000	50.0000	0.661294940
150.0000	20.0000	50.0000	0.252012580
160.0000	20.0000	50.0000	0.220116540
170.0000	20.0000	50.0000	0.794060400
180.0000	20.0000	50.0000	0.644076000
190.0000	20.0000	50.0000	2.453946600
200.0000	20.0000	50.0000	1.392110800
210.0000	20.0000	50.0000	0.133248150
220.0000	20.0000	50.0000	0.125021190
230.0000	20.0000	50.0000	0.221392470
240.0000	20.0000	50.0000	0.332346170
250.0000	20.0000	50.0000	0.810599200
260.0000	20.0000	50.0000	0.981084900
270.0000	20.0000	50.0000	0.667063650
280.0000	20.0000	50.0000	0.753859100
290.0000	20.0000	50.0000	0.565962730
300.0000	20.0000	50.0000	0.714368340
310.0000	20.0000	50.0000	1.866194400
320.0000	20.0000	50.0000	0.716578250
330.0000	20.0000	50.0000	0.251493600
340.0000	20.0000	50.0000	0.231151540
350.0000	20.0000	50.0000	0.334206850
360.0000	20.0000	50.0000	1.000000000
0.0000	30.0000	50.0000	1.445545800
10.0000	30.0000	50.0000	1.517318800
20.0000	30.0000	50.0000	0.377343620
30.0000	30.0000	50.0000	0.129090500
40.0000	30.0000	50.0000	0.250790570
50.0000	30.0000	50.0000	0.849151430
60.0000	30.0000	50.0000	0.765182600
70.0000	30.0000	50.0000	1.304912700
80.0000	30.0000	50.0000	1.324412600
90.0000	30.0000	50.0000	0.691024300
100.0000	30.0000	50.0000	0.915475400
110.0000	30.0000	50.0000	0.945190500
120.0000	30.0000	50.0000	1.700880300
130.0000	30.0000	50.0000	1.353774900
140.0000	30.0000	50.0000	1.085215400
150.0000	30.0000	50.0000	0.339257180
160.0000	30.0000	50.0000	0.042978182
170.0000	30.0000	50.0000	0.419421600
180.0000	30.0000	50.0000	1.174993900
190.0000	30.0000	50.0000	1.733644200
200.0000	30.0000	50.0000	2.248427000
210.0000	30.0000	50.0000	0.293825860
220.0000	30.0000	50.0000	0.211781710
230.0000	30.0000	50.0000	0.798814240
240.0000	30.0000	50.0000	2.114240200
250.0000	30.0000	50.0000	1.720524700
260.0000	30.0000	50.0000	0.643500270
270.0000	30.0000	50.0000	0.495592500
280.0000	30.0000	50.0000	0.756585800
290.0000	30.0000	50.0000	0.927999200
300.0000	30.0000	50.0000	1.805335400
310.0000	30.0000	50.0000	2.854085400
320.0000	30.0000	50.0000	0.981211500
330.0000	30.0000	50.0000	0.263863270
340.0000	30.0000	50.0000	0.058074307
350.0000	30.0000	50.0000	0.280040740
360.0000	30.0000	50.0000	1.000000000
0.0000	40.0000	50.0000	0.237320070
10.0000	40.0000	50.0000	0.548885350
20.0000	40.0000	50.0000	1.311425900
30.0000	40.0000	50.0000	0.315417800
40.0000	40.0000	50.0000	0.526848100
50.0000	40.0000	50.0000	1.645520400
60.0000	40.0000	50.0000	1.153976300
70.0000	40.0000	50.0000	0.476602500
80.0000	40.0000	50.0000	0.596476300
90.0000	40.0000	50.0000	0.719701050
100.0000	40.0000	50.0000	0.473912980
110.0000	40.0000	50.0000	0.497892200
120.0000	40.0000	50.0000	0.876385870
130.0000	40.0000	50.0000	1.277204600
140.0000	40.0000	50.0000	2.174748200
150.0000	40.0000	50.0000	0.877074540
160.0000	40.0000	50.0000	0.059522066
170.0000	40.0000	50.0000	0.116891400
180.0000	40.0000	50.0000	1.212894400
190.0000	40.0000	50.0000	3.617803600
200.0000	40.0000	50.0000	1.451728800
210.0000	40.0000	50.0000	0.390806200
220.0000	40.0000	50.0000	0.390647050
230.0000	40.0000	50.0000	0.519370300
240.0000	40.0000	50.0000	1.394141800
250.0000	40.0000	50.0000	1.547352200
260.0000	40.0000	50.0000	0.816579400
270.0000	40.0000	50.0000	0.495667850
280.0000	40.0000	50.0000	0.493658240
290.0000	40.0000	50.0000	0.388944500
300.0000	40.0000	50.0000	0.537556200
310.0000	40.0000	50.0000	1.141116400
320.0000	40.0000	50.0000	0.979750450
330.0000	40.0000	50.0000	0.460834900
340.0000	40.0000	50.0000	0.093237000
350.0000	40.0000	50.0000	0.175983370
360.0000	40.0000	50.0000	1.000000000
0.0000	50.0000	50.0000	1.222448600
10.0000	50.0000	50.0000	1.239342700
20.0000	50.0000	50.0000	0.681055000
30.0000	50.0000	50.0000	0.514378960
40.0000	50.0000	50.0000	0.897225140
50.0000	50.0000	50.0000	0.845309900
60.0000	50.0000	50.0000	0.710050400
70.0000	50.0000	50.0000	0.238161300
80.0000	50.0000	50.0000	0.327689740
90.0000	50.0000	50.0000	1.198534500
100.0000	50.0000	50.0000	0.720597150
110.0000	50.0000	50.0000	0.619789800
120.0000	50.0000	50.0000	0.845336900
130.0000	50.0000	50.0000	1.674916600
140.0000	50.0000	50.0000	1.586049800
150.0000	50.0000	50.0000	0.538803200
160.0000	50.0000	50.0000	0.074517420
170.0000	50.0000	50.0000	0.132955920
180.0000	50.0000	50.0000	1.136669500
190.0000	50.0000	50.0000	1.332202300
200.0000	50.0000	50.0000	0.400638280
210.0000	50.0000	50.0000	0.451359330
220.0000	50.0000	50.0000	0.835387900
230.0000	50.0000	50.0000	0.728190360
240.0000	50.0000	50.0000	0.470408440
250.0000	50.0000	50.0000	0.549787940
260.0000	50.0000	50.0000	0.659294300
270.0000	50.0000	50.0000	0.911257400
280.0000	50.0000	50.0000	0.544023200
290.0000	50.0000	50.0000	0.174798640
300.0000	50.0000	50.0000	0.150983930
310.0000	50.0000	50.0000	0.451710940
320.0000	50.0000	50.0000	0.827772500
330.0000	50.0000	50.0000	0.670323400
340.0000	50.0000	50.0000	0.168467020
350.0000	50.0000	50.0000	0.078776130
360.0000	50.0000	50.0000	1.000000000
0.0000	60.0000	50.0000	0.471877430
10.0000	60.0000	50.0000	0.542561300
20.0000	60.0000	50.0000	0.678911270
30.0000	60.0000	50.0000	0.596910240
40.0000	60.0000	50.0000	0.782756270
50.0000	60.0000	50.0000	0.628052230
60.0000	60.0000	50.0000	0.365916820
70.0000	60.0000	50.0000	0.203347640
80.0000	60.0000	50.0000	0.312484500
90.0000	60.0000	50.0000	0.733820100
100.0000	60.0000	50.0000	1.185434500
110.0000	60.0000	50.0000	0.929896800
120.0000	60.0000	50.0000	0.880054300
130.0000	60.0000	50.0000	1.454475600
140.0000	60.0000	50.0000	0.892123940
150.0000	60.0000	50.0000	0.419838130
160.0000	60.0000	50.0000	0.205366600
170.0000	60.0000	50.0000	0.375703840
180.0000	60.0000	50.0000	0.972205160
190.0000	60.0000	50.0000	0.838480600
200.0000	60.0000	50.0000	0.482304960
210.0000	60.0000	50.0000	0.423518000
220.0000	60.0000	50.0000	0.433552980
230.0000	60.0000	50.0000	0.336857650
240.0000	60.0000	50.0000	0.273502770
250.0000	60.0000	50.0000	0.288137850
260.0000	60.0000	50.0000	0.319154650
270.0000	60.0000	50.0000	0.726784700
280.0000	60.0000	50.0000	0.778917900
290.0000	60.0000	50.0000	0.250517400
300.0000	60.0000	50.0000	0.283471140
310.0000	60.0000	50.0000	0.581193270
320.0000	60.0000	50.0000	1.064097600
330.0000	60.0000	50.0000	1.007519200
340.0000	60.0000	50.0000	0.335706680
350.0000	60.0000	50.0000	0.169072170
360.0000	60.0000	50.0000	1.000000000
0.0000	70.0000	50.0000	1.146030200
10.0000	70.0000	50.0000	0.974764800
20.0000	70.0000	50.0000	0.788958130
30.0000	70.0000	50.0000	0.519463600
40.0000	70.0000	50.0000	0.418771920
50.0000	70.0000	50.0000	0.393499670
60.0000	70.0000	50.0000	0.367703620
70.0000	70.0000	50.0000	0.335244950
80.0000	70.0000	50.0000	0.182913960
90.0000	70.0000	50.0000	0.122088890
100.0000	70.0000	50.0000	0.250451360
110.0000	70.0000	50.0000	0.354996700
120.0000	70.0000	50.0000	0.354741360
130.0000	70.0000	50.0000	0.597026050
140.0000	70.0000	50.0000	0.591232600
150.0000	70.0000	50.0000	0.706559200
160.0000	70.0000	50.0000	1.074325100
170.0000	70.0000	50.0000	0.624741140
180.0000	70.0000	50.0000	0.487146140
190.0000	70.0000	50.0000	1.041204900
200.0000	70.0000	50.0000	0.969776200
210.0000	70.0000	50.0000	0.390525880
220.0000	70.0000	50.0000	0.195949170
230.0000	70.0000	50.0000	0.224998890
240.0000	70.0000	50.0000	0.397736400
250.0000	70.0000	50.0000	0.420526600
260.0000	70.0000	50.0000	0.215393770
270.0000	70.0000	50.0000	0.276640900
280.0000	70.0000	50.0000	0.432305900
290.0000	70.0000	50.0000	0.444412300
300.0000	70.0000	50.0000	0.339717750
310.0000	70.0000	50.0000	0.596765400
320.0000	70.0000	50.0000	0.908081650
330.0000	70.0000	50.0000	0.764058530
340.0000	70.0000	50.0000	0.622399030
350.0000	70.0000	50.0000	0.570601760
360.0000	70.0000	50.0000	1.000000000
0.0000	80.0000	50.0000	0.224444800
10.0000	80.0000	50.0000	0.431148320
20.0000	80.0000	50.0000	1.286226900
30.0000	80.0000	50.0000	0.563730360
40.0000	80.0000	50.0000	0.382117300
50.0000	80.0000	50.0000	0.315615200
60.0000	80.0000	50.0000	0.433295430
70.0000	80.0000	50.0000	0.572376250
80.0000	80.0000	50.0000	0.333790400
90.0000	80.0000	50.0000	0.216143550
100.0000	80.0000	50.0000	0.337469280
110.0000	80.0000	50.0000	0.319022630
120.0000	80.0000	50.0000	0.202346520
130.0000	80.0000	50.0000	0.267552970
140.0000	80.0000	50.0000	0.504132300
150.0000	80.0000	50.0000	1.286778600
160.0000	80.0000	50.0000	2.728093000
170.0000	80.0000	50.0000	1.615112000
180.0000	80.0000	50.0000	1.441840500
190.0000	80.0000	50.0000	2.007893000
200.0000	80.0000	50.0000	1.490493700
210.0000	80.0000	50.0000	0.529523000
220.0000	80.0000	50.0000	0.337304150
230.0000	80.0000	50.0000	0.384495900
240.0000	80.0000	50.0000	0.544413100
250.0000	80.0000	50.0000	0.761475560
260.0000	80.0000	50.0000	0.396871060
270.0000	80.0000	50.0000	0.375717220
280.0000	80.0000	50.0000	0.538494350
290.0000	80.0000	50.0000	0.626837100
300.0000	80.0000	50.0000	0.653618340
310.0000	80.0000	50.0000	0.616783500
320.0000	80.0000	50.0000	0.518578950
330.0000	80.0000	50.0000	0.845816140
340.0000	80.0000	50.0000	1.241304800
350.0000	80.0000	50.0000	2.140348200
360.0000	80.0000	50.0000	1.000000000
0.0000	90.0000	50.0000	5.566649000
10.0000	90.0000	50.0000	2.102601300
20.0000	90.0000	50.0000	2.930978300
30.0000	90.0000	50.0000	0.843735800
40.0000	90.0000	50.0000	0.579739100
50.0000	90.0000	50.0000	0.518025200
60.0000	90.0000	50.0000	0.666739940
70.0000	90.0000	50.0000	0.852096260
80.0000	90.0000	50.0000	0.574445600
90.0000	90.0000	50.0000	0.370262860
100.0000	90.0000	50.0000	0.603772900
110.0000	90.0000	50.0000	0.463315930
120.0000	90.0000	50.0000	0.157040580
130.0000	90.0000	50.0000	0.295450780
140.0000	90.0000	50.0000	0.696371400
150.0000	90.0000	50.0000	1.536441300
160.0000	90.0000	50.0000	2.949318400
170.0000	90.0000	50.0000	1.996063700
180.0000	90.0000	50.0000	2.724743600
190.0000	90.0000	50.0000	4.239874400
200.0000	90.0000	50.0000	1.893567700
210.0000	90.0000	50.0000	0.870050100
220.0000	90.0000	50.0000	0.677997300
230.0000	90.0000	50.0000	0.451486860
240.0000	90.0000	50.0000	0.425622250
250.0000	90.0000	50.0000	1.060512400
260.0000	90.0000	50.0000	0.607394930
270.0000	90.0000	50.0000	0.509733140
280.0000	90.0000	50.0000	1.141465500
290.0000	90.0000	50.0000	0.899609500
300.0000	90.0000	50.0000	0.606616300
310.0000	90.0000	50.0000	0.522212600
320.0000	90.0000	50.0000	0.340214800
330.0000	90.0000	50.0000	0.877156730
340.0000	90.0000	50.0000	2.022615400
350.0000	90.0000	50.0000	4.164728600
360.0000	90.0000	50.0000	1.000000000
0.0000	0.0000	60.0000	1.000000000
10.0000	0.0000	60.0000	1.000000000
20.0000	0.0000	60.0000	1.000000000
30.0000	0.0000	60.0000	1.000000000
40.0000	0.0000	60.0000	1.000000000
50.0000	0.0000	60.0000	1.000000000
60.0000	0.0000	60.0000	1.000000000
70.0000	0.0000	60.0000	1.000000000
80.0000	0.0000	60.0000	1.000000000
90.0000	0.0000	60.0000	1.000000000
100.0000	0.0000	60.0000	1.000000000
110.0000	0.0000	60.0000	1.000000000
120.0000	0.0000	60.0000	1.000000000
130.0000	0.0000	60.0000	1.000000000
140.0000	0.0000	60.0000	1.000000000
150.0000	0.0000	60.0000	1.000000000
160.0000	0.0000	60.0000	1.000000000
170.0000	0.0000	60.0000	1.000000000
180.0000	0.0000	60.0000	1.000000000
190.0000	0.0000	60.0000	1.000000000
200.0000	0.0000	60.0000	1.000000000
210.0000	0.0000	60.0000	1.000000000
220.0000	0.0000	60.0000	1.000000000
230.0000	0.0000	60.0000	1.000000000
240.0000	0.0000	60.0000	1.000000000
250.0000	0.0000	60.0000	1.000000000
260.0000	0.0000	60.0000	1.000000000
270.0000	0.0000	60.0000	1.000000000
280.0000	0.0000	60.0000	1.000000000
290.0000	0.0000	60.0000	1.000000000
300.0000	0.0000	60.0000	1.000000000
310.0000	0.0000	60.0000	1.000000000
320.0000	0.0000	60.0000	1.000000000
330.0000	0.0000	60.0000	1.000000000
340.0000	0.0000	60.0000	1.000000000
350.0000	0.0000	60.0000	1.000000000
360.0000	0.0000	60.0000	1.000000000
0.0000	10.0000	60.0000	0.911487000
10.0000	10.0000	60.0000	1.004108400
20.0000	10.0000	60.0000	4.536018000
30.0000	10.0000	60.0000	0.088474860
40.0000	10.0000	60.0000	0.086882070
50.0000	10.0000	60.0000	0.822751400
60.0000	10.0000	60.0000	1.274451400
70.0000	10.0000	60.0000	0.396109200
80.0000	10.0000	60.0000	0.110246070
90.0000	10.0000	60.0000	0.639980800
100.0000	10.0000	60.0000	1.971921800
110.0000	10.0000	60.0000	2.710028000
120.0000	10.0000	60.0000	0.224112640
130.0000	10.0000	60.0000	0.310766670
140.0000	10.0000	60.0000	1.621157200
150.0000	10.0000	60.0000	0.195278240
160.0000	10.0000	60.0000	0.832505600
170.0000	10.0000	60.0000	4.079601300
180.0000	10.0000	60.0000	2.319820200
190.0000	10.0000	60.0000	4.152555500
200.0000	10.0000	60.0000	6.384860500
210.0000	10.0000	60.0000	0.070456100
220.0000	10.0000	60.0000	0.039538432
230.0000	10.0000	60.0000	0.166058210
240.0000	10.0000	60.0000	1.191588900
250.0000	10.0000	60.0000	15.283064000
260.0000	10.0000	60.0000	0.175177380
270.0000	10.0000	60.0000	0.073203920
280.0000	10.0000	60.0000	0.758346200
290.0000	10.0000	60.0000	1.213890100
300.0000	10.0000	60.0000	0.904759300
310.0000	10.0000	60.0000	1.810726500
320.0000	10.0000	60.0000	1.188564500
330.0000	10.0000	60.0000	0.357088600
340.0000	10.0000	60.0000	1.398673000
350.0000	10.0000	60.0000	4.701033600
360.0000	10.0000	60.0000	1.000000000
0.0000	20.0000	60.0000	2.745470800
10.0000	20.0000	60.0000	2.542817000
20.0000	20.0000	60.0000	0.793597400
30.0000	20.0000	60.0000	0.093458064
40.0000	20.0000	60.0000	0.264054300
50.0000	20.0000	60.0000	1.082057800
60.0000	20.0000	60.0000	1.395834900
70.0000	20.0000	60.0000	9.588749000
80.0000	20.0000	60.0000	4.927096000
90.0000	20.0000	60.0000	1.789674200
100.0000	20.0000	60.0000	1.985003000
110.0000	20.0000	60.0000	0.952338100
120.0000	20.0000	60.0000	1.011732600
130.0000	20.0000	60.0000	1.208845400
140.0000	20.0000	60.0000	1.230075000
150.0000	20.0000	60.0000	0.084029840
160.0000	20.0000	60.0000	0.143690270
170.0000	20.0000	60.0000	1.348462500
180.0000	20.0000	60.0000	0.767633300
190.0000	20.0000	60.0000	3.511622200
200.0000	20.0000	60.0000	1.508239700
210.0000	20.0000	60.0000	0.069014326
220.0000	20.0000	60.0000	0.427471820
230.0000	20.0000	60.0000	2.131775100
240.0000	20.0000	60.0000	1.182065000
250.0000	20.0000	60.0000	3.116522300
260.0000	20.0000	60.0000	2.704961300
270.0000	20.0000	60.0000	1.251968900
280.0000	20.0000	60.0000	2.300685200
290.0000	20.0000	60.0000	0.681161100
300.0000	20.0000	60.0000	1.138669800
310.0000	20.0000	60.0000	1.538338200
320.0000	20.0000	60.0000	0.920643400
330.0000	20.0000	60.0000	0.137657120
340.0000	20.0000	60.0000	0.117504306
350.0000	20.0000	60.0000	0.624940340
360.0000	20.0000	60.0000	1.000000000
0.0000	30.0000	60.0000	1.940511800
10.0000	30.0000	60.0000	1.931975600
20.0000	30.0000	60.0000	0.179944190
30.0000	30.0000	60.0000	0.101035650
40.0000	30.0000	60.0000	0.372324900
50.0000	30.0000	60.0000	0.578525540
60.0000	30.0000	60.0000	0.398051950
70.0000	30.0000	60.0000	1.103349100
80.0000	30.0000	60.0000	2.335773000
90.0000	30.0000	60.0000	1.090173700
100.0000	30.0000	60.0000	1.146393000
110.0000	30.0000	60.0000	0.727344200
120.0000	30.0000	60.0000	1.917671200
130.0000	30.0000	60.0000	2.069506200
140.0000	30.0000	60.0000	1.193149900
150.0000	30.0000	60.0000	0.111422440
160.0000	30.0000	60.0000	0.044488933
170.0000	30.0000	60.0000	1.354088100
180.0000	30.0000	60.0000	1.782761300
190.0000	30.0000	60.0000	2.604670300
200.0000	30.0000	60.0000	1.060797700
210.0000	30.0000	60.0000	0.141080100
220.0000	30.0000	60.0000	0.280619060
230.0000	30.0000	60.0000	0.957776800
240.0000	30.0000	60.0000	0.848521650
250.0000	30.0000	60.0000	0.721426250
260.0000	30.0000	60.0000	1.098923800
270.0000	30.0000	60.0000	2.780771700
280.0000	30.0000	60.0000	1.831183700
290.0000	30.0000	60.0000	0.509740700
300.0000	30.0000	60.0000	1.475053000
310.0000	30.0000	60.0000	4.243309500
320.0000	30.0000	60.0000	1.952508400
330.0000	30.0000	60.0000	0.152063620
340.0000	30.0000	60.0000	0.062015630
350.0000	30.0000	60.0000	1.227699200
360.0000	30.0000	60.0000	1.000000000
0.0000	40.0000	60.0000	0.527498960
10.0000	40.0000	60.0000	1.428481500
20.0000	40.0000	60.0000	1.667151800
30.0000	40.0000	60.0000	0.171744230
40.0000	40.0000	60.0000	0.607198060
50.0000	40.0000	60.0000	1.557337300
60.0000	40.0000	60.0000	0.488282770
70.0000	40.0000	60.0000	0.523393600
80.0000	40.0000	60.0000	1.150787200
90.0000	40.0000	60.0000	0.633340000
100.0000	40.0000	60.0000	0.342335550
110.0000	40.0000	60.0000	0.446964060
120.0000	40.0000	60.0000	1.039467600
130.0000	40.0000	60.0000	0.929833000
140.0000	40.0000	60.0000	1.227637500
150.0000	40.0000	60.0000	0.248500930
160.0000	40.0000	60.0000	0.030290956
170.0000	40.0000	60.0000	0.446859180
180.0000	40.0000	60.0000	2.046589400
190.0000	40.0000	60.0000	5.002596400
200.0000	40.0000	60.0000	2.356800300
210.0000	40.0000	60.0000	0.411105480
220.0000	40.0000	60.0000	0.258984740
230.0000	40.0000	60.0000	0.554469800
240.0000	40.0000	60.0000	1.040992400
250.0000	40.0000	60.0000	0.515210870
260.0000	40.0000	60.0000	0.571387470
270.0000	40.0000	60.0000	0.632576300
280.0000	40.0000	60.0000	0.598006840
290.0000	40.0000	60.0000	0.305046800
300.0000	40.0000	60.0000	0.904205560
310.0000	40.0000	60.0000	4.668178000
320.0000	40.0000	60.0000	0.965441350
330.0000	40.0000	60.0000	0.139622910
340.0000	40.0000	60.0000	0.079026690
350.0000	40.0000	60.0000	0.942793800
360.0000	40.0000	60.0000	1.000000000
0.0000	50.0000	60.0000	2.792086800
10.0000	50.0000	60.0000	3.742764200
20.0000	50.0000	60.0000	1.794101700
30.0000	50.0000	60.0000	0.537264050
40.0000	50.0000	60.0000	0.754559340
50.0000	50.0000	60.0000	0.575545430
60.0000	50.0000	60.0000	0.447766420
70.0000	50.0000	60.0000	0.200768050
80.0000	50.0000	60.0000	0.295768560
90.0000	50.0000	60.0000	1.472049600
100.0000	50.0000	60.0000	1.288449600
110.0000	50.0000	60.0000	0.791322200
120.0000	50.0000	60.0000	0.925579670
130.0000	50.0000	60.0000	0.803838250
140.0000	50.0000	60.0000	0.737445000
150.0000	50.0000	60.0000	0.256420430
160.0000	50.0000	60.0000	0.068261010
170.0000	50.0000	60.0000	0.414957820
180.0000	50.0000	60.0000	1.735023100
190.0000	50.0000	60.0000	2.157486000
200.0000	50.0000	60.0000	0.979048500
210.0000	50.0000	60.0000	0.597089300
220.0000	50.0000	60.0000	0.749623950
230.0000	50.0000	60.0000	0.771607160
240.0000	50.0000	60.0000	0.441138360
250.0000	50.0000	60.0000	0.267022940
260.0000	50.0000	60.0000	0.384362760
270.0000	50.0000	60.0000	0.652232000
280.0000	50.0000	60.0000	0.505745230
290.0000	50.0000	60.0000	0.197459060
300.0000	50.0000	60.0000	0.242663430
310.0000	50.0000	60.0000	0.573859000
320.0000	50.0000	60.0000	0.519470200
330.0000	50.0000	60.0000	0.186465310
340.0000	50.0000	60.0000	0.145590780
350.0000	50.0000	60.0000	0.415524600
360.0000	50.0000	60.0000	1.000000000
0.0000	60.0000	60.0000	0.849198300
10.0000	60.0000	60.0000	1.437377500
20.0000	60.0000	60.0000	1.572217800
30.0000	60.0000	60.0000	0.563904460
40.0000	60.0000	60.0000	0.392239180
50.0000	60.0000	60.0000	0.421365530
60.0000	60.0000	60.0000	0.379755700
70.0000	60.0000	60.0000	0.194198280
80.0000	60.0000	60.0000	0.224164650
90.0000	60.0000	60.0000	0.881924870
100.0000	60.0000	60.0000	2.356498200
110.0000	60.0000	60.0000	1.511104100
120.0000	60.0000	60.0000	1.246774200
130.0000	60.0000	60.0000	1.530536300
140.0000	60.0000	60.0000	0.863440040
150.0000	60.0000	60.0000	0.503066600
160.0000	60.0000	60.0000	0.469711630
170.0000	60.0000	60.0000	1.074541200
180.0000	60.0000	60.0000	1.514247800
190.0000	60.0000	60.0000	1.779315200
200.0000	60.0000	60.0000	0.653304800
210.0000	60.0000	60.0000	0.216187500
220.0000	60.0000	60.0000	0.332066950
230.0000	60.0000	60.0000	0.431308870
240.0000	60.0000	60.0000	0.274168520
250.0000	60.0000	60.0000	0.291962740
260.0000	60.0000	60.0000	0.533051800
270.0000	60.0000	60.0000	1.385531300
280.0000	60.0000	60.0000	0.320397800
290.0000	60.0000	60.0000	0.086045060
300.0000	60.0000	60.0000	0.120509030
310.0000	60.0000	60.0000	0.510798600
320.0000	60.0000	60.0000	1.086850900
330.0000	60.0000	60.0000	0.858374240
340.0000	60.0000	60.0000	0.503893800
350.0000	60.0000	60.0000	0.599249600
360.0000	60.0000	60.0000	1.000000000
0.0000	70.0000	60.0000	1.750402100
10.0000	70.0000	60.0000	1.191823600
20.0000	70.0000	60.0000	0.816778900
30.0000	70.0000	60.0000	0.303509100
40.0000	70.0000	60.0000	0.160634820
50.0000	70.0000	60.0000	0.361413450
60.0000	70.0000	60.0000	0.488815100
70.0000	70.0000	60.0000	0.411713570
80.0000	70.0000	60.0000	0.282252340
90.0000	70.0000	60.0000	0.173188400
100.0000	70.0000	60.0000	0.397335980
110.0000	70.0000	60.0000	0.578559160
120.0000	70.0000	60.0000	0.535580640
130.0000	70.0000	60.0000	0.405230340
140.0000	70.0000	60.0000	0.564683200
150.0000	70.0000	60.0000	0.833991470
160.0000	70.0000	60.0000	1.970775700
170.0000	70.0000	60.0000	1.550977800
180.0000	70.0000	60.0000	0.816298500
190.0000	70.0000	60.0000	1.657155400
200.0000	70.0000	60.0000	0.986609760
210.0000	70.0000	60.0000	0.199236500
220.0000	70.0000	60.0000	0.150388430
230.0000	70.0000	60.0000	0.445136520
240.0000	70.0000	60.0000	0.513266560
250.0000	70.0000	60.0000	0.416262060
260.0000	70.0000	60.0000	0.463989080
270.0000	70.0000	60.0000	0.472853630
280.0000	70.0000	60.0000	0.098670540
290.0000	70.0000	60.0000	0.095763676
300.0000	70.0000	60.0000	0.165734590
310.0000	70.0000	60.0000	0.323977920
320.0000	70.0000	60.0000	0.540621000
330.0000	70.0000	60.0000	0.698430360
340.0000	70.0000	60.0000	0.621280550
350.0000	70.0000	60.0000	1.087116600
360.0000	70.0000	60.0000	1.000000000
0.0000	80.0000	60.0000	0.366234750
10.0000	80.0000	60.0000	0.487224000
20.0000	80.0000	60.0000	1.018580000
30.0000	80.0000	60.0000	0.469339250
40.0000	80.0000	60.0000	0.518413300
50.0000	80.0000	60.0000	0.540112500
60.0000	80.0000	60.0000	0.484204140
70.0000	80.0000	60.0000	0.829383250
80.0000	80.0000	60.0000	0.542771200
90.0000	80.0000	60.0000	0.368597400
100.0000	80.0000	60.0000	0.575440350
110.0000	80.0000	60.0000	0.318643150
120.0000	80.0000	60.0000	0.284738240
130.0000	80.0000	60.0000	0.246508430
140.0000	80.0000	60.0000	0.528065200
150.0000	80.0000	60.0000	1.011970200
160.0000	80.0000	60.0000	2.225670600
170.0000	80.0000	60.0000	2.060232600
180.0000	80.0000	60.0000	1.716282400
190.0000	80.0000	60.0000	2.210484700
200.0000	80.0000	60.0000	1.721478600
210.0000	80.0000	60.0000	0.569201350
220.0000	80.0000	60.0000	0.608392400
230.0000	80.0000	60.0000	0.952902850
240.0000	80.0000	60.0000	0.858426870
250.0000	80.0000	60.0000	0.885344700
260.0000	80.0000	60.0000	0.582809870
270.0000	80.0000	60.0000	0.396963330
280.0000	80.0000	60.0000	0.265960280
290.0000	80.0000	60.0000	0.338948130
300.0000	80.0000	60.0000	0.795075400
310.0000	80.0000	60.0000	0.674805800
320.0000	80.0000	60.0000	0.275665200
330.0000	80.0000	60.0000	0.316794800
340.0000	80.0000	60.0000	0.488056360
350.0000	80.0000	60.0000	1.914847000
360.0000	80.0000	60.0000	1.000000000
0.0000	90.0000	60.0000	5.994018600
10.0000	90.0000	60.0000	2.002706800
20.0000	90.0000	60.0000	2.160766600
30.0000	90.0000	60.0000	0.945306840
40.0000	90.0000	60.0000	2.097693700
50.0000	90.0000	60.0000	1.036285400
60.0000	90.0000	60.0000	0.654752250
70.0000	90.0000	60.0000	1.430089700
80.0000	90.0000	60.0000	0.800289600
90.0000	90.0000	60.0000	0.509279550
100.0000	90.0000	60.0000	0.615065800
110.0000	90.0000	60.0000	0.348069300
120.0000	90.0000	60.0000	0.477258030
130.0000	90.0000	60.0000	0.619186900
140.0000	90.0000	60.0000	1.114998100
150.0000	90.0000	60.0000	2.018042000
160.0000	90.0000	60.0000	2.279593500
170.0000	90.0000	60.0000	1.876426000
180.0000	90.0000	60.0000	2.865581000
190.0000	90.0000	60.0000	4.714015000
200.0000	90.0000	60.0000	1.725070200
210.0000	90.0000	60.0000	0.884669200
220.0000	90.0000	60.0000	1.723475300
230.0000	90.0000	60.0000	1.179547500
240.0000	90.0000	60.0000	0.690702600
250.0000	90.0000	60.0000	2.798032500
260.0000	90.0000	60.0000	0.965331850
270.0000	90.0000	60.0000	0.759964700
280.0000	90.0000	60.0000	0.597234700
290.0000	90.0000	60.0000	0.373225200
300.0000	90.0000	60.0000	1.216643500
310.0000	90.0000	60.0000	1.645542700
320.0000	90.0000	60.0000	0.363047930
330.0000	90.0000	60.0000	0.437431720
340.0000	90.0000	60.0000	0.690988960
350.0000	90.0000	60.0000	1.948797200
360.0000	90.0000	60.0000	1.000000000
