0.0000	0.0000	0.0000	0.273143100
10.0000	0.0000	0.0000	0.272385930
20.0000	0.0000	0.0000	0.594675660
30.0000	0.0000	0.0000	0.571884200
40.0000	0.0000	0.0000	0.872485460
50.0000	0.0000	0.0000	0.943414800
60.0000	0.0000	0.0000	0.341840740
70.0000	0.0000	0.0000	0.597660060
80.0000	0.0000	0.0000	0.408576000
90.0000	0.0000	0.0000	1.054278000
100.0000	0.0000	0.0000	1.944212100
110.0000	0.0000	0.0000	2.278609000
120.0000	0.0000	0.0000	2.057567400
130.0000	0.0000	0.0000	2.288377800
140.0000	0.0000	0.0000	1.998597400
150.0000	0.0000	0.0000	1.233121300
160.0000	0.0000	0.0000	0.929468100
170.0000	0.0000	0.0000	0.430600430
180.0000	0.0000	0.0000	0.156034190
190.0000	0.0000	0.0000	0.763612100
200.0000	0.0000	0.0000	0.561246450
210.0000	0.0000	0.0000	0.253586950
220.0000	0.0000	0.0000	0.438480200
230.0000	0.0000	0.0000	0.710229160
240.0000	0.0000	0.0000	0.166992110
250.0000	0.0000	0.0000	0.508347800
260.0000	0.0000	0.0000	0.509441200
270.0000	0.0000	0.0000	1.136003900
280.0000	0.0000	0.0000	1.679173400
290.0000	0.0000	0.0000	1.728653300
300.0000	0.0000	0.0000	1.816103900
310.0000	0.0000	0.0000	2.428683300
320.0000	0.0000	0.0000	1.753754700
330.0000	0.0000	0.0000	1.020221700
340.0000	0.0000	0.0000	0.978601300
350.0000	0.0000	0.0000	1.481603300
360.0000	0.0000	0.0000	1.000000000
0.0000	10.0000	0.0000	0.732739400
10.0000	10.0000	0.0000	1.176627000
20.0000	10.0000	0.0000	2.401808500
30.0000	10.0000	0.0000	0.340830830
40.0000	10.0000	0.0000	2.679129400
50.0000	10.0000	0.0000	0.540925860
60.0000	10.0000	0.0000	0.786043470
70.0000	10.0000	0.0000	5.129326300
80.0000	10.0000	0.0000	0.160840290
90.0000	10.0000	0.0000	0.812037900
100.0000	10.0000	0.0000	1.774835600
110.0000	10.0000	0.0000	2.717657300
120.0000	10.0000	0.0000	3.550982700
130.0000	10.0000	0.0000	4.182568600
140.0000	10.0000	0.0000	1.230835300
150.0000	10.0000	0.0000	0.279299200
160.0000	10.0000	0.0000	1.156855500
170.0000	10.0000	0.0000	2.150843400
180.0000	10.0000	0.0000	1.653960600
190.0000	10.0000	0.0000	6.206496200
200.0000	10.0000	0.0000	1.130352500
210.0000	10.0000	0.0000	0.102071670
220.0000	10.0000	0.0000	2.675029500
230.0000	10.0000	0.0000	1.370326800
240.0000	10.0000	0.0000	0.229495730
250.0000	10.0000	0.0000	0.728930500
260.0000	10.0000	0.0000	0.263259470
270.0000	10.0000	0.0000	2.072651400
280.0000	10.0000	0.0000	2.457497400
290.0000	10.0000	0.0000	2.318144600
300.0000	10.0000	0.0000	2.293105100
310.0000	10.0000	0.0000	2.912190200
320.0000	10.0000	0.0000	1.190525000
330.0000	10.0000	0.0000	0.427982660
340.0000	10.0000	0.0000	2.203842900
350.0000	10.0000	0.0000	4.226504000
360.0000	10.0000	0.0000	1.000000000
0.0000	20.0000	0.0000	2.365321400
10.0000	20.0000	0.0000	3.129864200
20.0000	20.0000	0.0000	0.273429040
30.0000	20.0000	0.0000	0.059777297
40.0000	20.0000	0.0000	0.358059260
50.0000	20.0000	0.0000	1.034634200
60.0000	20.0000	0.0000	1.955062900
70.0000	20.0000	0.0000	0.671004240
80.0000	20.0000	0.0000	0.308148830
90.0000	20.0000	0.0000	0.385517100
100.0000	20.0000	0.0000	1.589590700
110.0000	20.0000	0.0000	1.425955700
120.0000	20.0000	0.0000	2.475635300
130.0000	20.0000	0.0000	4.875002400
140.0000	20.0000	0.0000	0.307306080
150.0000	20.0000	0.0000	0.046004362
160.0000	20.0000	0.0000	0.405891420
170.0000	20.0000	0.0000	1.275027000
180.0000	20.0000	0.0000	1.134455400
190.0000	20.0000	0.0000	4.900194000
200.0000	20.0000	0.0000	0.201541720
210.0000	20.0000	0.0000	0.103125550
220.0000	20.0000	0.0000	1.327117100
230.0000	20.0000	0.0000	1.060481700
240.0000	20.0000	0.0000	1.126643100
250.0000	20.0000	0.0000	1.114152000
260.0000	20.0000	0.0000	0.396596880
270.0000	20.0000	0.0000	0.566614150
280.0000	20.0000	0.0000	1.974413300
290.0000	20.0000	0.0000	3.515665800
300.0000	20.0000	0.0000	2.519676700
310.0000	20.0000	0.0000	1.953425900
320.0000	20.0000	0.0000	0.775570600
330.0000	20.0000	0.0000	0.071856200
340.0000	20.0000	0.0000	0.288957120
350.0000	20.0000	0.0000	0.600700740
360.0000	20.0000	0.0000	1.000000000
0.0000	30.0000	0.0000	1.749499600
10.0000	30.0000	0.0000	1.852910900
20.0000	30.0000	0.0000	0.079078846
30.0000	30.0000	0.0000	0.146052030
40.0000	30.0000	0.0000	0.635243000
50.0000	30.0000	0.0000	3.483860000
60.0000	30.0000	0.0000	2.759484800
70.0000	30.0000	0.0000	0.649047600
80.0000	30.0000	0.0000	0.581794200
90.0000	30.0000	0.0000	0.635011100
100.0000	30.0000	0.0000	1.374619500
110.0000	30.0000	0.0000	0.774226550
120.0000	30.0000	0.0000	1.353287200
130.0000	30.0000	0.0000	1.080838100
140.0000	30.0000	0.0000	0.131036150
150.0000	30.0000	0.0000	0.052005846
160.0000	30.0000	0.0000	0.423594500
170.0000	30.0000	0.0000	3.092153000
180.0000	30.0000	0.0000	3.068388500
190.0000	30.0000	0.0000	1.587603600
200.0000	30.0000	0.0000	0.091847666
210.0000	30.0000	0.0000	0.241612000
220.0000	30.0000	0.0000	1.174279700
230.0000	30.0000	0.0000	1.497482800
240.0000	30.0000	0.0000	0.909402800
250.0000	30.0000	0.0000	0.437527420
260.0000	30.0000	0.0000	0.528120640
270.0000	30.0000	0.0000	0.577507140
280.0000	30.0000	0.0000	0.764194250
290.0000	30.0000	0.0000	1.428610600
300.0000	30.0000	0.0000	1.206163300
310.0000	30.0000	0.0000	0.725269300
320.0000	30.0000	0.0000	0.346597970
330.0000	30.0000	0.0000	0.109972010
340.0000	30.0000	0.0000	0.258169380
350.0000	30.0000	0.0000	0.922921540
360.0000	30.0000	0.0000	1.000000000
0.0000	40.0000	0.0000	0.463907200
10.0000	40.0000	0.0000	0.516309140
20.0000	40.0000	0.0000	0.059235655
30.0000	40.0000	0.0000	0.235912070
40.0000	40.0000	0.0000	0.663773540
50.0000	40.0000	0.0000	1.084458100
60.0000	40.0000	0.0000	2.794455000
70.0000	40.0000	0.0000	0.585306470
80.0000	40.0000	0.0000	0.226213950
90.0000	40.0000	0.0000	0.646417560
100.0000	40.0000	0.0000	1.715995800
110.0000	40.0000	0.0000	0.819405300
120.0000	40.0000	0.0000	0.410813720
130.0000	40.0000	0.0000	0.483273240
140.0000	40.0000	0.0000	0.443976640
150.0000	40.0000	0.0000	0.193889260
160.0000	40.0000	0.0000	1.243976100
170.0000	40.0000	0.0000	1.432321100
180.0000	40.0000	0.0000	2.122720700
190.0000	40.0000	0.0000	2.278144400
200.0000	40.0000	0.0000	0.103670250
210.0000	40.0000	0.0000	0.275017140
220.0000	40.0000	0.0000	0.784464100
230.0000	40.0000	0.0000	1.799546100
240.0000	40.0000	0.0000	0.506119600
250.0000	40.0000	0.0000	0.210580590
260.0000	40.0000	0.0000	0.306861900
270.0000	40.0000	0.0000	0.336901520
280.0000	40.0000	0.0000	0.394694630
290.0000	40.0000	0.0000	0.612264160
300.0000	40.0000	0.0000	1.200985700
310.0000	40.0000	0.0000	0.667102200
320.0000	40.0000	0.0000	0.481678870
330.0000	40.0000	0.0000	0.744589100
340.0000	40.0000	0.0000	3.301741600
350.0000	40.0000	0.0000	1.541478600
360.0000	40.0000	0.0000	1.000000000
0.0000	50.0000	0.0000	2.382610600
10.0000	50.0000	0.0000	1.383133800
20.0000	50.0000	0.0000	0.153686970
30.0000	50.0000	0.0000	0.533488750
40.0000	50.0000	0.0000	0.409450470
50.0000	50.0000	0.0000	0.217337330
60.0000	50.0000	0.0000	0.148239150
70.0000	50.0000	0.0000	0.123519845
80.0000	50.0000	0.0000	0.297362360
90.0000	50.0000	0.0000	0.787761450
100.0000	50.0000	0.0000	0.461529880
110.0000	50.0000	0.0000	0.310304880
120.0000	50.0000	0.0000	0.670677900
130.0000	50.0000	0.0000	0.556795200
140.0000	50.0000	0.0000	0.562250440
150.0000	50.0000	0.0000	0.457462340
160.0000	50.0000	0.0000	0.884700660
170.0000	50.0000	0.0000	0.908758300
180.0000	50.0000	0.0000	1.466091500
190.0000	50.0000	0.0000	1.176745300
200.0000	50.0000	0.0000	0.161550160
210.0000	50.0000	0.0000	0.354218400
220.0000	50.0000	0.0000	0.640064000
230.0000	50.0000	0.0000	0.808875800
240.0000	50.0000	0.0000	0.805783900
250.0000	50.0000	0.0000	1.003400600
260.0000	50.0000	0.0000	0.662381230
270.0000	50.0000	0.0000	0.509448230
280.0000	50.0000	0.0000	0.597011300
290.0000	50.0000	0.0000	0.361556830
300.0000	50.0000	0.0000	0.404882520
310.0000	50.0000	0.0000	0.450833170
320.0000	50.0000	0.0000	0.420091750
330.0000	50.0000	0.0000	0.803702830
340.0000	50.0000	0.0000	1.691586000
350.0000	50.0000	0.0000	0.891410600
360.0000	50.0000	0.0000	1.000000000
0.0000	60.0000	0.0000	1.219510700
10.0000	60.0000	0.0000	0.846117400
20.0000	60.0000	0.0000	0.930068400
30.0000	60.0000	0.0000	1.353640300
40.0000	60.0000	0.0000	0.494297700
50.0000	60.0000	0.0000	0.319427340
60.0000	60.0000	0.0000	0.134226650
70.0000	60.0000	0.0000	0.064454530
80.0000	60.0000	0.0000	0.183143800
90.0000	60.0000	0.0000	0.405258900
100.0000	60.0000	0.0000	0.336924580
110.0000	60.0000	0.0000	0.484042170
120.0000	60.0000	0.0000	0.945380150
130.0000	60.0000	0.0000	0.471567200
140.0000	60.0000	0.0000	0.258012500
150.0000	60.0000	0.0000	0.273911420
160.0000	60.0000	0.0000	0.593101700
170.0000	60.0000	0.0000	1.540489700
180.0000	60.0000	0.0000	1.856790100
190.0000	60.0000	0.0000	1.446875200
200.0000	60.0000	0.0000	0.708166100
210.0000	60.0000	0.0000	0.720167700
220.0000	60.0000	0.0000	0.979181300
230.0000	60.0000	0.0000	0.972337500
240.0000	60.0000	0.0000	0.642607100
250.0000	60.0000	0.0000	1.468408200
260.0000	60.0000	0.0000	2.167254700
270.0000	60.0000	0.0000	0.885841130
280.0000	60.0000	0.0000	0.545769330
290.0000	60.0000	0.0000	0.356243100
300.0000	60.0000	0.0000	0.301187550
310.0000	60.0000	0.0000	0.217578140
320.0000	60.0000	0.0000	0.267751100
330.0000	60.0000	0.0000	0.172271120
340.0000	60.0000	0.0000	0.494168300
350.0000	60.0000	0.0000	3.111265200
360.0000	60.0000	0.0000	1.000000000
0.0000	70.0000	0.0000	1.698330300
10.0000	70.0000	0.0000	1.554192200
20.0000	70.0000	0.0000	1.074566500
30.0000	70.0000	0.0000	0.785587130
40.0000	70.0000	0.0000	0.394584030
50.0000	70.0000	0.0000	0.200749500
60.0000	70.0000	0.0000	0.299906300
70.0000	70.0000	0.0000	0.089841604
80.0000	70.0000	0.0000	0.035629730
90.0000	70.0000	0.0000	0.109347396
100.0000	70.0000	0.0000	0.423169200
110.0000	70.0000	0.0000	0.523742560
120.0000	70.0000	0.0000	0.435819450
130.0000	70.0000	0.0000	0.498941120
140.0000	70.0000	0.0000	0.197558720
150.0000	70.0000	0.0000	0.202350330
160.0000	70.0000	0.0000	0.643954460
170.0000	70.0000	0.0000	1.108919300
180.0000	70.0000	0.0000	1.081326600
190.0000	70.0000	0.0000	2.226281200
200.0000	70.0000	0.0000	1.333847900
210.0000	70.0000	0.0000	0.724235700
220.0000	70.0000	0.0000	0.533660770
230.0000	70.0000	0.0000	0.247825820
240.0000	70.0000	0.0000	0.266469570
250.0000	70.0000	0.0000	1.036879900
260.0000	70.0000	0.0000	1.367354500
270.0000	70.0000	0.0000	0.450889650
280.0000	70.0000	0.0000	0.391763900
290.0000	70.0000	0.0000	0.551548300
300.0000	70.0000	0.0000	0.265265320
310.0000	70.0000	0.0000	0.167870690
320.0000	70.0000	0.0000	0.228899090
330.0000	70.0000	0.0000	0.293395730
340.0000	70.0000	0.0000	0.634288000
350.0000	70.0000	0.0000	2.208346400
360.0000	70.0000	0.0000	1.000000000
0.0000	80.0000	0.0000	0.306172730
10.0000	80.0000	0.0000	0.804644800
20.0000	80.0000	0.0000	1.122282400
30.0000	80.0000	0.0000	0.332144600
40.0000	80.0000	0.0000	0.448648930
50.0000	80.0000	0.0000	0.356306500
60.0000	80.0000	0.0000	0.366754740
70.0000	80.0000	0.0000	0.230067420
80.0000	80.0000	0.0000	0.092806980
90.0000	80.0000	0.0000	0.219942080
100.0000	80.0000	0.0000	0.542144600
110.0000	80.0000	0.0000	0.348616660
120.0000	80.0000	0.0000	0.222080980
130.0000	80.0000	0.0000	0.458336950
140.0000	80.0000	0.0000	0.538494400
150.0000	80.0000	0.0000	0.797490300
160.0000	80.0000	0.0000	1.604188700
170.0000	80.0000	0.0000	1.927557600
180.0000	80.0000	0.0000	2.784740400
190.0000	80.0000	0.0000	3.965860100
200.0000	80.0000	0.0000	1.152241000
210.0000	80.0000	0.0000	1.005481000
220.0000	80.0000	0.0000	0.627154230
230.0000	80.0000	0.0000	0.140280010
240.0000	80.0000	0.0000	0.368378100
250.0000	80.0000	0.0000	0.763446700
260.0000	80.0000	0.0000	0.595767600
270.0000	80.0000	0.0000	0.670666460
280.0000	80.0000	0.0000	0.689239100
290.0000	80.0000	0.0000	0.745238000
300.0000	80.0000	0.0000	0.320039900
310.0000	80.0000	0.0000	0.535198750
320.0000	80.0000	0.0000	0.840324460
330.0000	80.0000	0.0000	1.076529400
340.0000	80.0000	0.0000	1.037601000
350.0000	80.0000	0.0000	1.242648100
360.0000	80.0000	0.0000	1.000000000
0.0000	90.0000	0.0000	5.718337500
10.0000	90.0000	0.0000	2.404631900
20.0000	90.0000	0.0000	2.016241000
30.0000	90.0000	0.0000	0.375244470
40.0000	90.0000	0.0000	0.658579900
50.0000	90.0000	0.0000	0.924887540
60.0000	90.0000	0.0000	0.542806000
70.0000	90.0000	0.0000	0.258947370
80.0000	90.0000	0.0000	0.120965340
90.0000	90.0000	0.0000	0.433218540
100.0000	90.0000	0.0000	0.872691800
110.0000	90.0000	0.0000	0.373782300
120.0000	90.0000	0.0000	0.237643750
130.0000	90.0000	0.0000	0.466615170
140.0000	90.0000	0.0000	1.521894500
150.0000	90.0000	0.0000	3.209019000
160.0000	90.0000	0.0000	4.259329300
170.0000	90.0000	0.0000	2.816803200
180.0000	90.0000	0.0000	3.527608000
190.0000	90.0000	0.0000	3.084528000
200.0000	90.0000	0.0000	1.211664900
210.0000	90.0000	0.0000	3.094293800
220.0000	90.0000	0.0000	1.602497000
230.0000	90.0000	0.0000	0.269056050
240.0000	90.0000	0.0000	0.487304360
250.0000	90.0000	0.0000	0.596586500
260.0000	90.0000	0.0000	0.425419700
270.0000	90.0000	0.0000	0.687095340
280.0000	90.0000	0.0000	0.997973100
290.0000	90.0000	0.0000	1.732275700
300.0000	90.0000	0.0000	0.627107300
310.0000	90.0000	0.0000	1.437150400
320.0000	90.0000	0.0000	2.073081000
330.0000	90.0000	0.0000	1.647954100
340.0000	90.0000	0.0000	1.593514300
350.0000	90.0000	0.0000	2.906697300
360.0000	90.0000	0.0000	1.000000000
0.0000	0.0000	10.0000	1.000000000
10.0000	0.0000	10.0000	1.000000000
20.0000	0.0000	10.0000	1.000000000
30.0000	0.0000	10.0000	1.000000000
40.0000	0.0000	10.0000	1.000000000
50.0000	0.0000	10.0000	1.000000000
60.0000	0.0000	10.0000	1.000000000
70.0000	0.0000	10.0000	1.000000000
80.0000	0.0000	10.0000	1.000000000
90.0000	0.0000	10.0000	1.000000000
100.0000	0.0000	10.0000	1.000000000
110.0000	0.0000	10.0000	1.000000000
120.0000	0.0000	10.0000	1.000000000
130.0000	0.0000	10.0000	1.000000000
140.0000	0.0000	10.0000	1.000000000
150.0000	0.0000	10.0000	1.000000000
160.0000	0.0000	10.0000	1.000000000
170.0000	0.0000	10.0000	1.000000000
180.0000	0.0000	10.0000	1.000000000
190.0000	0.0000	10.0000	1.000000000
200.0000	0.0000	10.0000	1.000000000
210.0000	0.0000	10.0000	1.000000000
220.0000	0.0000	10.0000	1.000000000
230.0000	0.0000	10.0000	1.000000000
240.0000	0.0000	10.0000	1.000000000
250.0000	0.0000	10.0000	1.000000000
260.0000	0.0000	10.0000	1.000000000
270.0000	0.0000	10.0000	1.000000000
280.0000	0.0000	10.0000	1.000000000
290.0000	0.0000	10.0000	1.000000000
300.0000	0.0000	10.0000	1.000000000
310.0000	0.0000	10.0000	1.000000000
320.0000	0.0000	10.0000	1.000000000
330.0000	0.0000	10.0000	1.000000000
340.0000	0.0000	10.0000	1.000000000
350.0000	0.0000	10.0000	1.000000000
360.0000	0.0000	10.0000	1.000000000
0.0000	10.0000	10.0000	0.738716900
10.0000	10.0000	10.0000	0.733136900
20.0000	10.0000	10.0000	1.795553200
30.0000	10.0000	10.0000	0.420350100
40.0000	10.0000	10.0000	0.830273450
50.0000	10.0000	10.0000	1.286283600
60.0000	10.0000	10.0000	2.271443600
70.0000	10.0000	10.0000	1.096847500
80.0000	10.0000	10.0000	0.235378980
90.0000	10.0000	10.0000	0.843764960
100.0000	10.0000	10.0000	1.487910900
110.0000	10.0000	10.0000	2.335276000
120.0000	10.0000	10.0000	2.973908700
130.0000	10.0000	10.0000	1.950627000
140.0000	10.0000	10.0000	0.732185240
150.0000	10.0000	10.0000	0.356575200
160.0000	10.0000	10.0000	1.489304800
170.0000	10.0000	10.0000	2.510730300
180.0000	10.0000	10.0000	1.885132700
190.0000	10.0000	10.0000	2.552311400
200.0000	10.0000	10.0000	1.060255800
210.0000	10.0000	10.0000	0.214738710
220.0000	10.0000	10.0000	1.565380800
230.0000	10.0000	10.0000	1.013690400
240.0000	10.0000	10.0000	0.633937200
250.0000	10.0000	10.0000	0.503860950
260.0000	10.0000	10.0000	0.111908760
270.0000	10.0000	10.0000	1.089180400
280.0000	10.0000	10.0000	1.893652400
290.0000	10.0000	10.0000	1.802202600
300.0000	10.0000	10.0000	1.927506800
310.0000	10.0000	10.0000	1.723114100
320.0000	10.0000	10.0000	0.853965900
330.0000	10.0000	10.0000	0.508962800
340.0000	10.0000	10.0000	2.928105600
350.0000	10.0000	10.0000	4.831689000
360.0000	10.0000	10.0000	1.000000000
0.0000	20.0000	10.0000	2.252308400
10.0000	20.0000	10.0000	1.835639800
20.0000	20.0000	10.0000	0.236254770
30.0000	20.0000	10.0000	0.103361934
40.0000	20.0000	10.0000	0.363438500
50.0000	20.0000	10.0000	1.338601700
60.0000	20.0000	10.0000	1.144083300
70.0000	20.0000	10.0000	0.325952770
80.0000	20.0000	10.0000	0.256637200
90.0000	20.0000	10.0000	0.405402060
100.0000	20.0000	10.0000	1.081099500
110.0000	20.0000	10.0000	1.231979500
120.0000	20.0000	10.0000	0.760096850
130.0000	20.0000	10.0000	0.337625440
140.0000	20.0000	10.0000	0.091153690
150.0000	20.0000	10.0000	0.071279580
160.0000	20.0000	10.0000	0.612642800
170.0000	20.0000	10.0000	1.190784200
180.0000	20.0000	10.0000	0.830111300
190.0000	20.0000	10.0000	1.575850500
200.0000	20.0000	10.0000	0.262822000
210.0000	20.0000	10.0000	0.195057750
220.0000	20.0000	10.0000	0.585593700
230.0000	20.0000	10.0000	1.231073000
240.0000	20.0000	10.0000	1.078263400
250.0000	20.0000	10.0000	0.968816460
260.0000	20.0000	10.0000	0.447247300
270.0000	20.0000	10.0000	0.303635980
280.0000	20.0000	10.0000	0.881300450
290.0000	20.0000	10.0000	1.012966300
300.0000	20.0000	10.0000	0.524055700
310.0000	20.0000	10.0000	0.584900140
320.0000	20.0000	10.0000	0.221436250
330.0000	20.0000	10.0000	0.052318520
340.0000	20.0000	10.0000	0.457011670
350.0000	20.0000	10.0000	0.654711000
360.0000	20.0000	10.0000	1.000000000
0.0000	30.0000	10.0000	1.406404600
10.0000	30.0000	10.0000	0.787217600
20.0000	30.0000	10.0000	0.058018424
30.0000	30.0000	10.0000	0.217931140
40.0000	30.0000	10.0000	0.955942800
50.0000	30.0000	10.0000	1.822740100
60.0000	30.0000	10.0000	1.007780000
70.0000	30.0000	10.0000	0.556625070
80.0000	30.0000	10.0000	0.660055100
90.0000	30.0000	10.0000	0.607252200
100.0000	30.0000	10.0000	1.222368200
110.0000	30.0000	10.0000	1.758684400
120.0000	30.0000	10.0000	1.976302500
130.0000	30.0000	10.0000	0.665148500
140.0000	30.0000	10.0000	0.129617050
150.0000	30.0000	10.0000	0.209159510
160.0000	30.0000	10.0000	1.909457100
170.0000	30.0000	10.0000	3.116767200
180.0000	30.0000	10.0000	1.795805600
190.0000	30.0000	10.0000	0.412809500
200.0000	30.0000	10.0000	0.058149137
210.0000	30.0000	10.0000	0.213202910
220.0000	30.0000	10.0000	0.848755700
230.0000	30.0000	10.0000	1.608932100
240.0000	30.0000	10.0000	1.011378600
250.0000	30.0000	10.0000	0.589132500
260.0000	30.0000	10.0000	0.636550500
270.0000	30.0000	10.0000	0.397174980
280.0000	30.0000	10.0000	0.636258840
290.0000	30.0000	10.0000	3.146786200
300.0000	30.0000	10.0000	1.784016800
310.0000	30.0000	10.0000	1.201733800
320.0000	30.0000	10.0000	0.311861130
330.0000	30.0000	10.0000	0.185716660
340.0000	30.0000	10.0000	0.368871060
350.0000	30.0000	10.0000	0.809718850
360.0000	30.0000	10.0000	1.000000000
0.0000	40.0000	10.0000	0.247193660
10.0000	40.0000	10.0000	0.178721350
20.0000	40.0000	10.0000	0.050970680
30.0000	40.0000	10.0000	0.351273240
40.0000	40.0000	10.0000	1.257516000
50.0000	40.0000	10.0000	0.883841160
60.0000	40.0000	10.0000	0.549166600
70.0000	40.0000	10.0000	0.473365550
80.0000	40.0000	10.0000	0.405650600
90.0000	40.0000	10.0000	0.706180800
100.0000	40.0000	10.0000	1.267185700
110.0000	40.0000	10.0000	1.282789700
120.0000	40.0000	10.0000	0.868084850
130.0000	40.0000	10.0000	0.531433340
140.0000	40.0000	10.0000	0.444214760
150.0000	40.0000	10.0000	0.492346170
160.0000	40.0000	10.0000	1.510498300
170.0000	40.0000	10.0000	0.892766540
180.0000	40.0000	10.0000	1.437799200
190.0000	40.0000	10.0000	0.626764360
200.0000	40.0000	10.0000	0.085087800
210.0000	40.0000	10.0000	0.486852740
220.0000	40.0000	10.0000	1.563569000
230.0000	40.0000	10.0000	1.741419800
240.0000	40.0000	10.0000	0.745820300
250.0000	40.0000	10.0000	0.362374840
260.0000	40.0000	10.0000	0.358569230
270.0000	40.0000	10.0000	0.317625640
280.0000	40.0000	10.0000	0.393744680
290.0000	40.0000	10.0000	1.046237500
300.0000	40.0000	10.0000	1.218741500
310.0000	40.0000	10.0000	0.892105200
320.0000	40.0000	10.0000	0.479202400
330.0000	40.0000	10.0000	0.723244200
340.0000	40.0000	10.0000	2.101602800
350.0000	40.0000	10.0000	1.142536000
360.0000	40.0000	10.0000	1.000000000
0.0000	50.0000	10.0000	1.303123000
10.0000	50.0000	10.0000	0.578914640
20.0000	50.0000	10.0000	0.145383400
30.0000	50.0000	10.0000	0.447426050
40.0000	50.0000	10.0000	0.700019000
50.0000	50.0000	10.0000	0.437593760
60.0000	50.0000	10.0000	0.164347100
70.0000	50.0000	10.0000	0.214250490
80.0000	50.0000	10.0000	0.681183760
90.0000	50.0000	10.0000	1.036201600
100.0000	50.0000	10.0000	0.621148600
110.0000	50.0000	10.0000	0.561676260
120.0000	50.0000	10.0000	0.488839200
130.0000	50.0000	10.0000	0.488805470
140.0000	50.0000	10.0000	0.729405100
150.0000	50.0000	10.0000	0.444767100
160.0000	50.0000	10.0000	0.343534740
170.0000	50.0000	10.0000	0.494146400
180.0000	50.0000	10.0000	1.017379500
190.0000	50.0000	10.0000	0.419059300
200.0000	50.0000	10.0000	0.143909080
210.0000	50.0000	10.0000	0.561913200
220.0000	50.0000	10.0000	1.090803400
230.0000	50.0000	10.0000	1.153491400
240.0000	50.0000	10.0000	0.988426400
250.0000	50.0000	10.0000	1.200963400
260.0000	50.0000	10.0000	0.539079250
270.0000	50.0000	10.0000	0.403178330
280.0000	50.0000	10.0000	0.578566300
290.0000	50.0000	10.0000	0.677275500
300.0000	50.0000	10.0000	0.595158160
310.0000	50.0000	10.0000	0.512271400
320.0000	50.0000	10.0000	0.381973920
330.0000	50.0000	10.0000	0.589151860
340.0000	50.0000	10.0000	0.928083700
350.0000	50.0000	10.0000	0.534009200
360.0000	50.0000	10.0000	1.000000000
0.0000	60.0000	10.0000	0.596587000
10.0000	60.0000	10.0000	0.370973900
20.0000	60.0000	10.0000	0.417299420
30.0000	60.0000	10.0000	0.607455500
40.0000	60.0000	10.0000	0.500001900
50.0000	60.0000	10.0000	0.525244000
60.0000	60.0000	10.0000	0.291271800
70.0000	60.0000	10.0000	0.400462800
80.0000	60.0000	10.0000	0.827378330
90.0000	60.0000	10.0000	0.388221830
100.0000	60.0000	10.0000	0.254621620
110.0000	60.0000	10.0000	0.582318500
120.0000	60.0000	10.0000	0.508971630
130.0000	60.0000	10.0000	0.268265100
140.0000	60.0000	10.0000	0.274569960
150.0000	60.0000	10.0000	0.333445280
160.0000	60.0000	10.0000	0.429832280
170.0000	60.0000	10.0000	1.017324900
180.0000	60.0000	10.0000	1.196074200
190.0000	60.0000	10.0000	0.508895300
200.0000	60.0000	10.0000	0.279605100
210.0000	60.0000	10.0000	0.611763000
220.0000	60.0000	10.0000	0.925875250
230.0000	60.0000	10.0000	1.229286000
240.0000	60.0000	10.0000	0.932433000
250.0000	60.0000	10.0000	1.563395000
260.0000	60.0000	10.0000	1.232202800
270.0000	60.0000	10.0000	0.621358340
280.0000	60.0000	10.0000	0.468628820
290.0000	60.0000	10.0000	0.328800860
300.0000	60.0000	10.0000	0.223988070
310.0000	60.0000	10.0000	0.199925360
320.0000	60.0000	10.0000	0.298558320
330.0000	60.0000	10.0000	0.415726040
340.0000	60.0000	10.0000	0.779513960
350.0000	60.0000	10.0000	1.711841300
360.0000	60.0000	10.0000	1.000000000
0.0000	70.0000	10.0000	1.257948000
10.0000	70.0000	10.0000	0.709490000
20.0000	70.0000	10.0000	0.358836020
30.0000	70.0000	10.0000	0.404931500
40.0000	70.0000	10.0000	0.464036460
50.0000	70.0000	10.0000	0.578727660
60.0000	70.0000	10.0000	0.543744400
70.0000	70.0000	10.0000	0.520228200
80.0000	70.0000	10.0000	0.198301800
90.0000	70.0000	10.0000	0.122351550
100.0000	70.0000	10.0000	0.217247100
110.0000	70.0000	10.0000	0.436006100
120.0000	70.0000	10.0000	0.372062200
130.0000	70.0000	10.0000	0.243694410
140.0000	70.0000	10.0000	0.201530400
150.0000	70.0000	10.0000	0.359192580
160.0000	70.0000	10.0000	0.942097900
170.0000	70.0000	10.0000	1.005644700
180.0000	70.0000	10.0000	0.784377630
190.0000	70.0000	10.0000	1.058949400
200.0000	70.0000	10.0000	0.854653660
210.0000	70.0000	10.0000	0.684770350
220.0000	70.0000	10.0000	0.665042600
230.0000	70.0000	10.0000	0.565738800
240.0000	70.0000	10.0000	0.342210200
250.0000	70.0000	10.0000	0.539212700
260.0000	70.0000	10.0000	0.491799400
270.0000	70.0000	10.0000	0.347517550
280.0000	70.0000	10.0000	0.303358020
290.0000	70.0000	10.0000	0.264827640
300.0000	70.0000	10.0000	0.231743430
310.0000	70.0000	10.0000	0.206124100
320.0000	70.0000	10.0000	0.326998860
330.0000	70.0000	10.0000	0.508156400
340.0000	70.0000	10.0000	0.820228200
350.0000	70.0000	10.0000	1.758245500
360.0000	70.0000	10.0000	1.000000000
0.0000	80.0000	10.0000	0.200535800
10.0000	80.0000	10.0000	0.372099400
20.0000	80.0000	10.0000	0.769349100
30.0000	80.0000	10.0000	0.456202700
40.0000	80.0000	10.0000	0.521953170
50.0000	80.0000	10.0000	0.390253100
60.0000	80.0000	10.0000	0.339093000
70.0000	80.0000	10.0000	0.385748920
80.0000	80.0000	10.0000	0.352906600
90.0000	80.0000	10.0000	0.342202070
100.0000	80.0000	10.0000	0.365666800
110.0000	80.0000	10.0000	0.435167550
120.0000	80.0000	10.0000	0.367365450
130.0000	80.0000	10.0000	0.304106770
140.0000	80.0000	10.0000	0.415721920
150.0000	80.0000	10.0000	0.768933240
160.0000	80.0000	10.0000	2.069875700
170.0000	80.0000	10.0000	2.962273100
180.0000	80.0000	10.0000	2.755348400
190.0000	80.0000	10.0000	3.296752000
200.0000	80.0000	10.0000	2.012939200
210.0000	80.0000	10.0000	1.250484300
220.0000	80.0000	10.0000	0.572482050
230.0000	80.0000	10.0000	0.248434700
240.0000	80.0000	10.0000	0.271303900
250.0000	80.0000	10.0000	0.396680560
260.0000	80.0000	10.0000	0.336904470
270.0000	80.0000	10.0000	0.414153370
280.0000	80.0000	10.0000	0.530442660
290.0000	80.0000	10.0000	0.567970340
300.0000	80.0000	10.0000	0.273258840
310.0000	80.0000	10.0000	0.325256760
320.0000	80.0000	10.0000	0.579941700
330.0000	80.0000	10.0000	0.689805900
340.0000	80.0000	10.0000	0.860844900
350.0000	80.0000	10.0000	1.597030800
360.0000	80.0000	10.0000	1.000000000
0.0000	90.0000	10.0000	4.832801000
10.0000	90.0000	10.0000	1.895650400
20.0000	90.0000	10.0000	2.238308000
30.0000	90.0000	10.0000	0.635589400
40.0000	90.0000	10.0000	0.635731400
50.0000	90.0000	10.0000	0.272264900
60.0000	90.0000	10.0000	0.142086030
70.0000	90.0000	10.0000	0.288992300
80.0000	90.0000	10.0000	0.451787380
90.0000	90.0000	10.0000	0.738577540
100.0000	90.0000	10.0000	0.461635400
110.0000	90.0000	10.0000	0.877195500
120.0000	90.0000	10.0000	0.560746700
130.0000	90.0000	10.0000	0.403929770
140.0000	90.0000	10.0000	0.771695850
150.0000	90.0000	10.0000	1.613831400
160.0000	90.0000	10.0000	4.479152000
170.0000	90.0000	10.0000	5.055741000
180.0000	90.0000	10.0000	4.739887000
190.0000	90.0000	10.0000	4.942671000
200.0000	90.0000	10.0000	1.933423800
210.0000	90.0000	10.0000	1.841698500
220.0000	90.0000	10.0000	0.662156000
230.0000	90.0000	10.0000	0.214857440
240.0000	90.0000	10.0000	0.375528300
250.0000	90.0000	10.0000	0.428499730
260.0000	90.0000	10.0000	0.464991840
270.0000	90.0000	10.0000	0.548159600
280.0000	90.0000	10.0000	0.649153100
290.0000	90.0000	10.0000	1.527293600
300.0000	90.0000	10.0000	0.360155580
310.0000	90.0000	10.0000	0.461102780
320.0000	90.0000	10.0000	0.964908900
330.0000	90.0000	10.0000	0.917362750
340.0000	90.0000	10.0000	1.420320000
350.0000	90.0000	10.0000	2.873246400
360.0000	90.0000	10.0000	1.000000000
0.0000	0.0000	20.0000	1.000000000
10.0000	0.0000	20.0000	1.000000000
20.0000	0.0000	20.0000	1.000000000
30.0000	0.0000	20.0000	1.000000000
40.0000	0.0000	20.0000	1.000000000
50.0000	0.0000	20.0000	1.000000000
60.0000	0.0000	20.0000	1.000000000
70.0000	0.0000	20.0000	1.000000000
80.0000	0.0000	20.0000	1.000000000
90.0000	0.0000	20.0000	1.000000000
100.0000	0.0000	20.0000	1.000000000
110.0000	0.0000	20.0000	1.000000000
120.0000	0.0000	20.0000	1.000000000
130.0000	0.0000	20.0000	1.000000000
140.0000	0.0000	20.0000	1.000000000
150.0000	0.0000	20.0000	1.000000000
160.0000	0.0000	20.0000	1.000000000
170.0000	0.0000	20.0000	1.000000000
180.0000	0.0000	20.0000	1.000000000
190.0000	0.0000	20.0000	1.000000000
200.0000	0.0000	20.0000	1.000000000
210.0000	0.0000	20.0000	1.000000000
220.0000	0.0000	20.0000	1.000000000
230.0000	0.0000	20.0000	1.000000000
240.0000	0.0000	20.0000	1.000000000
250.0000	0.0000	20.0000	1.000000000
260.0000	0.0000	20.0000	1.000000000
270.0000	0.0000	20.0000	1.000000000
280.0000	0.0000	20.0000	1.000000000
290.0000	0.0000	20.0000	1.000000000
300.0000	0.0000	20.0000	1.000000000
310.0000	0.0000	20.0000	1.000000000
320.0000	0.0000	20.0000	1.000000000
330.0000	0.0000	20.0000	1.000000000
340.0000	0.0000	20.0000	1.000000000
350.0000	0.0000	20.0000	1.000000000
360.0000	0.0000	20.0000	1.000000000
0.0000	10.0000	20.0000	0.665707050
10.0000	10.0000	20.0000	0.517035900
20.0000	10.0000	20.0000	3.165622200
30.0000	10.0000	20.0000	0.235028950
40.0000	10.0000	20.0000	0.384338260
50.0000	10.0000	20.0000	1.520772800
60.0000	10.0000	20.0000	0.787828270
70.0000	10.0000	20.0000	0.159842660
80.0000	10.0000	20.0000	0.600705100
90.0000	10.0000	20.0000	1.078123500
100.0000	10.0000	20.0000	0.703099900
110.0000	10.0000	20.0000	0.747072300
120.0000	10.0000	20.0000	0.190583380
130.0000	10.0000	20.0000	0.064011544
140.0000	10.0000	20.0000	0.229700270
150.0000	10.0000	20.0000	0.193109140
160.0000	10.0000	20.0000	1.444768800
170.0000	10.0000	20.0000	4.292687000
180.0000	10.0000	20.0000	1.263377700
190.0000	10.0000	20.0000	1.203298400
200.0000	10.0000	20.0000	3.370802000
210.0000	10.0000	20.0000	0.446170360
220.0000	10.0000	20.0000	0.414883640
230.0000	10.0000	20.0000	0.651407960
240.0000	10.0000	20.0000	0.723520930
250.0000	10.0000	20.0000	0.380307200
260.0000	10.0000	20.0000	0.202319300
270.0000	10.0000	20.0000	0.445207060
280.0000	10.0000	20.0000	0.915432900
290.0000	10.0000	20.0000	1.258349200
300.0000	10.0000	20.0000	0.282535550
310.0000	10.0000	20.0000	0.099856354
320.0000	10.0000	20.0000	0.284411730
330.0000	10.0000	20.0000	0.358361700
340.0000	10.0000	20.0000	3.111102000
350.0000	10.0000	20.0000	6.775188000
360.0000	10.0000	20.0000	1.000000000
0.0000	20.0000	20.0000	1.970788400
10.0000	20.0000	20.0000	1.376557500
20.0000	20.0000	20.0000	0.585297900
30.0000	20.0000	20.0000	0.393741220
40.0000	20.0000	20.0000	0.648585000
50.0000	20.0000	20.0000	1.367603900
60.0000	20.0000	20.0000	0.632696700
70.0000	20.0000	20.0000	0.250320080
80.0000	20.0000	20.0000	0.386637150
90.0000	20.0000	20.0000	1.048144000
100.0000	20.0000	20.0000	2.369331000
110.0000	20.0000	20.0000	2.009624200
120.0000	20.0000	20.0000	0.343799680
130.0000	20.0000	20.0000	0.089357100
140.0000	20.0000	20.0000	0.153017360
150.0000	20.0000	20.0000	0.312820670
160.0000	20.0000	20.0000	0.681427360
170.0000	20.0000	20.0000	1.428520400
180.0000	20.0000	20.0000	0.536615800
190.0000	20.0000	20.0000	0.997115250
200.0000	20.0000	20.0000	0.920514000
210.0000	20.0000	20.0000	0.367192200
220.0000	20.0000	20.0000	0.572033800
230.0000	20.0000	20.0000	1.570278800
240.0000	20.0000	20.0000	0.930062600
250.0000	20.0000	20.0000	0.655639400
260.0000	20.0000	20.0000	0.388899480
270.0000	20.0000	20.0000	0.575449800
280.0000	20.0000	20.0000	1.422654400
290.0000	20.0000	20.0000	0.940344330
300.0000	20.0000	20.0000	0.373863900
310.0000	20.0000	20.0000	0.159781320
320.0000	20.0000	20.0000	0.126921850
330.0000	20.0000	20.0000	0.176286460
340.0000	20.0000	20.0000	0.849324600
350.0000	20.0000	20.0000	0.949440060
360.0000	20.0000	20.0000	1.000000000
0.0000	30.0000	20.0000	0.883228100
10.0000	30.0000	20.0000	0.643639900
20.0000	30.0000	20.0000	0.295120120
30.0000	30.0000	20.0000	0.596829830
40.0000	30.0000	20.0000	0.827222650
50.0000	30.0000	20.0000	0.481664420
60.0000	30.0000	20.0000	0.332377050
70.0000	30.0000	20.0000	0.440034630
80.0000	30.0000	20.0000	0.573000600
90.0000	30.0000	20.0000	0.615011330
100.0000	30.0000	20.0000	1.164458800
110.0000	30.0000	20.0000	1.196983100
120.0000	30.0000	20.0000	0.731172600
130.0000	30.0000	20.0000	0.498752270
140.0000	30.0000	20.0000	0.538589950
150.0000	30.0000	20.0000	1.695419200
160.0000	30.0000	20.0000	2.886045000
170.0000	30.0000	20.0000	2.862427200
180.0000	30.0000	20.0000	1.114868500
190.0000	30.0000	20.0000	0.388733570
200.0000	30.0000	20.0000	0.337457100
210.0000	30.0000	20.0000	0.607758160
220.0000	30.0000	20.0000	1.611412300
230.0000	30.0000	20.0000	1.542347400
240.0000	30.0000	20.0000	1.001697900
250.0000	30.0000	20.0000	0.752478500
260.0000	30.0000	20.0000	0.691987900
270.0000	30.0000	20.0000	0.550383600
280.0000	30.0000	20.0000	0.762345600
290.0000	30.0000	20.0000	1.188227400
300.0000	30.0000	20.0000	0.689909700
310.0000	30.0000	20.0000	0.368251140
320.0000	30.0000	20.0000	0.245421140
330.0000	30.0000	20.0000	0.233922690
340.0000	30.0000	20.0000	0.243432450
350.0000	30.0000	20.0000	0.895432900
360.0000	30.0000	20.0000	1.000000000
0.0000	40.0000	20.0000	0.177661840
10.0000	40.0000	20.0000	0.181109230
20.0000	40.0000	20.0000	0.219946940
30.0000	40.0000	20.0000	0.642182350
40.0000	40.0000	20.0000	1.153564500
50.0000	40.0000	20.0000	0.498277570
60.0000	40.0000	20.0000	0.235665620
70.0000	40.0000	20.0000	0.362242520
80.0000	40.0000	20.0000	0.363609430
90.0000	40.0000	20.0000	0.457401480
100.0000	40.0000	20.0000	0.800692560
110.0000	40.0000	20.0000	0.697544800
120.0000	40.0000	20.0000	0.723801200
130.0000	40.0000	20.0000	0.820598070
140.0000	40.0000	20.0000	0.552760800
150.0000	40.0000	20.0000	1.069013600
160.0000	40.0000	20.0000	1.445415100
170.0000	40.0000	20.0000	0.812839150
180.0000	40.0000	20.0000	0.912021600
190.0000	40.0000	20.0000	0.498057900
200.0000	40.0000	20.0000	0.373581400
210.0000	40.0000	20.0000	1.340109200
220.0000	40.0000	20.0000	2.494273000
230.0000	40.0000	20.0000	1.306933800
240.0000	40.0000	20.0000	0.738386150
250.0000	40.0000	20.0000	0.679868940
260.0000	40.0000	20.0000	0.562427900
270.0000	40.0000	20.0000	0.507220860
280.0000	40.0000	20.0000	0.576338000
290.0000	40.0000	20.0000	1.272288800
300.0000	40.0000	20.0000	0.836797900
310.0000	40.0000	20.0000	0.897357340
320.0000	40.0000	20.0000	0.623540400
330.0000	40.0000	20.0000	0.638800560
340.0000	40.0000	20.0000	0.980843660
350.0000	40.0000	20.0000	1.114095200
360.0000	40.0000	20.0000	1.000000000
0.0000	50.0000	20.0000	1.073033700
10.0000	50.0000	20.0000	0.674308500
20.0000	50.0000	20.0000	0.523801700
30.0000	50.0000	20.0000	0.862753100
40.0000	50.0000	20.0000	1.724684000
50.0000	50.0000	20.0000	1.494306000
60.0000	50.0000	20.0000	0.871390900
70.0000	50.0000	20.0000	0.596341800
80.0000	50.0000	20.0000	0.668834030
90.0000	50.0000	20.0000	0.800932200
100.0000	50.0000	20.0000	0.813236060
110.0000	50.0000	20.0000	0.718636900
120.0000	50.0000	20.0000	0.420541020
130.0000	50.0000	20.0000	0.538790900
140.0000	50.0000	20.0000	0.529539600
150.0000	50.0000	20.0000	0.549230460
160.0000	50.0000	20.0000	0.408983920
170.0000	50.0000	20.0000	0.782194700
180.0000	50.0000	20.0000	0.868825100
190.0000	50.0000	20.0000	0.509616300
200.0000	50.0000	20.0000	0.712038000
210.0000	50.0000	20.0000	1.613162000
220.0000	50.0000	20.0000	1.630497900
230.0000	50.0000	20.0000	0.857867540
240.0000	50.0000	20.0000	0.836765770
250.0000	50.0000	20.0000	0.769854900
260.0000	50.0000	20.0000	0.534508940
270.0000	50.0000	20.0000	0.479773500
280.0000	50.0000	20.0000	0.699662700
290.0000	50.0000	20.0000	0.802883150
300.0000	50.0000	20.0000	0.889921700
310.0000	50.0000	20.0000	0.500984670
320.0000	50.0000	20.0000	0.452234660
330.0000	50.0000	20.0000	0.685035700
340.0000	50.0000	20.0000	0.687843740
350.0000	50.0000	20.0000	0.939105450
360.0000	50.0000	20.0000	1.000000000
0.0000	60.0000	20.0000	0.415520520
10.0000	60.0000	20.0000	0.332739980
20.0000	60.0000	20.0000	0.610740700
30.0000	60.0000	20.0000	0.582604170
40.0000	60.0000	20.0000	0.806708300
50.0000	60.0000	20.0000	1.266988400
60.0000	60.0000	20.0000	0.869990770
70.0000	60.0000	20.0000	1.890292300
80.0000	60.0000	20.0000	1.325569500
90.0000	60.0000	20.0000	0.244299310
100.0000	60.0000	20.0000	0.220690500
110.0000	60.0000	20.0000	0.323675500
120.0000	60.0000	20.0000	0.251642550
130.0000	60.0000	20.0000	0.431895800
140.0000	60.0000	20.0000	0.870431800
150.0000	60.0000	20.0000	1.117999300
160.0000	60.0000	20.0000	1.016708600
170.0000	60.0000	20.0000	2.228423000
180.0000	60.0000	20.0000	1.103835000
190.0000	60.0000	20.0000	0.612810250
200.0000	60.0000	20.0000	0.969127000
210.0000	60.0000	20.0000	1.063103300
220.0000	60.0000	20.0000	1.573754500
230.0000	60.0000	20.0000	1.604623000
240.0000	60.0000	20.0000	0.997289900
250.0000	60.0000	20.0000	1.241491400
260.0000	60.0000	20.0000	1.024407100
270.0000	60.0000	20.0000	0.442525420
280.0000	60.0000	20.0000	0.264670800
290.0000	60.0000	20.0000	0.335947720
300.0000	60.0000	20.0000	0.410120600
310.0000	60.0000	20.0000	0.302458300
320.0000	60.0000	20.0000	0.549084800
330.0000	60.0000	20.0000	0.854491950
340.0000	60.0000	20.0000	0.744377400
350.0000	60.0000	20.0000	1.344972100
360.0000	60.0000	20.0000	1.000000000
0.0000	70.0000	20.0000	0.768381900
10.0000	70.0000	20.0000	0.446285100
20.0000	70.0000	20.0000	0.500915050
30.0000	70.0000	20.0000	0.591902260
40.0000	70.0000	20.0000	0.735183800
50.0000	70.0000	20.0000	0.907827800
60.0000	70.0000	20.0000	0.605911800
70.0000	70.0000	20.0000	1.429279700
80.0000	70.0000	20.0000	0.504623060
90.0000	70.0000	20.0000	0.077081695
100.0000	70.0000	20.0000	0.078530680
110.0000	70.0000	20.0000	0.143840760
120.0000	70.0000	20.0000	0.204541310
130.0000	70.0000	20.0000	0.304724800
140.0000	70.0000	20.0000	0.662973340
150.0000	70.0000	20.0000	1.283596900
160.0000	70.0000	20.0000	2.640394200
170.0000	70.0000	20.0000	3.649736400
180.0000	70.0000	20.0000	1.056336600
190.0000	70.0000	20.0000	1.025451500
200.0000	70.0000	20.0000	1.240877600
210.0000	70.0000	20.0000	0.762794850
220.0000	70.0000	20.0000	1.117412100
230.0000	70.0000	20.0000	1.036185600
240.0000	70.0000	20.0000	0.365475600
250.0000	70.0000	20.0000	0.628042460
260.0000	70.0000	20.0000	0.470002230
270.0000	70.0000	20.0000	0.207377910
280.0000	70.0000	20.0000	0.139203060
290.0000	70.0000	20.0000	0.167201240
300.0000	70.0000	20.0000	0.474926700
310.0000	70.0000	20.0000	0.932126340
320.0000	70.0000	20.0000	1.200738100
330.0000	70.0000	20.0000	1.170769600
340.0000	70.0000	20.0000	1.394261100
350.0000	70.0000	20.0000	3.013319500
360.0000	70.0000	20.0000	1.000000000
0.0000	80.0000	20.0000	0.282563700
10.0000	80.0000	20.0000	0.413394720
20.0000	80.0000	20.0000	1.146480900
30.0000	80.0000	20.0000	0.757362250
40.0000	80.0000	20.0000	0.716710870
50.0000	80.0000	20.0000	0.421516120
60.0000	80.0000	20.0000	0.239502120
70.0000	80.0000	20.0000	0.353733100
80.0000	80.0000	20.0000	0.567515250
90.0000	80.0000	20.0000	0.320893970
100.0000	80.0000	20.0000	0.230307090
110.0000	80.0000	20.0000	0.441556400
120.0000	80.0000	20.0000	0.571601400
130.0000	80.0000	20.0000	0.462223140
140.0000	80.0000	20.0000	0.521341860
150.0000	80.0000	20.0000	0.780540760
160.0000	80.0000	20.0000	3.023752700
170.0000	80.0000	20.0000	9.248530000
180.0000	80.0000	20.0000	6.105438000
190.0000	80.0000	20.0000	5.966403500
200.0000	80.0000	20.0000	2.608611000
210.0000	80.0000	20.0000	0.912507060
220.0000	80.0000	20.0000	0.589332400
230.0000	80.0000	20.0000	0.389511170
240.0000	80.0000	20.0000	0.216133250
250.0000	80.0000	20.0000	0.441983430
260.0000	80.0000	20.0000	0.302751840
270.0000	80.0000	20.0000	0.299451140
280.0000	80.0000	20.0000	0.392990230
290.0000	80.0000	20.0000	0.611956100
300.0000	80.0000	20.0000	0.519639550
310.0000	80.0000	20.0000	0.604767800
320.0000	80.0000	20.0000	0.668441500
330.0000	80.0000	20.0000	0.846415760
340.0000	80.0000	20.0000	1.542302400
350.0000	80.0000	20.0000	4.459569000
360.0000	80.0000	20.0000	1.000000000
0.0000	90.0000	20.0000	4.625351400
10.0000	90.0000	20.0000	2.276299700
20.0000	90.0000	20.0000	3.505576000
30.0000	90.0000	20.0000	0.587645100
40.0000	90.0000	20.0000	0.536111530
50.0000	90.0000	20.0000	0.164653080
60.0000	90.0000	20.0000	0.111030890
70.0000	90.0000	20.0000	0.308931680
80.0000	90.0000	20.0000	0.858812870
90.0000	90.0000	20.0000	0.556613450
100.0000	90.0000	20.0000	0.431093720
110.0000	90.0000	20.0000	1.079550900
120.0000	90.0000	20.0000	1.067032000
130.0000	90.0000	20.0000	0.703246900
140.0000	90.0000	20.0000	0.716231640
150.0000	90.0000	20.0000	1.041656700
160.0000	90.0000	20.0000	5.162633000
170.0000	90.0000	20.0000	13.255488000
180.0000	90.0000	20.0000	12.766404000
190.0000	90.0000	20.0000	15.289829000
200.0000	90.0000	20.0000	3.064721000
210.0000	90.0000	20.0000	0.769828860
220.0000	90.0000	20.0000	0.509588840
230.0000	90.0000	20.0000	0.356168870
240.0000	90.0000	20.0000	0.400868180
250.0000	90.0000	20.0000	0.723329250
260.0000	90.0000	20.0000	0.443381430
270.0000	90.0000	20.0000	0.452810940
280.0000	90.0000	20.0000	0.781052230
290.0000	90.0000	20.0000	1.810684100
300.0000	90.0000	20.0000	0.477202980
310.0000	90.0000	20.0000	0.329758020
320.0000	90.0000	20.0000	0.419796970
330.0000	90.0000	20.0000	0.752467330
340.0000	90.0000	20.0000	1.741042300
350.0000	90.0000	20.0000	4.802555000
360.0000	90.0000	20.0000	1.000000000
0.0000	0.0000	30.0000	1.000000000
10.0000	0.0000	30.0000	1.000000000
20.0000	0.0000	30.0000	1.000000000
30.0000	0.0000	30.0000	1.000000000
40.0000	0.0000	30.0000	1.000000000
50.0000	0.0000	30.0000	1.000000000
60.0000	0.0000	30.0000	1.000000000
70.0000	0.0000	30.0000	1.000000000
80.0000	0.0000	30.0000	1.000000000
90.0000	0.0000	30.0000	1.000000000
100.0000	0.0000	30.0000	1.000000000
110.0000	0.0000	30.0000	1.000000000
120.0000	0.0000	30.0000	1.000000000
130.0000	0.0000	30.0000	1.000000000
140.0000	0.0000	30.0000	1.000000000
150.0000	0.0000	30.0000	1.000000000
160.0000	0.0000	30.0000	1.000000000
170.0000	0.0000	30.0000	1.000000000
180.0000	0.0000	30.0000	1.000000000
190.0000	0.0000	30.0000	1.000000000
200.0000	0.0000	30.0000	1.000000000
210.0000	0.0000	30.0000	1.000000000
220.0000	0.0000	30.0000	1.000000000
230.0000	0.0000	30.0000	1.000000000
240.0000	0.0000	30.0000	1.000000000
250.0000	0.0000	30.0000	1.000000000
260.0000	0.0000	30.0000	1.000000000
270.0000	0.0000	30.0000	1.000000000
280.0000	0.0000	30.0000	1.000000000
290.0000	0.0000	30.0000	1.000000000
300.0000	0.0000	30.0000	1.000000000
310.0000	0.0000	30.0000	1.000000000
320.0000	0.0000	30.0000	1.000000000
330.0000	0.0000	30.0000	1.000000000
340.0000	0.0000	30.0000	1.000000000
350.0000	0.0000	30.0000	1.000000000
360.0000	0.0000	30.0000	1.000000000
0.0000	10.0000	30.0000	0.490068850
10.0000	10.0000	30.0000	0.588422500
20.0000	10.0000	30.0000	4.830246400
30.0000	10.0000	30.0000	0.278310300
40.0000	10.0000	30.0000	0.640020850
50.0000	10.0000	30.0000	0.221209690
60.0000	10.0000	30.0000	0.104589320
70.0000	10.0000	30.0000	0.343618870
80.0000	10.0000	30.0000	0.844348850
90.0000	10.0000	30.0000	0.505135000
100.0000	10.0000	30.0000	0.923119600
110.0000	10.0000	30.0000	0.652781250
120.0000	10.0000	30.0000	0.091445840
130.0000	10.0000	30.0000	0.144070520
140.0000	10.0000	30.0000	0.476666870
150.0000	10.0000	30.0000	0.162236180
160.0000	10.0000	30.0000	1.601249700
170.0000	10.0000	30.0000	2.030454900
180.0000	10.0000	30.0000	0.755955500
190.0000	10.0000	30.0000	2.796735000
200.0000	10.0000	30.0000	5.855410600
210.0000	10.0000	30.0000	0.153204890
220.0000	10.0000	30.0000	0.571760240
230.0000	10.0000	30.0000	0.144391500
240.0000	10.0000	30.0000	0.133350720
250.0000	10.0000	30.0000	0.804554900
260.0000	10.0000	30.0000	0.534430000
270.0000	10.0000	30.0000	0.343741330
280.0000	10.0000	30.0000	0.658673600
290.0000	10.0000	30.0000	0.762683900
300.0000	10.0000	30.0000	0.103094906
310.0000	10.0000	30.0000	0.124541340
320.0000	10.0000	30.0000	0.644243900
330.0000	10.0000	30.0000	0.317744600
340.0000	10.0000	30.0000	3.559260600
350.0000	10.0000	30.0000	5.348478000
360.0000	10.0000	30.0000	1.000000000
0.0000	20.0000	30.0000	1.345715800
10.0000	20.0000	30.0000	1.803423200
20.0000	20.0000	30.0000	1.340731100
30.0000	20.0000	30.0000	0.890736800
40.0000	20.0000	30.0000	1.044977500
50.0000	20.0000	30.0000	0.617375850
60.0000	20.0000	30.0000	0.743825600
70.0000	20.0000	30.0000	1.236241500
80.0000	20.0000	30.0000	3.057943800
90.0000	20.0000	30.0000	3.921632300
100.0000	20.0000	30.0000	3.765741300
110.0000	20.0000	30.0000	1.683680300
120.0000	20.0000	30.0000	0.583455740
130.0000	20.0000	30.0000	0.506594000
140.0000	20.0000	30.0000	0.832632700
150.0000	20.0000	30.0000	0.469691250
160.0000	20.0000	30.0000	0.712842600
170.0000	20.0000	30.0000	1.131271400
180.0000	20.0000	30.0000	0.593092400
190.0000	20.0000	30.0000	2.345422700
200.0000	20.0000	30.0000	1.648139200
210.0000	20.0000	30.0000	0.475184560
220.0000	20.0000	30.0000	0.666530670
230.0000	20.0000	30.0000	0.354756650
240.0000	20.0000	30.0000	0.464976130
250.0000	20.0000	30.0000	1.152597000
260.0000	20.0000	30.0000	1.471576900
270.0000	20.0000	30.0000	1.327547400
280.0000	20.0000	30.0000	1.399770700
290.0000	20.0000	30.0000	1.359245200
300.0000	20.0000	30.0000	0.491435380
310.0000	20.0000	30.0000	0.307541220
320.0000	20.0000	30.0000	0.557117000
330.0000	20.0000	30.0000	0.415980900
340.0000	20.0000	30.0000	1.414575200
350.0000	20.0000	30.0000	1.020276200
360.0000	20.0000	30.0000	1.000000000
0.0000	30.0000	30.0000	1.094531900
10.0000	30.0000	30.0000	1.589526700
20.0000	30.0000	30.0000	1.236848100
30.0000	30.0000	30.0000	0.840822100
40.0000	30.0000	30.0000	0.560597660
50.0000	30.0000	30.0000	0.361703300
60.0000	30.0000	30.0000	0.531192200
70.0000	30.0000	30.0000	0.616377900
80.0000	30.0000	30.0000	1.544802400
90.0000	30.0000	30.0000	2.884767800
100.0000	30.0000	30.0000	2.222564500
110.0000	30.0000	30.0000	0.995081300
120.0000	30.0000	30.0000	0.572378930
130.0000	30.0000	30.0000	0.435639380
140.0000	30.0000	30.0000	1.494155600
150.0000	30.0000	30.0000	2.197091000
160.0000	30.0000	30.0000	1.807603200
170.0000	30.0000	30.0000	1.687715800
180.0000	30.0000	30.0000	0.831214130
190.0000	30.0000	30.0000	0.786522400
200.0000	30.0000	30.0000	1.023914600
210.0000	30.0000	30.0000	1.904411100
220.0000	30.0000	30.0000	1.899663100
230.0000	30.0000	30.0000	0.526266630
240.0000	30.0000	30.0000	0.637920740
250.0000	30.0000	30.0000	0.940588600
260.0000	30.0000	30.0000	1.485129200
270.0000	30.0000	30.0000	1.748194300
280.0000	30.0000	30.0000	2.004036700
290.0000	30.0000	30.0000	2.354145300
300.0000	30.0000	30.0000	0.579481840
310.0000	30.0000	30.0000	0.161032140
320.0000	30.0000	30.0000	0.383717980
330.0000	30.0000	30.0000	0.549950300
340.0000	30.0000	30.0000	0.953663350
350.0000	30.0000	30.0000	1.556830300
360.0000	30.0000	30.0000	1.000000000
0.0000	40.0000	30.0000	0.251149400
10.0000	40.0000	30.0000	0.454538820
20.0000	40.0000	30.0000	1.189318800
30.0000	40.0000	30.0000	0.894622860
40.0000	40.0000	30.0000	0.555335400
50.0000	40.0000	30.0000	0.484037700
60.0000	40.0000	30.0000	0.493313460
70.0000	40.0000	30.0000	0.330304700
80.0000	40.0000	30.0000	0.199708970
90.0000	40.0000	30.0000	0.195389960
100.0000	40.0000	30.0000	0.367296100
110.0000	40.0000	30.0000	0.479897350
120.0000	40.0000	30.0000	0.561672500
130.0000	40.0000	30.0000	0.467326000
140.0000	40.0000	30.0000	0.801065740
150.0000	40.0000	30.0000	1.336231600
160.0000	40.0000	30.0000	2.537075000
170.0000	40.0000	30.0000	0.808615270
180.0000	40.0000	30.0000	0.689505100
190.0000	40.0000	30.0000	1.522134200
200.0000	40.0000	30.0000	2.077421400
210.0000	40.0000	30.0000	2.009405100
220.0000	40.0000	30.0000	1.207699200
230.0000	40.0000	30.0000	0.634729440
240.0000	40.0000	30.0000	0.643239560
250.0000	40.0000	30.0000	1.073954600
260.0000	40.0000	30.0000	0.676408700
270.0000	40.0000	30.0000	0.564346430
280.0000	40.0000	30.0000	1.428932400
290.0000	40.0000	30.0000	1.377569600
300.0000	40.0000	30.0000	0.456811850
310.0000	40.0000	30.0000	0.345111280
320.0000	40.0000	30.0000	0.781201800
330.0000	40.0000	30.0000	0.847128450
340.0000	40.0000	30.0000	1.224802500
350.0000	40.0000	30.0000	1.147238600
360.0000	40.0000	30.0000	1.000000000
0.0000	50.0000	30.0000	1.165909200
10.0000	50.0000	30.0000	1.438648800
20.0000	50.0000	30.0000	1.698353300
30.0000	50.0000	30.0000	1.443810900
40.0000	50.0000	30.0000	1.242011300
50.0000	50.0000	30.0000	1.492204700
60.0000	50.0000	30.0000	1.688829100
70.0000	50.0000	30.0000	1.155105500
80.0000	50.0000	30.0000	0.428371900
90.0000	50.0000	30.0000	0.239016320
100.0000	50.0000	30.0000	0.690301500
110.0000	50.0000	30.0000	1.067398700
120.0000	50.0000	30.0000	1.290016400
130.0000	50.0000	30.0000	0.953539400
140.0000	50.0000	30.0000	1.031956000
150.0000	50.0000	30.0000	1.509393300
160.0000	50.0000	30.0000	2.579717400
170.0000	50.0000	30.0000	1.207182200
180.0000	50.0000	30.0000	0.940141740
190.0000	50.0000	30.0000	2.162575500
200.0000	50.0000	30.0000	2.537073100
210.0000	50.0000	30.0000	1.195817500
220.0000	50.0000	30.0000	0.922480050
230.0000	50.0000	30.0000	0.644090300
240.0000	50.0000	30.0000	0.534856740
250.0000	50.0000	30.0000	0.366362240
260.0000	50.0000	30.0000	0.293988230
270.0000	50.0000	30.0000	0.398428560
280.0000	50.0000	30.0000	0.793231900
290.0000	50.0000	30.0000	0.467729000
300.0000	50.0000	30.0000	0.359479930
310.0000	50.0000	30.0000	0.587560000
320.0000	50.0000	30.0000	1.671355100
330.0000	50.0000	30.0000	1.269886400
340.0000	50.0000	30.0000	1.488490900
350.0000	50.0000	30.0000	1.419696000
360.0000	50.0000	30.0000	1.000000000
0.0000	60.0000	30.0000	0.767503260
10.0000	60.0000	30.0000	1.028162100
20.0000	60.0000	30.0000	3.017300000
30.0000	60.0000	30.0000	1.666284800
40.0000	60.0000	30.0000	1.475374700
50.0000	60.0000	30.0000	1.678420900
60.0000	60.0000	30.0000	0.907717760
70.0000	60.0000	30.0000	0.875103800
80.0000	60.0000	30.0000	0.521014800
90.0000	60.0000	30.0000	0.113449950
100.0000	60.0000	30.0000	0.254575400
110.0000	60.0000	30.0000	0.423098980
120.0000	60.0000	30.0000	0.626658860
130.0000	60.0000	30.0000	1.348782800
140.0000	60.0000	30.0000	2.484618000
150.0000	60.0000	30.0000	2.808056400
160.0000	60.0000	30.0000	3.410100200
170.0000	60.0000	30.0000	2.374331500
180.0000	60.0000	30.0000	1.229395600
190.0000	60.0000	30.0000	1.903918700
200.0000	60.0000	30.0000	2.026907700
210.0000	60.0000	30.0000	1.005603300
220.0000	60.0000	30.0000	1.674565800
230.0000	60.0000	30.0000	1.093696000
240.0000	60.0000	30.0000	0.507496300
250.0000	60.0000	30.0000	0.234818160
260.0000	60.0000	30.0000	0.215508610
270.0000	60.0000	30.0000	0.230635180
280.0000	60.0000	30.0000	0.274295000
290.0000	60.0000	30.0000	0.429921900
300.0000	60.0000	30.0000	0.590131040
310.0000	60.0000	30.0000	0.786253800
320.0000	60.0000	30.0000	1.571356300
330.0000	60.0000	30.0000	1.425704200
340.0000	60.0000	30.0000	1.669046300
350.0000	60.0000	30.0000	2.244019500
360.0000	60.0000	30.0000	1.000000000
0.0000	70.0000	30.0000	1.502129000
10.0000	70.0000	30.0000	1.824101300
20.0000	70.0000	30.0000	3.664138600
30.0000	70.0000	30.0000	1.705693800
40.0000	70.0000	30.0000	1.196865300
50.0000	70.0000	30.0000	1.053477600
60.0000	70.0000	30.0000	0.624356570
70.0000	70.0000	30.0000	0.636766400
80.0000	70.0000	30.0000	0.204944860
90.0000	70.0000	30.0000	0.044329670
100.0000	70.0000	30.0000	0.075227440
110.0000	70.0000	30.0000	0.138620390
120.0000	70.0000	30.0000	0.268082440
130.0000	70.0000	30.0000	0.625122400
140.0000	70.0000	30.0000	1.092171500
150.0000	70.0000	30.0000	1.510613900
160.0000	70.0000	30.0000	3.896102000
170.0000	70.0000	30.0000	3.199283100
180.0000	70.0000	30.0000	1.279465800
190.0000	70.0000	30.0000	2.128406300
200.0000	70.0000	30.0000	2.442398000
210.0000	70.0000	30.0000	0.983146300
220.0000	70.0000	30.0000	1.095630200
230.0000	70.0000	30.0000	0.539342700
240.0000	70.0000	30.0000	0.292668460
250.0000	70.0000	30.0000	0.526418900
260.0000	70.0000	30.0000	0.211687880
270.0000	70.0000	30.0000	0.104292600
280.0000	70.0000	30.0000	0.132828860
290.0000	70.0000	30.0000	0.352509140
300.0000	70.0000	30.0000	0.897936000
310.0000	70.0000	30.0000	2.423909200
320.0000	70.0000	30.0000	1.973545100
330.0000	70.0000	30.0000	1.193834900
340.0000	70.0000	30.0000	2.858320700
350.0000	70.0000	30.0000	4.297343300
360.0000	70.0000	30.0000	1.000000000
0.0000	80.0000	30.0000	0.855752000
10.0000	80.0000	30.0000	1.561808300
20.0000	80.0000	30.0000	4.786335000
30.0000	80.0000	30.0000	1.329956900
40.0000	80.0000	30.0000	0.900645800
50.0000	80.0000	30.0000	0.645475570
60.0000	80.0000	30.0000	0.558264900
70.0000	80.0000	30.0000	0.643368000
80.0000	80.0000	30.0000	0.542968200
90.0000	80.0000	30.0000	0.337012680
100.0000	80.0000	30.0000	0.284015540
110.0000	80.0000	30.0000	0.477444740
120.0000	80.0000	30.0000	0.499332100
130.0000	80.0000	30.0000	0.617335300
140.0000	80.0000	30.0000	0.875681000
150.0000	80.0000	30.0000	1.255316100
160.0000	80.0000	30.0000	4.272628300
170.0000	80.0000	30.0000	8.129562000
180.0000	80.0000	30.0000	6.164569400
190.0000	80.0000	30.0000	7.657041500
200.0000	80.0000	30.0000	3.945260300
210.0000	80.0000	30.0000	1.084857000
220.0000	80.0000	30.0000	0.781497060
230.0000	80.0000	30.0000	0.379424400
240.0000	80.0000	30.0000	0.277144340
250.0000	80.0000	30.0000	0.666978500
260.0000	80.0000	30.0000	0.317727980
270.0000	80.0000	30.0000	0.197225870
280.0000	80.0000	30.0000	0.333177630
290.0000	80.0000	30.0000	0.695658450
300.0000	80.0000	30.0000	0.541375500
310.0000	80.0000	30.0000	0.992283640
320.0000	80.0000	30.0000	0.911858740
330.0000	80.0000	30.0000	0.883254770
340.0000	80.0000	30.0000	2.905117300
350.0000	80.0000	30.0000	8.931827000
360.0000	80.0000	30.0000	1.000000000
0.0000	90.0000	30.0000	9.781495000
10.0000	90.0000	30.0000	5.872014000
20.0000	90.0000	30.0000	8.281945000
30.0000	90.0000	30.0000	1.596903000
40.0000	90.0000	30.0000	1.357957500
50.0000	90.0000	30.0000	0.955576000
60.0000	90.0000	30.0000	0.714898700
70.0000	90.0000	30.0000	0.736158700
80.0000	90.0000	30.0000	0.803587440
90.0000	90.0000	30.0000	0.756845800
100.0000	90.0000	30.0000	0.960951400
110.0000	90.0000	30.0000	1.682568100
120.0000	90.0000	30.0000	1.147368400
130.0000	90.0000	30.0000	1.444939400
140.0000	90.0000	30.0000	1.868983700
150.0000	90.0000	30.0000	2.069001200
160.0000	90.0000	30.0000	5.703325300
170.0000	90.0000	30.0000	11.382098000
180.0000	90.0000	30.0000	11.489354000
190.0000	90.0000	30.0000	16.507818000
200.0000	90.0000	30.0000	5.039710000
210.0000	90.0000	30.0000	1.421317300
220.0000	90.0000	30.0000	1.150965000
230.0000	90.0000	30.0000	0.847791600
240.0000	90.0000	30.0000	0.673822940
250.0000	90.0000	30.0000	0.676489060
260.0000	90.0000	30.0000	0.379734300
270.0000	90.0000	30.0000	0.360209000
280.0000	90.0000	30.0000	0.989478200
290.0000	90.0000	30.0000	1.143451200
300.0000	90.0000	30.0000	0.448403720
310.0000	90.0000	30.0000	0.656307040
320.0000	90.0000	30.0000	0.724216800
330.0000	90.0000	30.0000	0.932754930
340.0000	90.0000	30.0000	2.536727400
350.0000	90.0000	30.0000	10.445860000
360.0000	90.0000	30.0000	1.000000000
0.0000	0.0000	40.0000	1.000000000
10.0000	0.0000	40.0000	1.000000000
20.0000	0.0000	40.0000	1.000000000
30.0000	0.0000	40.0000	1.000000000
40.0000	0.0000	40.0000	1.000000000
50.0000	0.0000	40.0000	1.000000000
60.0000	0.0000	40.0000	1.000000000
70.0000	0.0000	40.0000	1.000000000
80.0000	0.0000	40.0000	1.000000000
90.0000	0.0000	40.0000	1.000000000
100.0000	0.0000	40.0000	1.000000000
110.0000	0.0000	40.0000	1.000000000
120.0000	0.0000	40.0000	1.000000000
130.0000	0.0000	40.0000	1.000000000
140.0000	0.0000	40.0000	1.000000000
150.0000	0.0000	40.0000	1.000000000
160.0000	0.0000	40.0000	1.000000000
170.0000	0.0000	40.0000	1.000000000
180.0000	0.0000	40.0000	1.000000000
190.0000	0.0000	40.0000	1.000000000
200.0000	0.0000	40.0000	1.000000000
210.0000	0.0000	40.0000	1.000000000
220.0000	0.0000	40.0000	1.000000000
230.0000	0.0000	40.0000	1.000000000
240.0000	0.0000	40.0000	1.000000000
250.0000	0.0000	40.0000	1.000000000
260.0000	0.0000	40.0000	1.000000000
270.0000	0.0000	40.0000	1.000000000
280.0000	0.0000	40.0000	1.000000000
290.0000	0.0000	40.0000	1.000000000
300.0000	0.0000	40.0000	1.000000000
310.0000	0.0000	40.0000	1.000000000
320.0000	0.0000	40.0000	1.000000000
330.0000	0.0000	40.0000	1.000000000
340.0000	0.0000	40.0000	1.000000000
350.0000	0.0000	40.0000	1.000000000
360.0000	0.0000	40.0000	1.000000000
0.0000	10.0000	40.0000	0.499485200
10.0000	10.0000	40.0000	0.642157850
20.0000	10.0000	40.0000	4.985423600
30.0000	10.0000	40.0000	0.350214700
40.0000	10.0000	40.0000	0.283326330
50.0000	10.0000	40.0000	0.106829960
60.0000	10.0000	40.0000	0.323890780
70.0000	10.0000	40.0000	1.391490100
80.0000	10.0000	40.0000	0.870035350
90.0000	10.0000	40.0000	0.321958200
100.0000	10.0000	40.0000	0.259169940
110.0000	10.0000	40.0000	0.209264650
120.0000	10.0000	40.0000	0.887151840
130.0000	10.0000	40.0000	1.060840500
140.0000	10.0000	40.0000	0.283412870
150.0000	10.0000	40.0000	0.173562360
160.0000	10.0000	40.0000	1.099744000
170.0000	10.0000	40.0000	1.139091400
180.0000	10.0000	40.0000	1.249243900
190.0000	10.0000	40.0000	4.026413000
200.0000	10.0000	40.0000	3.666500600
210.0000	10.0000	40.0000	0.447493760
220.0000	10.0000	40.0000	0.303099200
230.0000	10.0000	40.0000	0.074847735
240.0000	10.0000	40.0000	0.234156820
250.0000	10.0000	40.0000	0.541710730
260.0000	10.0000	40.0000	0.731424900
270.0000	10.0000	40.0000	0.721340840
280.0000	10.0000	40.0000	0.317454800
290.0000	10.0000	40.0000	0.192720100
300.0000	10.0000	40.0000	0.388197870
310.0000	10.0000	40.0000	0.734679940
320.0000	10.0000	40.0000	0.960998360
330.0000	10.0000	40.0000	0.326296480
340.0000	10.0000	40.0000	2.767291000
350.0000	10.0000	40.0000	2.728747800
360.0000	10.0000	40.0000	1.000000000
0.0000	20.0000	40.0000	1.371305100
10.0000	20.0000	40.0000	2.274780300
20.0000	20.0000	40.0000	1.199973500
30.0000	20.0000	40.0000	0.385312940
40.0000	20.0000	40.0000	0.210070200
50.0000	20.0000	40.0000	0.121120780
60.0000	20.0000	40.0000	0.362190660
70.0000	20.0000	40.0000	2.182076000
80.0000	20.0000	40.0000	1.343260300
90.0000	20.0000	40.0000	0.591676300
100.0000	20.0000	40.0000	0.551654700
110.0000	20.0000	40.0000	0.397154540
120.0000	20.0000	40.0000	0.794998500
130.0000	20.0000	40.0000	1.352894500
140.0000	20.0000	40.0000	0.472253740
150.0000	20.0000	40.0000	0.508089360
160.0000	20.0000	40.0000	0.720628400
170.0000	20.0000	40.0000	0.675614240
180.0000	20.0000	40.0000	0.705700100
190.0000	20.0000	40.0000	2.890093300
200.0000	20.0000	40.0000	0.972833160
210.0000	20.0000	40.0000	0.424205480
220.0000	20.0000	40.0000	0.139720290
230.0000	20.0000	40.0000	0.056825770
240.0000	20.0000	40.0000	0.199072960
250.0000	20.0000	40.0000	0.947290540
260.0000	20.0000	40.0000	1.089054800
270.0000	20.0000	40.0000	0.706137360
280.0000	20.0000	40.0000	0.323007550
290.0000	20.0000	40.0000	0.409788040
300.0000	20.0000	40.0000	0.425268530
310.0000	20.0000	40.0000	1.166027100
320.0000	20.0000	40.0000	0.740404070
330.0000	20.0000	40.0000	0.401866400
340.0000	20.0000	40.0000	0.921636040
350.0000	20.0000	40.0000	0.428042500
360.0000	20.0000	40.0000	1.000000000
0.0000	30.0000	40.0000	1.362085000
10.0000	30.0000	40.0000	1.783455500
20.0000	30.0000	40.0000	0.497502330
30.0000	30.0000	40.0000	0.347225400
40.0000	30.0000	40.0000	0.266441700
50.0000	30.0000	40.0000	0.734678800
60.0000	30.0000	40.0000	0.803194000
70.0000	30.0000	40.0000	0.770527060
80.0000	30.0000	40.0000	0.848496000
90.0000	30.0000	40.0000	0.613730250
100.0000	30.0000	40.0000	0.725839300
110.0000	30.0000	40.0000	0.592835100
120.0000	30.0000	40.0000	0.651007200
130.0000	30.0000	40.0000	0.502889040
140.0000	30.0000	40.0000	0.912381770
150.0000	30.0000	40.0000	1.052323800
160.0000	30.0000	40.0000	0.335295920
170.0000	30.0000	40.0000	0.400867580
180.0000	30.0000	40.0000	0.756475700
190.0000	30.0000	40.0000	0.788327340
200.0000	30.0000	40.0000	0.877640550
210.0000	30.0000	40.0000	0.956403900
220.0000	30.0000	40.0000	0.424152140
230.0000	30.0000	40.0000	0.319963630
240.0000	30.0000	40.0000	0.663177400
250.0000	30.0000	40.0000	0.858515860
260.0000	30.0000	40.0000	0.600905200
270.0000	30.0000	40.0000	0.453939350
280.0000	30.0000	40.0000	0.642879600
290.0000	30.0000	40.0000	1.106927400
300.0000	30.0000	40.0000	0.886025200
310.0000	30.0000	40.0000	0.654045940
320.0000	30.0000	40.0000	0.568372000
330.0000	30.0000	40.0000	0.757334770
340.0000	30.0000	40.0000	0.611835360
350.0000	30.0000	40.0000	0.527308800
360.0000	30.0000	40.0000	1.000000000
0.0000	40.0000	40.0000	0.195799280
10.0000	40.0000	40.0000	0.284264360
20.0000	40.0000	40.0000	0.583135500
30.0000	40.0000	40.0000	0.843254100
40.0000	40.0000	40.0000	0.500518000
50.0000	40.0000	40.0000	1.837913200
60.0000	40.0000	40.0000	1.268616000
70.0000	40.0000	40.0000	0.376669940
80.0000	40.0000	40.0000	0.336044940
90.0000	40.0000	40.0000	0.395109680
100.0000	40.0000	40.0000	0.450679180
110.0000	40.0000	40.0000	0.710170000
120.0000	40.0000	40.0000	0.637865360
130.0000	40.0000	40.0000	0.872712400
140.0000	40.0000	40.0000	2.218164700
150.0000	40.0000	40.0000	2.107309600
160.0000	40.0000	40.0000	0.534016550
170.0000	40.0000	40.0000	0.160679550
180.0000	40.0000	40.0000	0.619227470
190.0000	40.0000	40.0000	2.239693200
200.0000	40.0000	40.0000	1.100759000
210.0000	40.0000	40.0000	0.642358100
220.0000	40.0000	40.0000	0.543287400
230.0000	40.0000	40.0000	0.939781840
240.0000	40.0000	40.0000	0.981048100
250.0000	40.0000	40.0000	1.475555100
260.0000	40.0000	40.0000	0.766481460
270.0000	40.0000	40.0000	0.532115200
280.0000	40.0000	40.0000	0.596041860
290.0000	40.0000	40.0000	0.718892100
300.0000	40.0000	40.0000	0.351209000
310.0000	40.0000	40.0000	0.302084920
320.0000	40.0000	40.0000	0.887544330
330.0000	40.0000	40.0000	1.196142700
340.0000	40.0000	40.0000	0.485249500
350.0000	40.0000	40.0000	0.192721050
360.0000	40.0000	40.0000	1.000000000
0.0000	50.0000	40.0000	0.699863300
10.0000	50.0000	40.0000	0.758748950
20.0000	50.0000	40.0000	0.727840240
30.0000	50.0000	40.0000	0.831058400
40.0000	50.0000	40.0000	0.612636800
50.0000	50.0000	40.0000	0.920136700
60.0000	50.0000	40.0000	1.058150400
70.0000	50.0000	40.0000	0.586662900
80.0000	50.0000	40.0000	0.536873100
90.0000	50.0000	40.0000	0.610385300
100.0000	50.0000	40.0000	0.568673200
110.0000	50.0000	40.0000	1.027408600
120.0000	50.0000	40.0000	1.159749400
130.0000	50.0000	40.0000	1.730524500
140.0000	50.0000	40.0000	3.248738000
150.0000	50.0000	40.0000	2.418784900
160.0000	50.0000	40.0000	0.731349470
170.0000	50.0000	40.0000	0.217603700
180.0000	50.0000	40.0000	0.726106640
190.0000	50.0000	40.0000	1.866117100
200.0000	50.0000	40.0000	0.567196130
210.0000	50.0000	40.0000	0.440147500
220.0000	50.0000	40.0000	0.775574600
230.0000	50.0000	40.0000	0.886365200
240.0000	50.0000	40.0000	0.619140200
250.0000	50.0000	40.0000	0.553950000
260.0000	50.0000	40.0000	0.552134450
270.0000	50.0000	40.0000	0.618825400
280.0000	50.0000	40.0000	0.671622930
290.0000	50.0000	40.0000	0.327565160
300.0000	50.0000	40.0000	0.195220050
310.0000	50.0000	40.0000	0.526658800
320.0000	50.0000	40.0000	1.906037100
330.0000	50.0000	40.0000	2.115213200
340.0000	50.0000	40.0000	0.824724800
350.0000	50.0000	40.0000	0.170225800
360.0000	50.0000	40.0000	1.000000000
0.0000	60.0000	40.0000	0.568330050
10.0000	60.0000	40.0000	0.753872000
20.0000	60.0000	40.0000	1.004696400
30.0000	60.0000	40.0000	0.899792700
40.0000	60.0000	40.0000	1.354690600
50.0000	60.0000	40.0000	1.619243700
60.0000	60.0000	40.0000	0.650526900
70.0000	60.0000	40.0000	0.396258500
80.0000	60.0000	40.0000	0.531570550
90.0000	60.0000	40.0000	0.378463630
100.0000	60.0000	40.0000	0.482384700
110.0000	60.0000	40.0000	0.890840900
120.0000	60.0000	40.0000	0.742720900
130.0000	60.0000	40.0000	1.376475800
140.0000	60.0000	40.0000	1.424440900
150.0000	60.0000	40.0000	0.921643100
160.0000	60.0000	40.0000	0.604005930
170.0000	60.0000	40.0000	0.432034850
180.0000	60.0000	40.0000	0.784615700
190.0000	60.0000	40.0000	1.134613400
200.0000	60.0000	40.0000	0.452421250
210.0000	60.0000	40.0000	0.476031870
220.0000	60.0000	40.0000	0.745277400
230.0000	60.0000	40.0000	0.442792700
240.0000	60.0000	40.0000	0.261223020
250.0000	60.0000	40.0000	0.159615220
260.0000	60.0000	40.0000	0.087714314
270.0000	60.0000	40.0000	0.344256600
280.0000	60.0000	40.0000	1.222998400
290.0000	60.0000	40.0000	0.671123560
300.0000	60.0000	40.0000	0.618385850
310.0000	60.0000	40.0000	1.304102400
320.0000	60.0000	40.0000	1.902943700
330.0000	60.0000	40.0000	1.591913900
340.0000	60.0000	40.0000	1.060036700
350.0000	60.0000	40.0000	0.445489670
360.0000	60.0000	40.0000	1.000000000
0.0000	70.0000	40.0000	1.539429800
10.0000	70.0000	40.0000	2.034236400
20.0000	70.0000	40.0000	1.882989400
30.0000	70.0000	40.0000	1.365638500
40.0000	70.0000	40.0000	1.458290500
50.0000	70.0000	40.0000	1.074787700
60.0000	70.0000	40.0000	0.552024070
70.0000	70.0000	40.0000	0.322340550
80.0000	70.0000	40.0000	0.113788970
90.0000	70.0000	40.0000	0.099575560
100.0000	70.0000	40.0000	0.184357300
110.0000	70.0000	40.0000	0.323980800
120.0000	70.0000	40.0000	0.411876980
130.0000	70.0000	40.0000	0.624699600
140.0000	70.0000	40.0000	0.623117150
150.0000	70.0000	40.0000	0.773278200
160.0000	70.0000	40.0000	1.174244300
170.0000	70.0000	40.0000	0.720723570
180.0000	70.0000	40.0000	0.552912400
190.0000	70.0000	40.0000	1.131804600
200.0000	70.0000	40.0000	1.039431100
210.0000	70.0000	40.0000	0.654717500
220.0000	70.0000	40.0000	0.454138220
230.0000	70.0000	40.0000	0.227457400
240.0000	70.0000	40.0000	0.271632550
250.0000	70.0000	40.0000	0.394056170
260.0000	70.0000	40.0000	0.079084516
270.0000	70.0000	40.0000	0.132899170
280.0000	70.0000	40.0000	0.483951870
290.0000	70.0000	40.0000	0.702136930
300.0000	70.0000	40.0000	0.542733250
310.0000	70.0000	40.0000	1.158211000
320.0000	70.0000	40.0000	1.360984800
330.0000	70.0000	40.0000	0.971056800
340.0000	70.0000	40.0000	1.319963100
350.0000	70.0000	40.0000	1.151231200
360.0000	70.0000	40.0000	1.000000000
0.0000	80.0000	40.0000	0.550194200
10.0000	80.0000	40.0000	1.253487300
20.0000	80.0000	40.0000	3.096370700
30.0000	80.0000	40.0000	1.063638400
40.0000	80.0000	40.0000	0.633709430
50.0000	80.0000	40.0000	0.456541420
60.0000	80.0000	40.0000	0.741628470
70.0000	80.0000	40.0000	0.680454200
80.0000	80.0000	40.0000	0.292410280
90.0000	80.0000	40.0000	0.279902550
100.0000	80.0000	40.0000	0.399365430
110.0000	80.0000	40.0000	0.368312200
120.0000	80.0000	40.0000	0.236495810
130.0000	80.0000	40.0000	0.313859020
140.0000	80.0000	40.0000	0.527465800
150.0000	80.0000	40.0000	1.064023400
160.0000	80.0000	40.0000	3.554761600
170.0000	80.0000	40.0000	2.487089400
180.0000	80.0000	40.0000	1.973485100
190.0000	80.0000	40.0000	3.213013000
200.0000	80.0000	40.0000	2.477252500
210.0000	80.0000	40.0000	0.983101500
220.0000	80.0000	40.0000	0.412812020
230.0000	80.0000	40.0000	0.241580520
240.0000	80.0000	40.0000	0.406042840
250.0000	80.0000	40.0000	0.761623400
260.0000	80.0000	40.0000	0.298026680
270.0000	80.0000	40.0000	0.233133800
280.0000	80.0000	40.0000	0.362739620
290.0000	80.0000	40.0000	0.532285330
300.0000	80.0000	40.0000	0.268107740
310.0000	80.0000	40.0000	0.443517920
320.0000	80.0000	40.0000	0.756343070
330.0000	80.0000	40.0000	1.144931200
340.0000	80.0000	40.0000	2.295306400
350.0000	80.0000	40.0000	4.221546000
360.0000	80.0000	40.0000	1.000000000
0.0000	90.0000	40.0000	8.789146000
10.0000	90.0000	40.0000	4.099685700
20.0000	90.0000	40.0000	4.714741000
30.0000	90.0000	40.0000	1.385989800
40.0000	90.0000	40.0000	0.697169500
50.0000	90.0000	40.0000	0.552699860
60.0000	90.0000	40.0000	1.169036500
70.0000	90.0000	40.0000	0.894343200
80.0000	90.0000	40.0000	0.603954430
90.0000	90.0000	40.0000	0.453209500
100.0000	90.0000	40.0000	0.826415060
110.0000	90.0000	40.0000	0.776784500
120.0000	90.0000	40.0000	0.229330120
130.0000	90.0000	40.0000	0.346345780
140.0000	90.0000	40.0000	0.562517400
150.0000	90.0000	40.0000	0.944784100
160.0000	90.0000	40.0000	3.409662500
170.0000	90.0000	40.0000	3.126140600
180.0000	90.0000	40.0000	3.703483300
190.0000	90.0000	40.0000	6.806815000
200.0000	90.0000	40.0000	3.274933000
210.0000	90.0000	40.0000	1.311265800
220.0000	90.0000	40.0000	0.482838630
230.0000	90.0000	40.0000	0.337396900
240.0000	90.0000	40.0000	0.536974200
250.0000	90.0000	40.0000	0.569059130
260.0000	90.0000	40.0000	0.435892300
270.0000	90.0000	40.0000	0.372584800
280.0000	90.0000	40.0000	0.541632830
290.0000	90.0000	40.0000	0.639149700
300.0000	90.0000	40.0000	0.251908720
310.0000	90.0000	40.0000	0.252510400
320.0000	90.0000	40.0000	0.366090480
330.0000	90.0000	40.0000	0.891876160
340.0000	90.0000	40.0000	2.795244700
350.0000	90.0000	40.0000	11.726977000
360.0000	90.0000	40.0000	1.000000000
0.0000	0.0000	50.0000	1.000000000
10.0000	0.0000	50.0000	1.000000000
20.0000	0.0000	50.0000	1.000000000
30.0000	0.0000	50.0000	1.000000000
40.0000	0.0000	50.0000	1.000000000
50.0000	0.0000	50.0000	1.000000000
60.0000	0.0000	50.0000	1.000000000
70.0000	0.0000	50.0000	1.000000000
80.0000	0.0000	50.0000	1.000000000
90.0000	0.0000	50.0000	1.000000000
100.0000	0.0000	50.0000	1.000000000
110.0000	0.0000	50.0000	1.000000000
120.0000	0.0000	50.0000	1.000000000
130.0000	0.0000	50.0000	1.000000000
140.0000	0.0000	50.0000	1.000000000
150.0000	0.0000	50.0000	1.000000000
160.0000	0.0000	50.0000	1.000000000
170.0000	0.0000	50.0000	1.000000000
180.0000	0.0000	50.0000	1.000000000
190.0000	0.0000	50.0000	1.000000000
200.0000	0.0000	50.0000	1.000000000
210.0000	0.0000	50.0000	1.000000000
220.0000	0.0000	50.0000	1.000000000
230.0000	0.0000	50.0000	1.000000000
240.0000	0.0000	50.0000	1.000000000
250.0000	0.0000	50.0000	1.000000000
260.0000	0.0000	50.0000	1.000000000
270.0000	0.0000	50.0000	1.000000000
280.0000	0.0000	50.0000	1.000000000
290.0000	0.0000	50.0000	1.000000000
300.0000	0.0000	50.0000	1.000000000
310.0000	0.0000	50.0000	1.000000000
320.0000	0.0000	50.0000	1.000000000
330.0000	0.0000	50.0000	1.000000000
340.0000	0.0000	50.0000	1.000000000
350.0000	0.0000	50.0000	1.000000000
360.0000	0.0000	50.0000	1.000000000
0.0000	10.0000	50.0000	0.662823140
10.0000	10.0000	50.0000	0.811761140
20.0000	10.0000	50.0000	6.127818600
30.0000	10.0000	50.0000	0.212875780
40.0000	10.0000	50.0000	0.129097000
50.0000	10.0000	50.0000	0.292509500
60.0000	10.0000	50.0000	1.041000000
70.0000	10.0000	50.0000	1.099946000
80.0000	10.0000	50.0000	0.335027700
90.0000	10.0000	50.0000	0.157370980
100.0000	10.0000	50.0000	0.142269480
110.0000	10.0000	50.0000	0.486054420
120.0000	10.0000	50.0000	1.265329500
130.0000	10.0000	50.0000	0.764823100
140.0000	10.0000	50.0000	0.455869320
150.0000	10.0000	50.0000	0.220831230
160.0000	10.0000	50.0000	0.711073100
170.0000	10.0000	50.0000	2.174134500
180.0000	10.0000	50.0000	2.087041600
190.0000	10.0000	50.0000	3.286288300
200.0000	10.0000	50.0000	6.416405700
210.0000	10.0000	50.0000	0.255997800
220.0000	10.0000	50.0000	0.080295846
230.0000	10.0000	50.0000	0.134608850
240.0000	10.0000	50.0000	0.856773700
250.0000	10.0000	50.0000	1.403377200
260.0000	10.0000	50.0000	0.311339080
270.0000	10.0000	50.0000	0.285594340
280.0000	10.0000	50.0000	0.351632860
290.0000	10.0000	50.0000	0.542048630
300.0000	10.0000	50.0000	0.957737000
310.0000	10.0000	50.0000	1.688260900
320.0000	10.0000	50.0000	1.049584600
330.0000	10.0000	50.0000	0.365051420
340.0000	10.0000	50.0000	1.610794300
350.0000	10.0000	50.0000	3.105564600
360.0000	10.0000	50.0000	1.000000000
0.0000	20.0000	50.0000	2.080831300
10.0000	20.0000	50.0000	2.660058000
20.0000	20.0000	50.0000	0.931559600
30.0000	20.0000	50.0000	0.109942794
40.0000	20.0000	50.0000	0.116780280
50.0000	20.0000	50.0000	0.200480490
60.0000	20.0000	50.0000	0.542041060
70.0000	20.0000	50.0000	2.456481200
80.0000	20.0000	50.0000	0.838757700
90.0000	20.0000	50.0000	0.270494800
100.0000	20.0000	50.0000	0.436491880
110.0000	20.0000	50.0000	0.594080270
120.0000	20.0000	50.0000	1.289699700
130.0000	20.0000	50.0000	1.523694900
140.0000	20.0000	50.0000	0.698281800
150.0000	20.0000	50.0000	0.248429070
160.0000	20.0000	50.0000	0.213180050
170.0000	20.0000	50.0000	0.757193860
180.0000	20.0000	50.0000	0.644124030
190.0000	20.0000	50.0000	2.465508200
200.0000	20.0000	50.0000	1.428182800
210.0000	20.0000	50.0000	0.131259710
220.0000	20.0000	50.0000	0.126489880
230.0000	20.0000	50.0000	0.220481130
240.0000	20.0000	50.0000	0.339576660
250.0000	20.0000	50.0000	0.795208160
260.0000	20.0000	50.0000	0.930260900
270.0000	20.0000	50.0000	0.788361900
280.0000	20.0000	50.0000	0.823157130
290.0000	20.0000	50.0000	0.521094300
300.0000	20.0000	50.0000	0.685848240
310.0000	20.0000	50.0000	1.733950400
320.0000	20.0000	50.0000	0.670888250
330.0000	20.0000	50.0000	0.238458560
340.0000	20.0000	50.0000	0.241360380
350.0000	20.0000	50.0000	0.334125040
360.0000	20.0000	50.0000	1.000000000
0.0000	30.0000	50.0000	1.378790000
10.0000	30.0000	50.0000	1.563580500
20.0000	30.0000	50.0000	0.425624400
30.0000	30.0000	50.0000	0.142911290
40.0000	30.0000	50.0000	0.241972800
50.0000	30.0000	50.0000	0.757074100
60.0000	30.0000	50.0000	0.787082500
70.0000	30.0000	50.0000	1.305206700
80.0000	30.0000	50.0000	1.311896200
90.0000	30.0000	50.0000	0.655561600
100.0000	30.0000	50.0000	0.853747600
110.0000	30.0000	50.0000	0.973136700
120.0000	30.0000	50.0000	1.610069500
130.0000	30.0000	50.0000	1.445872500
140.0000	30.0000	50.0000	1.170759100
150.0000	30.0000	50.0000	0.314072900
160.0000	30.0000	50.0000	0.044559415
170.0000	30.0000	50.0000	0.426914420
180.0000	30.0000	50.0000	1.171717800
190.0000	30.0000	50.0000	1.602937100
200.0000	30.0000	50.0000	2.189379200
210.0000	30.0000	50.0000	0.291544020
220.0000	30.0000	50.0000	0.203880980
230.0000	30.0000	50.0000	0.782559450
240.0000	30.0000	50.0000	2.012151700
250.0000	30.0000	50.0000	1.484981300
260.0000	30.0000	50.0000	0.652745660
270.0000	30.0000	50.0000	0.577687440
280.0000	30.0000	50.0000	0.735079200
290.0000	30.0000	50.0000	0.963037100
300.0000	30.0000	50.0000	1.866778400
310.0000	30.0000	50.0000	2.622195000
320.0000	30.0000	50.0000	0.970919670
330.0000	30.0000	50.0000	0.286720900
340.0000	30.0000	50.0000	0.068285880
350.0000	30.0000	50.0000	0.316203180
360.0000	30.0000	50.0000	1.000000000
0.0000	40.0000	50.0000	0.223952520
10.0000	40.0000	50.0000	0.537945300
20.0000	40.0000	50.0000	1.370143300
30.0000	40.0000	50.0000	0.338276540
40.0000	40.0000	50.0000	0.505946760
50.0000	40.0000	50.0000	1.545282800
60.0000	40.0000	50.0000	1.176726000
70.0000	40.0000	50.0000	0.495187250
80.0000	40.0000	50.0000	0.651463270
90.0000	40.0000	50.0000	0.768433450
100.0000	40.0000	50.0000	0.507044200
110.0000	40.0000	50.0000	0.560987950
120.0000	40.0000	50.0000	0.922294440
130.0000	40.0000	50.0000	1.395120500
140.0000	40.0000	50.0000	2.206304800
150.0000	40.0000	50.0000	0.832288700
160.0000	40.0000	50.0000	0.058950387
170.0000	40.0000	50.0000	0.108061604
180.0000	40.0000	50.0000	1.190872300
190.0000	40.0000	50.0000	3.732262400
200.0000	40.0000	50.0000	1.485166300
210.0000	40.0000	50.0000	0.400435950
220.0000	40.0000	50.0000	0.365650240
230.0000	40.0000	50.0000	0.501907770
240.0000	40.0000	50.0000	1.371362300
250.0000	40.0000	50.0000	1.440690000
260.0000	40.0000	50.0000	0.894532300
270.0000	40.0000	50.0000	0.555769860
280.0000	40.0000	50.0000	0.465878930
290.0000	40.0000	50.0000	0.405932280
300.0000	40.0000	50.0000	0.546434200
310.0000	40.0000	50.0000	1.059817200
320.0000	40.0000	50.0000	1.026776900
330.0000	40.0000	50.0000	0.501242800
340.0000	40.0000	50.0000	0.092196260
350.0000	40.0000	50.0000	0.166738120
360.0000	40.0000	50.0000	1.000000000
0.0000	50.0000	50.0000	1.205688000
10.0000	50.0000	50.0000	1.272109700
20.0000	50.0000	50.0000	0.720855800
30.0000	50.0000	50.0000	0.512175800
40.0000	50.0000	50.0000	0.873244200
50.0000	50.0000	50.0000	0.890061740
60.0000	50.0000	50.0000	0.686908250
70.0000	50.0000	50.0000	0.232181240
80.0000	50.0000	50.0000	0.343365640
90.0000	50.0000	50.0000	1.286453500
100.0000	50.0000	50.0000	0.770949400
110.0000	50.0000	50.0000	0.682573850
120.0000	50.0000	50.0000	0.884990450
130.0000	50.0000	50.0000	1.644940700
140.0000	50.0000	50.0000	1.600425800
150.0000	50.0000	50.0000	0.567990900
160.0000	50.0000	50.0000	0.075405060
170.0000	50.0000	50.0000	0.120643460
180.0000	50.0000	50.0000	1.048291800
190.0000	50.0000	50.0000	1.386179100
200.0000	50.0000	50.0000	0.384068520
210.0000	50.0000	50.0000	0.415999620
220.0000	50.0000	50.0000	0.763914500
230.0000	50.0000	50.0000	0.718324500
240.0000	50.0000	50.0000	0.468932300
250.0000	50.0000	50.0000	0.504344200
260.0000	50.0000	50.0000	0.689127740
270.0000	50.0000	50.0000	0.937010400
280.0000	50.0000	50.0000	0.509385300
290.0000	50.0000	50.0000	0.196097210
300.0000	50.0000	50.0000	0.160581960
310.0000	50.0000	50.0000	0.458394000
320.0000	50.0000	50.0000	0.895198000
330.0000	50.0000	50.0000	0.700257900
340.0000	50.0000	50.0000	0.154745090
350.0000	50.0000	50.0000	0.065556034
360.0000	50.0000	50.0000	1.000000000
0.0000	60.0000	50.0000	0.474686440
10.0000	60.0000	50.0000	0.532520530
20.0000	60.0000	50.0000	0.682213700
30.0000	60.0000	50.0000	0.598205500
40.0000	60.0000	50.0000	0.730546240
50.0000	60.0000	50.0000	0.617856600
60.0000	60.0000	50.0000	0.363732580
70.0000	60.0000	50.0000	0.192250180
80.0000	60.0000	50.0000	0.300516220
90.0000	60.0000	50.0000	0.769744340
100.0000	60.0000	50.0000	1.272059900
110.0000	60.0000	50.0000	0.975720170
120.0000	60.0000	50.0000	0.873838800
130.0000	60.0000	50.0000	1.413185800
140.0000	60.0000	50.0000	0.975908040
150.0000	60.0000	50.0000	0.469398650
160.0000	60.0000	50.0000	0.205746010
170.0000	60.0000	50.0000	0.368441550
180.0000	60.0000	50.0000	0.969743670
190.0000	60.0000	50.0000	0.882454930
200.0000	60.0000	50.0000	0.436002940
210.0000	60.0000	50.0000	0.407366660
220.0000	60.0000	50.0000	0.414097040
230.0000	60.0000	50.0000	0.331362600
240.0000	60.0000	50.0000	0.301633100
250.0000	60.0000	50.0000	0.279616900
260.0000	60.0000	50.0000	0.306226430
270.0000	60.0000	50.0000	0.716811300
280.0000	60.0000	50.0000	0.804824950
290.0000	60.0000	50.0000	0.277014760
300.0000	60.0000	50.0000	0.300964120
310.0000	60.0000	50.0000	0.632318560
320.0000	60.0000	50.0000	1.116542900
330.0000	60.0000	50.0000	1.065269200
340.0000	60.0000	50.0000	0.338011860
350.0000	60.0000	50.0000	0.165044100
360.0000	60.0000	50.0000	1.000000000
0.0000	70.0000	50.0000	1.151457700
10.0000	70.0000	50.0000	0.985887700
20.0000	70.0000	50.0000	0.757344660
30.0000	70.0000	50.0000	0.518399000
40.0000	70.0000	50.0000	0.424825400
50.0000	70.0000	50.0000	0.391650650
60.0000	70.0000	50.0000	0.380822240
70.0000	70.0000	50.0000	0.318829950
80.0000	70.0000	50.0000	0.173100740
90.0000	70.0000	50.0000	0.133647700
100.0000	70.0000	50.0000	0.289453860
110.0000	70.0000	50.0000	0.367811900
120.0000	70.0000	50.0000	0.366218840
130.0000	70.0000	50.0000	0.593129160
140.0000	70.0000	50.0000	0.597251060
150.0000	70.0000	50.0000	0.702601700
160.0000	70.0000	50.0000	0.969284800
170.0000	70.0000	50.0000	0.615280870
180.0000	70.0000	50.0000	0.476727900
190.0000	70.0000	50.0000	0.955503170
200.0000	70.0000	50.0000	0.911601250
210.0000	70.0000	50.0000	0.396338220
220.0000	70.0000	50.0000	0.195896970
230.0000	70.0000	50.0000	0.230692790
240.0000	70.0000	50.0000	0.421183800
250.0000	70.0000	50.0000	0.440232550
260.0000	70.0000	50.0000	0.207612470
270.0000	70.0000	50.0000	0.248194860
280.0000	70.0000	50.0000	0.436853650
290.0000	70.0000	50.0000	0.471553860
300.0000	70.0000	50.0000	0.333510400
310.0000	70.0000	50.0000	0.537265400
320.0000	70.0000	50.0000	0.858307300
330.0000	70.0000	50.0000	0.769377800
340.0000	70.0000	50.0000	0.620674250
350.0000	70.0000	50.0000	0.534355160
360.0000	70.0000	50.0000	1.000000000
0.0000	80.0000	50.0000	0.216166100
10.0000	80.0000	50.0000	0.445952500
20.0000	80.0000	50.0000	1.233825800
30.0000	80.0000	50.0000	0.525063300
40.0000	80.0000	50.0000	0.364266250
50.0000	80.0000	50.0000	0.333543720
60.0000	80.0000	50.0000	0.463282050
70.0000	80.0000	50.0000	0.553059500
80.0000	80.0000	50.0000	0.343055550
90.0000	80.0000	50.0000	0.233315960
100.0000	80.0000	50.0000	0.343028040
110.0000	80.0000	50.0000	0.339727070
120.0000	80.0000	50.0000	0.217573230
130.0000	80.0000	50.0000	0.258935480
140.0000	80.0000	50.0000	0.501047300
150.0000	80.0000	50.0000	1.322395900
160.0000	80.0000	50.0000	2.614963500
170.0000	80.0000	50.0000	1.634316600
180.0000	80.0000	50.0000	1.446589100
190.0000	80.0000	50.0000	1.877245300
200.0000	80.0000	50.0000	1.578996000
210.0000	80.0000	50.0000	0.556988240
220.0000	80.0000	50.0000	0.337384200
230.0000	80.0000	50.0000	0.404005940
240.0000	80.0000	50.0000	0.535286550
250.0000	80.0000	50.0000	0.768652900
260.0000	80.0000	50.0000	0.410871860
270.0000	80.0000	50.0000	0.345938300
280.0000	80.0000	50.0000	0.519587400
290.0000	80.0000	50.0000	0.651287900
300.0000	80.0000	50.0000	0.694706300
310.0000	80.0000	50.0000	0.562222800
320.0000	80.0000	50.0000	0.486669180
330.0000	80.0000	50.0000	0.851481500
340.0000	80.0000	50.0000	1.264247500
350.0000	80.0000	50.0000	2.128107300
360.0000	80.0000	50.0000	1.000000000
0.0000	90.0000	50.0000	5.506493000
10.0000	90.0000	50.0000	2.107384200
20.0000	90.0000	50.0000	2.718408300
30.0000	90.0000	50.0000	0.789695500
40.0000	90.0000	50.0000	0.534614150
50.0000	90.0000	50.0000	0.517977900
60.0000	90.0000	50.0000	0.753112440
70.0000	90.0000	50.0000	0.839733600
80.0000	90.0000	50.0000	0.596961140
90.0000	90.0000	50.0000	0.397099440
100.0000	90.0000	50.0000	0.583212200
110.0000	90.0000	50.0000	0.494244780
120.0000	90.0000	50.0000	0.175598340
130.0000	90.0000	50.0000	0.294138250
140.0000	90.0000	50.0000	0.752421860
150.0000	90.0000	50.0000	1.735441300
160.0000	90.0000	50.0000	3.054739500
170.0000	90.0000	50.0000	1.938796400
180.0000	90.0000	50.0000	2.710013200
190.0000	90.0000	50.0000	4.303303700
200.0000	90.0000	50.0000	2.021738800
210.0000	90.0000	50.0000	0.908492150
220.0000	90.0000	50.0000	0.664173540
230.0000	90.0000	50.0000	0.459379100
240.0000	90.0000	50.0000	0.419726760
250.0000	90.0000	50.0000	1.068355200
260.0000	90.0000	50.0000	0.623325600
270.0000	90.0000	50.0000	0.502899770
280.0000	90.0000	50.0000	1.156796500
290.0000	90.0000	50.0000	0.927100900
300.0000	90.0000	50.0000	0.709499540
310.0000	90.0000	50.0000	0.516073050
320.0000	90.0000	50.0000	0.307201950
330.0000	90.0000	50.0000	0.857989800
340.0000	90.0000	50.0000	2.130880600
350.0000	90.0000	50.0000	4.360052000
360.0000	90.0000	50.0000	1.000000000
0.0000	0.0000	60.0000	1.000000000
10.0000	0.0000	60.0000	1.000000000
20.0000	0.0000	60.0000	1.000000000
30.0000	0.0000	60.0000	1.000000000
40.0000	0.0000	60.0000	1.000000000
50.0000	0.0000	60.0000	1.000000000
60.0000	0.0000	60.0000	1.000000000
70.0000	0.0000	60.0000	1.000000000
80.0000	0.0000	60.0000	1.000000000
90.0000	0.0000	60.0000	1.000000000
100.0000	0.0000	60.0000	1.000000000
110.0000	0.0000	60.0000	1.000000000
120.0000	0.0000	60.0000	1.000000000
130.0000	0.0000	60.0000	1.000000000
140.0000	0.0000	60.0000	1.000000000
150.0000	0.0000	60.0000	1.000000000
160.0000	0.0000	60.0000	1.000000000
170.0000	0.0000	60.0000	1.000000000
180.0000	0.0000	60.0000	1.000000000
190.0000	0.0000	60.0000	1.000000000
200.0000	0.0000	60.0000	1.000000000
210.0000	0.0000	60.0000	1.000000000
220.0000	0.0000	60.0000	1.000000000
230.0000	0.0000	60.0000	1.000000000
240.0000	0.0000	60.0000	1.000000000
250.0000	0.0000	60.0000	1.000000000
260.0000	0.0000	60.0000	1.000000000
270.0000	0.0000	60.0000	1.000000000
280.0000	0.0000	60.0000	1.000000000
290.0000	0.0000	60.0000	1.000000000
300.0000	0.0000	60.0000	1.000000000
310.0000	0.0000	60.0000	1.000000000
320.0000	0.0000	60.0000	1.000000000
330.0000	0.0000	60.0000	1.000000000
340.0000	0.0000	60.0000	1.000000000
350.0000	0.0000	60.0000	1.000000000
360.0000	0.0000	60.0000	1.000000000
0.0000	10.0000	60.0000	0.849634000
10.0000	10.0000	60.0000	0.943072440
20.0000	10.0000	60.0000	4.532418700
30.0000	10.0000	60.0000	0.088381900
40.0000	10.0000	60.0000	0.096261780
50.0000	10.0000	60.0000	0.847006200
60.0000	10.0000	60.0000	1.321218400
70.0000	10.0000	60.0000	0.440421430
80.0000	10.0000	60.0000	0.131576360
90.0000	10.0000	60.0000	0.618303240
100.0000	10.0000	60.0000	2.839482800
110.0000	10.0000	60.0000	2.362320200
120.0000	10.0000	60.0000	0.178063780
130.0000	10.0000	60.0000	0.307547180
140.0000	10.0000	60.0000	1.740088900
150.0000	10.0000	60.0000	0.199134380
160.0000	10.0000	60.0000	0.696222400
170.0000	10.0000	60.0000	3.989533400
180.0000	10.0000	60.0000	2.388301600
190.0000	10.0000	60.0000	3.985172500
200.0000	10.0000	60.0000	6.785573500
210.0000	10.0000	60.0000	0.067723840
220.0000	10.0000	60.0000	0.038465940
230.0000	10.0000	60.0000	0.167409200
240.0000	10.0000	60.0000	1.427752600
250.0000	10.0000	60.0000	15.229495000
260.0000	10.0000	60.0000	0.210265580
270.0000	10.0000	60.0000	0.108407676
280.0000	10.0000	60.0000	1.351873800
290.0000	10.0000	60.0000	0.849305500
300.0000	10.0000	60.0000	0.746204850
310.0000	10.0000	60.0000	1.914531600
320.0000	10.0000	60.0000	1.248907800
330.0000	10.0000	60.0000	0.375096470
340.0000	10.0000	60.0000	1.499238400
350.0000	10.0000	60.0000	4.751201600
360.0000	10.0000	60.0000	1.000000000
0.0000	20.0000	60.0000	2.691289000
10.0000	20.0000	60.0000	2.741871600
20.0000	20.0000	60.0000	0.812610860
30.0000	20.0000	60.0000	0.087597960
40.0000	20.0000	60.0000	0.269396870
50.0000	20.0000	60.0000	1.121983400
60.0000	20.0000	60.0000	1.512971000
70.0000	20.0000	60.0000	9.447234000
80.0000	20.0000	60.0000	4.721101300
90.0000	20.0000	60.0000	1.867676000
100.0000	20.0000	60.0000	1.995124700
110.0000	20.0000	60.0000	1.007325300
120.0000	20.0000	60.0000	1.013662300
130.0000	20.0000	60.0000	1.257188600
140.0000	20.0000	60.0000	1.290126000
150.0000	20.0000	60.0000	0.082138310
160.0000	20.0000	60.0000	0.139394130
170.0000	20.0000	60.0000	1.293355500
180.0000	20.0000	60.0000	0.773658800
190.0000	20.0000	60.0000	3.521429300
200.0000	20.0000	60.0000	1.517436500
210.0000	20.0000	60.0000	0.063748030
220.0000	20.0000	60.0000	0.424905480
230.0000	20.0000	60.0000	2.156268600
240.0000	20.0000	60.0000	1.083072100
250.0000	20.0000	60.0000	2.652068400
260.0000	20.0000	60.0000	3.045632100
270.0000	20.0000	60.0000	1.975544900
280.0000	20.0000	60.0000	2.405118700
290.0000	20.0000	60.0000	0.579817700
300.0000	20.0000	60.0000	1.018818600
310.0000	20.0000	60.0000	1.592383700
320.0000	20.0000	60.0000	0.912345230
330.0000	20.0000	60.0000	0.128814320
340.0000	20.0000	60.0000	0.127497540
350.0000	20.0000	60.0000	0.604264260
360.0000	20.0000	60.0000	1.000000000
0.0000	30.0000	60.0000	1.918156500
10.0000	30.0000	60.0000	1.995305500
20.0000	30.0000	60.0000	0.214704800
30.0000	30.0000	60.0000	0.116036065
40.0000	30.0000	60.0000	0.366928550
50.0000	30.0000	60.0000	0.485547780
60.0000	30.0000	60.0000	0.398428560
70.0000	30.0000	60.0000	1.072707800
80.0000	30.0000	60.0000	2.851463800
90.0000	30.0000	60.0000	1.462515800
100.0000	30.0000	60.0000	1.120166300
110.0000	30.0000	60.0000	0.762623550
120.0000	30.0000	60.0000	1.846505000
130.0000	30.0000	60.0000	2.405290600
140.0000	30.0000	60.0000	1.270354900
150.0000	30.0000	60.0000	0.110085980
160.0000	30.0000	60.0000	0.048148423
170.0000	30.0000	60.0000	1.425029500
180.0000	30.0000	60.0000	1.808242400
190.0000	30.0000	60.0000	2.581154300
200.0000	30.0000	60.0000	1.237322800
210.0000	30.0000	60.0000	0.137196180
220.0000	30.0000	60.0000	0.274310500
230.0000	30.0000	60.0000	0.983515500
240.0000	30.0000	60.0000	0.767018500
250.0000	30.0000	60.0000	0.625899200
260.0000	30.0000	60.0000	1.278503800
270.0000	30.0000	60.0000	3.303505400
280.0000	30.0000	60.0000	1.632162800
290.0000	30.0000	60.0000	0.555955700
300.0000	30.0000	60.0000	1.540633400
310.0000	30.0000	60.0000	4.369480600
320.0000	30.0000	60.0000	2.180215100
330.0000	30.0000	60.0000	0.154669600
340.0000	30.0000	60.0000	0.065427690
350.0000	30.0000	60.0000	1.344591500
360.0000	30.0000	60.0000	1.000000000
0.0000	40.0000	60.0000	0.510579000
10.0000	40.0000	60.0000	1.404558700
20.0000	40.0000	60.0000	1.940013800
30.0000	40.0000	60.0000	0.204439040
40.0000	40.0000	60.0000	0.548751600
50.0000	40.0000	60.0000	1.241685200
60.0000	40.0000	60.0000	0.510315660
70.0000	40.0000	60.0000	0.520762260
80.0000	40.0000	60.0000	1.536352600
90.0000	40.0000	60.0000	0.968936000
100.0000	40.0000	60.0000	0.351721320
110.0000	40.0000	60.0000	0.435814770
120.0000	40.0000	60.0000	1.081957500
130.0000	40.0000	60.0000	1.124806800
140.0000	40.0000	60.0000	1.306950100
150.0000	40.0000	60.0000	0.254496300
160.0000	40.0000	60.0000	0.031976614
170.0000	40.0000	60.0000	0.426861400
180.0000	40.0000	60.0000	2.034418600
190.0000	40.0000	60.0000	5.315297000
200.0000	40.0000	60.0000	2.747526400
210.0000	40.0000	60.0000	0.406332020
220.0000	40.0000	60.0000	0.249017160
230.0000	40.0000	60.0000	0.550618800
240.0000	40.0000	60.0000	0.970912500
250.0000	40.0000	60.0000	0.512703360
260.0000	40.0000	60.0000	0.783642200
270.0000	40.0000	60.0000	0.804726200
280.0000	40.0000	60.0000	0.542486700
290.0000	40.0000	60.0000	0.307859000
300.0000	40.0000	60.0000	0.855222460
310.0000	40.0000	60.0000	4.413835500
320.0000	40.0000	60.0000	1.057016400
330.0000	40.0000	60.0000	0.140430880
340.0000	40.0000	60.0000	0.071653480
350.0000	40.0000	60.0000	0.899429560
360.0000	40.0000	60.0000	1.000000000
0.0000	50.0000	60.0000	2.832073200
10.0000	50.0000	60.0000	3.620732800
20.0000	50.0000	60.0000	1.767630300
30.0000	50.0000	60.0000	0.549383300
40.0000	50.0000	60.0000	0.698115300
50.0000	50.0000	60.0000	0.472466350
60.0000	50.0000	60.0000	0.422176000
70.0000	50.0000	60.0000	0.206298100
80.0000	50.0000	60.0000	0.334097500
90.0000	50.0000	60.0000	2.251793000
100.0000	50.0000	60.0000	1.180782400
110.0000	50.0000	60.0000	0.773809900
120.0000	50.0000	60.0000	1.054975400
130.0000	50.0000	60.0000	0.871953960
140.0000	50.0000	60.0000	0.813597260
150.0000	50.0000	60.0000	0.270875930
160.0000	50.0000	60.0000	0.065800354
170.0000	50.0000	60.0000	0.364837620
180.0000	50.0000	60.0000	1.624864700
190.0000	50.0000	60.0000	2.197153600
200.0000	50.0000	60.0000	0.926984550
210.0000	50.0000	60.0000	0.560888050
220.0000	50.0000	60.0000	0.678667370
230.0000	50.0000	60.0000	0.757756200
240.0000	50.0000	60.0000	0.484383080
250.0000	50.0000	60.0000	0.251869980
260.0000	50.0000	60.0000	0.426344930
270.0000	50.0000	60.0000	0.898316600
280.0000	50.0000	60.0000	0.478688300
290.0000	50.0000	60.0000	0.187217410
300.0000	50.0000	60.0000	0.225006360
310.0000	50.0000	60.0000	0.547921500
320.0000	50.0000	60.0000	0.568422140
330.0000	50.0000	60.0000	0.193615700
340.0000	50.0000	60.0000	0.123664730
350.0000	50.0000	60.0000	0.354047500
360.0000	50.0000	60.0000	1.000000000
0.0000	60.0000	60.0000	0.838510900
10.0000	60.0000	60.0000	1.374617200
20.0000	60.0000	60.0000	1.545789200
30.0000	60.0000	60.0000	0.591660260
40.0000	60.0000	60.0000	0.417331160
50.0000	60.0000	60.0000	0.373959540
60.0000	60.0000	60.0000	0.359449480
70.0000	60.0000	60.0000	0.210378830
80.0000	60.0000	60.0000	0.232475580
90.0000	60.0000	60.0000	1.099808100
100.0000	60.0000	60.0000	2.312744000
110.0000	60.0000	60.0000	1.600645300
120.0000	60.0000	60.0000	1.339568900
130.0000	60.0000	60.0000	1.542115000
140.0000	60.0000	60.0000	0.969405950
150.0000	60.0000	60.0000	0.563866400
160.0000	60.0000	60.0000	0.467769680
170.0000	60.0000	60.0000	0.974645100
180.0000	60.0000	60.0000	1.437372900
190.0000	60.0000	60.0000	1.877301600
200.0000	60.0000	60.0000	0.670022900
210.0000	60.0000	60.0000	0.214544100
220.0000	60.0000	60.0000	0.286670240
230.0000	60.0000	60.0000	0.446388660
240.0000	60.0000	60.0000	0.380434240
250.0000	60.0000	60.0000	0.290516530
260.0000	60.0000	60.0000	0.489001600
270.0000	60.0000	60.0000	1.458689000
280.0000	60.0000	60.0000	0.331708940
290.0000	60.0000	60.0000	0.100264630
300.0000	60.0000	60.0000	0.129733980
310.0000	60.0000	60.0000	0.537938950
320.0000	60.0000	60.0000	1.211898700
330.0000	60.0000	60.0000	0.976056640
340.0000	60.0000	60.0000	0.512756470
350.0000	60.0000	60.0000	0.528021000
360.0000	60.0000	60.0000	1.000000000
0.0000	70.0000	60.0000	1.747633200
10.0000	70.0000	60.0000	1.250653100
20.0000	70.0000	60.0000	0.833046200
30.0000	70.0000	60.0000	0.324677020
40.0000	70.0000	60.0000	0.184483570
50.0000	70.0000	60.0000	0.372273900
60.0000	70.0000	60.0000	0.497848100
70.0000	70.0000	60.0000	0.423655240
80.0000	70.0000	60.0000	0.323651760
90.0000	70.0000	60.0000	0.206306310
100.0000	70.0000	60.0000	0.456854600
110.0000	70.0000	60.0000	0.721596060
120.0000	70.0000	60.0000	0.625774700
130.0000	70.0000	60.0000	0.434829300
140.0000	70.0000	60.0000	0.607036900
150.0000	70.0000	60.0000	0.849524500
160.0000	70.0000	60.0000	1.686718500
170.0000	70.0000	60.0000	1.346877600
180.0000	70.0000	60.0000	0.730793400
190.0000	70.0000	60.0000	1.541643600
200.0000	70.0000	60.0000	1.091836200
210.0000	70.0000	60.0000	0.228766600
220.0000	70.0000	60.0000	0.143964130
230.0000	70.0000	60.0000	0.396473530
240.0000	70.0000	60.0000	0.520523970
250.0000	70.0000	60.0000	0.424596130
260.0000	70.0000	60.0000	0.458484260
270.0000	70.0000	60.0000	0.456017760
280.0000	70.0000	60.0000	0.121334840
290.0000	70.0000	60.0000	0.122239605
300.0000	70.0000	60.0000	0.160489320
310.0000	70.0000	60.0000	0.271522160
320.0000	70.0000	60.0000	0.501426900
330.0000	70.0000	60.0000	0.674321700
340.0000	70.0000	60.0000	0.645167000
350.0000	70.0000	60.0000	1.050114600
360.0000	70.0000	60.0000	1.000000000
0.0000	80.0000	60.0000	0.354560820
10.0000	80.0000	60.0000	0.514147460
20.0000	80.0000	60.0000	0.983635540
30.0000	80.0000	60.0000	0.449416940
40.0000	80.0000	60.0000	0.522971500
50.0000	80.0000	60.0000	0.597606600
60.0000	80.0000	60.0000	0.512045150
70.0000	80.0000	60.0000	0.808940100
80.0000	80.0000	60.0000	0.675204700
90.0000	80.0000	60.0000	0.450292620
100.0000	80.0000	60.0000	0.644267700
110.0000	80.0000	60.0000	0.447977480
120.0000	80.0000	60.0000	0.380085950
130.0000	80.0000	60.0000	0.265059980
140.0000	80.0000	60.0000	0.560562250
150.0000	80.0000	60.0000	1.047626700
160.0000	80.0000	60.0000	1.975055100
170.0000	80.0000	60.0000	1.973134600
180.0000	80.0000	60.0000	1.644786600
190.0000	80.0000	60.0000	1.979172100
200.0000	80.0000	60.0000	1.902743700
210.0000	80.0000	60.0000	0.640188930
220.0000	80.0000	60.0000	0.592554000
230.0000	80.0000	60.0000	0.849629100
240.0000	80.0000	60.0000	0.711079100
250.0000	80.0000	60.0000	0.779517230
260.0000	80.0000	60.0000	0.538925350
270.0000	80.0000	60.0000	0.383945080
280.0000	80.0000	60.0000	0.300508980
290.0000	80.0000	60.0000	0.359062850
300.0000	80.0000	60.0000	0.716244300
310.0000	80.0000	60.0000	0.552771200
320.0000	80.0000	60.0000	0.249719700
330.0000	80.0000	60.0000	0.302201420
340.0000	80.0000	60.0000	0.505994200
350.0000	80.0000	60.0000	1.815573700
360.0000	80.0000	60.0000	1.000000000
0.0000	90.0000	60.0000	5.837786700
10.0000	90.0000	60.0000	2.004131300
20.0000	90.0000	60.0000	1.902814500
30.0000	90.0000	60.0000	0.892769400
40.0000	90.0000	60.0000	2.221811800
50.0000	90.0000	60.0000	1.108783000
60.0000	90.0000	60.0000	0.755567500
70.0000	90.0000	60.0000	1.475633600
80.0000	90.0000	60.0000	0.962948740
90.0000	90.0000	60.0000	0.589977560
100.0000	90.0000	60.0000	0.637472900
110.0000	90.0000	60.0000	0.502921000
120.0000	90.0000	60.0000	0.699714000
130.0000	90.0000	60.0000	0.682106400
140.0000	90.0000	60.0000	1.216041800
150.0000	90.0000	60.0000	2.296528800
160.0000	90.0000	60.0000	2.350902300
170.0000	90.0000	60.0000	1.901597500
180.0000	90.0000	60.0000	2.833162000
190.0000	90.0000	60.0000	4.507910700
200.0000	90.0000	60.0000	1.746352200
210.0000	90.0000	60.0000	0.887199700
220.0000	90.0000	60.0000	1.602026300
230.0000	90.0000	60.0000	1.151965300
240.0000	90.0000	60.0000	0.655955730
250.0000	90.0000	60.0000	2.391709800
260.0000	90.0000	60.0000	0.843032240
270.0000	90.0000	60.0000	0.713179230
280.0000	90.0000	60.0000	0.617426460
290.0000	90.0000	60.0000	0.368365530
300.0000	90.0000	60.0000	1.236447000
310.0000	90.0000	60.0000	1.516955500
320.0000	90.0000	60.0000	0.317737040
330.0000	90.0000	60.0000	0.436338840
340.0000	90.0000	60.0000	0.730985940
350.0000	90.0000	60.0000	1.860208200
360.0000	90.0000	60.0000	1.000000000
