0.0000	0.0000	0.0000	0.269376800
10.0000	0.0000	0.0000	0.262704300
20.0000	0.0000	0.0000	0.571250260
30.0000	0.0000	0.0000	0.544262650
40.0000	0.0000	0.0000	0.764510100
50.0000	0.0000	0.0000	0.818184550
60.0000	0.0000	0.0000	0.361981800
70.0000	0.0000	0.0000	0.620782300
80.0000	0.0000	0.0000	0.473023530
90.0000	0.0000	0.0000	1.132267700
100.0000	0.0000	0.0000	1.910048100
110.0000	0.0000	0.0000	2.273979000
120.0000	0.0000	0.0000	2.096729000
130.0000	0.0000	0.0000	2.273878300
140.0000	0.0000	0.0000	2.031220000
150.0000	0.0000	0.0000	1.253856300
160.0000	0.0000	0.0000	0.867380560
170.0000	0.0000	0.0000	0.358889280
180.0000	0.0000	0.0000	0.145993810
190.0000	0.0000	0.0000	0.726771350
200.0000	0.0000	0.0000	0.568954900
210.0000	0.0000	0.0000	0.273176520
220.0000	0.0000	0.0000	0.471163120
230.0000	0.0000	0.0000	0.699863700
240.0000	0.0000	0.0000	0.148056900
250.0000	0.0000	0.0000	0.439050140
260.0000	0.0000	0.0000	0.443531040
270.0000	0.0000	0.0000	1.049839700
280.0000	0.0000	0.0000	1.597865500
290.0000	0.0000	0.0000	1.693660700
300.0000	0.0000	0.0000	1.760029000
310.0000	0.0000	0.0000	2.515922500
320.0000	0.0000	0.0000	1.858663000
330.0000	0.0000	0.0000	0.961538730
340.0000	0.0000	0.0000	0.851166600
350.0000	0.0000	0.0000	1.434904200
360.0000	0.0000	0.0000	1.000000000
0.0000	10.0000	0.0000	0.753096940
10.0000	10.0000	0.0000	1.191902500
20.0000	10.0000	0.0000	2.525378500
30.0000	10.0000	0.0000	0.329934150
40.0000	10.0000	0.0000	2.118643500
50.0000	10.0000	0.0000	0.539436900
60.0000	10.0000	0.0000	0.861557200
70.0000	10.0000	0.0000	6.958050300
80.0000	10.0000	0.0000	0.214308930
90.0000	10.0000	0.0000	0.820157800
100.0000	10.0000	0.0000	1.591292400
110.0000	10.0000	0.0000	2.808082800
120.0000	10.0000	0.0000	3.596646500
130.0000	10.0000	0.0000	4.275600400
140.0000	10.0000	0.0000	1.301310100
150.0000	10.0000	0.0000	0.301359800
160.0000	10.0000	0.0000	1.322903600
170.0000	10.0000	0.0000	2.206036600
180.0000	10.0000	0.0000	1.673689700
190.0000	10.0000	0.0000	6.159743300
200.0000	10.0000	0.0000	1.104249700
210.0000	10.0000	0.0000	0.122121350
220.0000	10.0000	0.0000	2.811693400
230.0000	10.0000	0.0000	1.293561600
240.0000	10.0000	0.0000	0.210027430
250.0000	10.0000	0.0000	0.702681060
260.0000	10.0000	0.0000	0.238913580
270.0000	10.0000	0.0000	2.010952500
280.0000	10.0000	0.0000	2.355545000
290.0000	10.0000	0.0000	2.295105700
300.0000	10.0000	0.0000	2.321443000
310.0000	10.0000	0.0000	3.224854200
320.0000	10.0000	0.0000	1.161058500
330.0000	10.0000	0.0000	0.360798540
340.0000	10.0000	0.0000	2.224524300
350.0000	10.0000	0.0000	4.428321000
360.0000	10.0000	0.0000	1.000000000
0.0000	20.0000	0.0000	2.294895600
10.0000	20.0000	0.0000	3.056158300
20.0000	20.0000	0.0000	0.275980260
30.0000	20.0000	0.0000	0.062927954
40.0000	20.0000	0.0000	0.362402050
50.0000	20.0000	0.0000	1.015461800
60.0000	20.0000	0.0000	1.835250400
70.0000	20.0000	0.0000	0.807677700
80.0000	20.0000	0.0000	0.394516300
90.0000	20.0000	0.0000	0.369082330
100.0000	20.0000	0.0000	1.350841000
110.0000	20.0000	0.0000	1.670899300
120.0000	20.0000	0.0000	2.681712200
130.0000	20.0000	0.0000	5.456916300
140.0000	20.0000	0.0000	0.313088330
150.0000	20.0000	0.0000	0.043720227
160.0000	20.0000	0.0000	0.442463870
170.0000	20.0000	0.0000	1.355937200
180.0000	20.0000	0.0000	1.224575400
190.0000	20.0000	0.0000	4.649354500
200.0000	20.0000	0.0000	0.209102180
210.0000	20.0000	0.0000	0.105709545
220.0000	20.0000	0.0000	1.285133700
230.0000	20.0000	0.0000	0.944367100
240.0000	20.0000	0.0000	0.902945500
250.0000	20.0000	0.0000	1.106600200
260.0000	20.0000	0.0000	0.436589270
270.0000	20.0000	0.0000	0.570713640
280.0000	20.0000	0.0000	1.908373700
290.0000	20.0000	0.0000	3.930120200
300.0000	20.0000	0.0000	2.409758800
310.0000	20.0000	0.0000	2.258433300
320.0000	20.0000	0.0000	0.859929100
330.0000	20.0000	0.0000	0.071501610
340.0000	20.0000	0.0000	0.318394570
350.0000	20.0000	0.0000	0.558855000
360.0000	20.0000	0.0000	1.000000000
0.0000	30.0000	0.0000	1.756129000
10.0000	30.0000	0.0000	1.693566200
20.0000	30.0000	0.0000	0.061150590
30.0000	30.0000	0.0000	0.142842550
40.0000	30.0000	0.0000	0.714830460
50.0000	30.0000	0.0000	3.415685200
60.0000	30.0000	0.0000	2.678443400
70.0000	30.0000	0.0000	0.653990150
80.0000	30.0000	0.0000	0.587481200
90.0000	30.0000	0.0000	0.654125500
100.0000	30.0000	0.0000	1.378430000
110.0000	30.0000	0.0000	0.812685300
120.0000	30.0000	0.0000	1.215953600
130.0000	30.0000	0.0000	1.169488800
140.0000	30.0000	0.0000	0.155977950
150.0000	30.0000	0.0000	0.054067023
160.0000	30.0000	0.0000	0.388003440
170.0000	30.0000	0.0000	2.913092000
180.0000	30.0000	0.0000	3.102569800
190.0000	30.0000	0.0000	1.647277700
200.0000	30.0000	0.0000	0.103212300
210.0000	30.0000	0.0000	0.283583970
220.0000	30.0000	0.0000	1.255749800
230.0000	30.0000	0.0000	1.427250400
240.0000	30.0000	0.0000	0.838018500
250.0000	30.0000	0.0000	0.450782450
260.0000	30.0000	0.0000	0.574831900
270.0000	30.0000	0.0000	0.612106740
280.0000	30.0000	0.0000	0.809935200
290.0000	30.0000	0.0000	1.544654000
300.0000	30.0000	0.0000	1.120485000
310.0000	30.0000	0.0000	0.685002800
320.0000	30.0000	0.0000	0.375004770
330.0000	30.0000	0.0000	0.122899040
340.0000	30.0000	0.0000	0.244703780
350.0000	30.0000	0.0000	0.818513630
360.0000	30.0000	0.0000	1.000000000
0.0000	40.0000	0.0000	0.454514270
10.0000	40.0000	0.0000	0.482641370
20.0000	40.0000	0.0000	0.048698140
30.0000	40.0000	0.0000	0.240721230
40.0000	40.0000	0.0000	0.788743500
50.0000	40.0000	0.0000	1.172803600
60.0000	40.0000	0.0000	2.669333000
70.0000	40.0000	0.0000	0.519738300
80.0000	40.0000	0.0000	0.219064940
90.0000	40.0000	0.0000	0.737352670
100.0000	40.0000	0.0000	2.017054600
110.0000	40.0000	0.0000	0.898045240
120.0000	40.0000	0.0000	0.362240940
130.0000	40.0000	0.0000	0.522553100
140.0000	40.0000	0.0000	0.511457600
150.0000	40.0000	0.0000	0.206076380
160.0000	40.0000	0.0000	1.162715100
170.0000	40.0000	0.0000	1.352894000
180.0000	40.0000	0.0000	2.093840800
190.0000	40.0000	0.0000	2.021501300
200.0000	40.0000	0.0000	0.106676170
210.0000	40.0000	0.0000	0.329470300
220.0000	40.0000	0.0000	0.867459700
230.0000	40.0000	0.0000	1.657921300
240.0000	40.0000	0.0000	0.487987940
250.0000	40.0000	0.0000	0.214502560
260.0000	40.0000	0.0000	0.341375600
270.0000	40.0000	0.0000	0.355171680
280.0000	40.0000	0.0000	0.375305180
290.0000	40.0000	0.0000	0.604815000
300.0000	40.0000	0.0000	1.093102500
310.0000	40.0000	0.0000	0.622528000
320.0000	40.0000	0.0000	0.458073470
330.0000	40.0000	0.0000	0.771132770
340.0000	40.0000	0.0000	3.230419600
350.0000	40.0000	0.0000	1.398440200
360.0000	40.0000	0.0000	1.000000000
0.0000	50.0000	0.0000	2.410258000
10.0000	50.0000	0.0000	1.440193300
20.0000	50.0000	0.0000	0.165750410
30.0000	50.0000	0.0000	0.566061440
40.0000	50.0000	0.0000	0.441058930
50.0000	50.0000	0.0000	0.227755100
60.0000	50.0000	0.0000	0.147464160
70.0000	50.0000	0.0000	0.117774084
80.0000	50.0000	0.0000	0.303569440
90.0000	50.0000	0.0000	0.801577700
100.0000	50.0000	0.0000	0.574679900
110.0000	50.0000	0.0000	0.402940840
120.0000	50.0000	0.0000	0.645872530
130.0000	50.0000	0.0000	0.542327300
140.0000	50.0000	0.0000	0.589768200
150.0000	50.0000	0.0000	0.445177760
160.0000	50.0000	0.0000	0.743891060
170.0000	50.0000	0.0000	0.871196700
180.0000	50.0000	0.0000	1.536614100
190.0000	50.0000	0.0000	1.088200800
200.0000	50.0000	0.0000	0.143399660
210.0000	50.0000	0.0000	0.359269770
220.0000	50.0000	0.0000	0.706045500
230.0000	50.0000	0.0000	0.687454800
240.0000	50.0000	0.0000	0.641228700
250.0000	50.0000	0.0000	0.953665730
260.0000	50.0000	0.0000	0.653141300
270.0000	50.0000	0.0000	0.514344450
280.0000	50.0000	0.0000	0.605165100
290.0000	50.0000	0.0000	0.364600870
300.0000	50.0000	0.0000	0.337344770
310.0000	50.0000	0.0000	0.468639900
320.0000	50.0000	0.0000	0.471327300
330.0000	50.0000	0.0000	0.885130760
340.0000	50.0000	0.0000	1.842513600
350.0000	50.0000	0.0000	0.825335900
360.0000	50.0000	0.0000	1.000000000
0.0000	60.0000	0.0000	1.145582100
10.0000	60.0000	0.0000	0.852289000
20.0000	60.0000	0.0000	1.026992700
30.0000	60.0000	0.0000	1.286139700
40.0000	60.0000	0.0000	0.452076170
50.0000	60.0000	0.0000	0.311288770
60.0000	60.0000	0.0000	0.134574060
70.0000	60.0000	0.0000	0.071906365
80.0000	60.0000	0.0000	0.187496920
90.0000	60.0000	0.0000	0.361283720
100.0000	60.0000	0.0000	0.337786730
110.0000	60.0000	0.0000	0.507452960
120.0000	60.0000	0.0000	0.873995000
130.0000	60.0000	0.0000	0.462612100
140.0000	60.0000	0.0000	0.284445300
150.0000	60.0000	0.0000	0.259140220
160.0000	60.0000	0.0000	0.465879140
170.0000	60.0000	0.0000	1.514518300
180.0000	60.0000	0.0000	1.908988100
190.0000	60.0000	0.0000	1.335094000
200.0000	60.0000	0.0000	0.667193060
210.0000	60.0000	0.0000	0.681383700
220.0000	60.0000	0.0000	1.070701400
230.0000	60.0000	0.0000	0.905756600
240.0000	60.0000	0.0000	0.565545900
250.0000	60.0000	0.0000	1.536089800
260.0000	60.0000	0.0000	2.061914000
270.0000	60.0000	0.0000	0.854838800
280.0000	60.0000	0.0000	0.562160700
290.0000	60.0000	0.0000	0.384064050
300.0000	60.0000	0.0000	0.293322440
310.0000	60.0000	0.0000	0.213613050
320.0000	60.0000	0.0000	0.275582130
330.0000	60.0000	0.0000	0.175424870
340.0000	60.0000	0.0000	0.482746570
350.0000	60.0000	0.0000	2.923479300
360.0000	60.0000	0.0000	1.000000000
0.0000	70.0000	0.0000	1.646139100
10.0000	70.0000	0.0000	1.547128900
20.0000	70.0000	0.0000	1.242967100
30.0000	70.0000	0.0000	0.828070200
40.0000	70.0000	0.0000	0.413005980
50.0000	70.0000	0.0000	0.217685610
60.0000	70.0000	0.0000	0.302593900
70.0000	70.0000	0.0000	0.091605045
80.0000	70.0000	0.0000	0.036272712
90.0000	70.0000	0.0000	0.106136926
100.0000	70.0000	0.0000	0.421109050
110.0000	70.0000	0.0000	0.500997840
120.0000	70.0000	0.0000	0.433776920
130.0000	70.0000	0.0000	0.549959000
140.0000	70.0000	0.0000	0.230877320
150.0000	70.0000	0.0000	0.199826610
160.0000	70.0000	0.0000	0.606425000
170.0000	70.0000	0.0000	1.118087500
180.0000	70.0000	0.0000	1.085758000
190.0000	70.0000	0.0000	2.237117800
200.0000	70.0000	0.0000	1.268507800
210.0000	70.0000	0.0000	0.716102240
220.0000	70.0000	0.0000	0.573094250
230.0000	70.0000	0.0000	0.228641030
240.0000	70.0000	0.0000	0.241725580
250.0000	70.0000	0.0000	0.976204800
260.0000	70.0000	0.0000	1.273926100
270.0000	70.0000	0.0000	0.439332200
280.0000	70.0000	0.0000	0.422057570
290.0000	70.0000	0.0000	0.601518630
300.0000	70.0000	0.0000	0.295444500
310.0000	70.0000	0.0000	0.176871850
320.0000	70.0000	0.0000	0.220511290
330.0000	70.0000	0.0000	0.274912120
340.0000	70.0000	0.0000	0.617444500
350.0000	70.0000	0.0000	2.217917200
360.0000	70.0000	0.0000	1.000000000
0.0000	80.0000	0.0000	0.302201330
10.0000	80.0000	0.0000	0.791879650
20.0000	80.0000	0.0000	1.204878300
30.0000	80.0000	0.0000	0.361632380
40.0000	80.0000	0.0000	0.492876000
50.0000	80.0000	0.0000	0.411444540
60.0000	80.0000	0.0000	0.420735780
70.0000	80.0000	0.0000	0.248809810
80.0000	80.0000	0.0000	0.093857326
90.0000	80.0000	0.0000	0.224094470
100.0000	80.0000	0.0000	0.577222800
110.0000	80.0000	0.0000	0.369860320
120.0000	80.0000	0.0000	0.229125950
130.0000	80.0000	0.0000	0.483382340
140.0000	80.0000	0.0000	0.579562800
150.0000	80.0000	0.0000	0.820093200
160.0000	80.0000	0.0000	1.570563000
170.0000	80.0000	0.0000	1.914271700
180.0000	80.0000	0.0000	2.783052000
190.0000	80.0000	0.0000	3.983734400
200.0000	80.0000	0.0000	1.011562800
210.0000	80.0000	0.0000	0.981079200
220.0000	80.0000	0.0000	0.638255540
230.0000	80.0000	0.0000	0.130675750
240.0000	80.0000	0.0000	0.353193820
250.0000	80.0000	0.0000	0.671995040
260.0000	80.0000	0.0000	0.574931400
270.0000	80.0000	0.0000	0.694510340
280.0000	80.0000	0.0000	0.724085570
290.0000	80.0000	0.0000	0.740440800
300.0000	80.0000	0.0000	0.331639830
310.0000	80.0000	0.0000	0.581641000
320.0000	80.0000	0.0000	0.805766050
330.0000	80.0000	0.0000	1.035246300
340.0000	80.0000	0.0000	1.055571100
350.0000	80.0000	0.0000	1.165767100
360.0000	80.0000	0.0000	1.000000000
0.0000	90.0000	0.0000	5.450898000
10.0000	90.0000	0.0000	2.382532400
20.0000	90.0000	0.0000	1.939465400
30.0000	90.0000	0.0000	0.342104000
40.0000	90.0000	0.0000	0.683409700
50.0000	90.0000	0.0000	1.063024600
60.0000	90.0000	0.0000	0.674666050
70.0000	90.0000	0.0000	0.312120440
80.0000	90.0000	0.0000	0.130534220
90.0000	90.0000	0.0000	0.432235120
100.0000	90.0000	0.0000	0.947608350
110.0000	90.0000	0.0000	0.454939720
120.0000	90.0000	0.0000	0.243532360
130.0000	90.0000	0.0000	0.444143740
140.0000	90.0000	0.0000	1.513578000
150.0000	90.0000	0.0000	3.174600600
160.0000	90.0000	0.0000	3.935996500
170.0000	90.0000	0.0000	2.797047100
180.0000	90.0000	0.0000	3.696340600
190.0000	90.0000	0.0000	2.926352700
200.0000	90.0000	0.0000	1.136982700
210.0000	90.0000	0.0000	3.146009400
220.0000	90.0000	0.0000	1.562126900
230.0000	90.0000	0.0000	0.286298720
240.0000	90.0000	0.0000	0.516977250
250.0000	90.0000	0.0000	0.573046000
260.0000	90.0000	0.0000	0.430905550
270.0000	90.0000	0.0000	0.722856800
280.0000	90.0000	0.0000	0.945568140
290.0000	90.0000	0.0000	1.488642900
300.0000	90.0000	0.0000	0.627513950
310.0000	90.0000	0.0000	1.468388600
320.0000	90.0000	0.0000	1.939660300
330.0000	90.0000	0.0000	1.525898900
340.0000	90.0000	0.0000	1.539417700
350.0000	90.0000	0.0000	2.697044400
360.0000	90.0000	0.0000	1.000000000
0.0000	0.0000	10.0000	1.000000000
10.0000	0.0000	10.0000	1.000000000
20.0000	0.0000	10.0000	1.000000000
30.0000	0.0000	10.0000	1.000000000
40.0000	0.0000	10.0000	1.000000000
50.0000	0.0000	10.0000	1.000000000
60.0000	0.0000	10.0000	1.000000000
70.0000	0.0000	10.0000	1.000000000
80.0000	0.0000	10.0000	1.000000000
90.0000	0.0000	10.0000	1.000000000
100.0000	0.0000	10.0000	1.000000000
110.0000	0.0000	10.0000	1.000000000
120.0000	0.0000	10.0000	1.000000000
130.0000	0.0000	10.0000	1.000000000
140.0000	0.0000	10.0000	1.000000000
150.0000	0.0000	10.0000	1.000000000
160.0000	0.0000	10.0000	1.000000000
170.0000	0.0000	10.0000	1.000000000
180.0000	0.0000	10.0000	1.000000000
190.0000	0.0000	10.0000	1.000000000
200.0000	0.0000	10.0000	1.000000000
210.0000	0.0000	10.0000	1.000000000
220.0000	0.0000	10.0000	1.000000000
230.0000	0.0000	10.0000	1.000000000
240.0000	0.0000	10.0000	1.000000000
250.0000	0.0000	10.0000	1.000000000
260.0000	0.0000	10.0000	1.000000000
270.0000	0.0000	10.0000	1.000000000
280.0000	0.0000	10.0000	1.000000000
290.0000	0.0000	10.0000	1.000000000
300.0000	0.0000	10.0000	1.000000000
310.0000	0.0000	10.0000	1.000000000
320.0000	0.0000	10.0000	1.000000000
330.0000	0.0000	10.0000	1.000000000
340.0000	0.0000	10.0000	1.000000000
350.0000	0.0000	10.0000	1.000000000
360.0000	0.0000	10.0000	1.000000000
0.0000	10.0000	10.0000	0.753631650
10.0000	10.0000	10.0000	0.748245300
20.0000	10.0000	10.0000	1.798410200
30.0000	10.0000	10.0000	0.367298220
40.0000	10.0000	10.0000	0.744200700
50.0000	10.0000	10.0000	1.356584100
60.0000	10.0000	10.0000	2.682612200
70.0000	10.0000	10.0000	1.522371300
80.0000	10.0000	10.0000	0.288225050
90.0000	10.0000	10.0000	0.798614200
100.0000	10.0000	10.0000	1.382263800
110.0000	10.0000	10.0000	2.394756600
120.0000	10.0000	10.0000	2.939083800
130.0000	10.0000	10.0000	2.020597700
140.0000	10.0000	10.0000	0.782005200
150.0000	10.0000	10.0000	0.383406300
160.0000	10.0000	10.0000	1.799422600
170.0000	10.0000	10.0000	2.567706000
180.0000	10.0000	10.0000	1.806297800
190.0000	10.0000	10.0000	2.524748800
200.0000	10.0000	10.0000	1.042351500
210.0000	10.0000	10.0000	0.257035700
220.0000	10.0000	10.0000	1.620382800
230.0000	10.0000	10.0000	0.932463700
240.0000	10.0000	10.0000	0.604627400
250.0000	10.0000	10.0000	0.527658400
260.0000	10.0000	10.0000	0.095506474
270.0000	10.0000	10.0000	0.987948100
280.0000	10.0000	10.0000	1.930171800
290.0000	10.0000	10.0000	1.882111900
300.0000	10.0000	10.0000	1.962089000
310.0000	10.0000	10.0000	1.820095800
320.0000	10.0000	10.0000	0.809677600
330.0000	10.0000	10.0000	0.439646840
340.0000	10.0000	10.0000	3.006631400
350.0000	10.0000	10.0000	4.936632000
360.0000	10.0000	10.0000	1.000000000
0.0000	20.0000	10.0000	2.157920100
10.0000	20.0000	10.0000	1.794428300
20.0000	20.0000	10.0000	0.247588720
30.0000	20.0000	10.0000	0.108220710
40.0000	20.0000	10.0000	0.363362250
50.0000	20.0000	10.0000	1.357309700
60.0000	20.0000	10.0000	1.159986100
70.0000	20.0000	10.0000	0.388434830
80.0000	20.0000	10.0000	0.330024000
90.0000	20.0000	10.0000	0.405332480
100.0000	20.0000	10.0000	0.865329700
110.0000	20.0000	10.0000	1.132303200
120.0000	20.0000	10.0000	0.843865330
130.0000	20.0000	10.0000	0.365605200
140.0000	20.0000	10.0000	0.086394700
150.0000	20.0000	10.0000	0.068531490
160.0000	20.0000	10.0000	0.708775000
170.0000	20.0000	10.0000	1.288766000
180.0000	20.0000	10.0000	0.856326040
190.0000	20.0000	10.0000	1.501998800
200.0000	20.0000	10.0000	0.267485740
210.0000	20.0000	10.0000	0.193567230
220.0000	20.0000	10.0000	0.580341460
230.0000	20.0000	10.0000	1.132896300
240.0000	20.0000	10.0000	0.994929550
250.0000	20.0000	10.0000	1.100991700
260.0000	20.0000	10.0000	0.467661800
270.0000	20.0000	10.0000	0.280726200
280.0000	20.0000	10.0000	0.860999460
290.0000	20.0000	10.0000	1.132951600
300.0000	20.0000	10.0000	0.543457000
310.0000	20.0000	10.0000	0.618145170
320.0000	20.0000	10.0000	0.230985250
330.0000	20.0000	10.0000	0.052579200
340.0000	20.0000	10.0000	0.474549620
350.0000	20.0000	10.0000	0.621475200
360.0000	20.0000	10.0000	1.000000000
0.0000	30.0000	10.0000	1.387877500
10.0000	30.0000	10.0000	0.718825760
20.0000	30.0000	10.0000	0.053999960
30.0000	30.0000	10.0000	0.230048330
40.0000	30.0000	10.0000	1.022429300
50.0000	30.0000	10.0000	1.838300800
60.0000	30.0000	10.0000	0.961858000
70.0000	30.0000	10.0000	0.524502900
80.0000	30.0000	10.0000	0.680760150
90.0000	30.0000	10.0000	0.647167860
100.0000	30.0000	10.0000	1.094662100
110.0000	30.0000	10.0000	1.545547000
120.0000	30.0000	10.0000	2.062870300
130.0000	30.0000	10.0000	0.688389500
140.0000	30.0000	10.0000	0.128973350
150.0000	30.0000	10.0000	0.222003950
160.0000	30.0000	10.0000	2.070052000
170.0000	30.0000	10.0000	3.175430000
180.0000	30.0000	10.0000	1.781599800
190.0000	30.0000	10.0000	0.452421070
200.0000	30.0000	10.0000	0.069886320
210.0000	30.0000	10.0000	0.231523070
220.0000	30.0000	10.0000	0.839167300
230.0000	30.0000	10.0000	1.490310300
240.0000	30.0000	10.0000	0.934796800
250.0000	30.0000	10.0000	0.628480400
260.0000	30.0000	10.0000	0.694658600
270.0000	30.0000	10.0000	0.400238130
280.0000	30.0000	10.0000	0.604915700
290.0000	30.0000	10.0000	3.026339500
300.0000	30.0000	10.0000	1.733748900
310.0000	30.0000	10.0000	1.169886400
320.0000	30.0000	10.0000	0.331194460
330.0000	30.0000	10.0000	0.190689820
340.0000	30.0000	10.0000	0.360315700
350.0000	30.0000	10.0000	0.811132850
360.0000	30.0000	10.0000	1.000000000
0.0000	40.0000	10.0000	0.244791370
10.0000	40.0000	10.0000	0.166519170
20.0000	40.0000	10.0000	0.047832960
30.0000	40.0000	10.0000	0.364181130
40.0000	40.0000	10.0000	1.321430200
50.0000	40.0000	10.0000	0.926684100
60.0000	40.0000	10.0000	0.576668860
70.0000	40.0000	10.0000	0.424683400
80.0000	40.0000	10.0000	0.398804900
90.0000	40.0000	10.0000	0.797012500
100.0000	40.0000	10.0000	1.305726200
110.0000	40.0000	10.0000	1.171482300
120.0000	40.0000	10.0000	0.857854550
130.0000	40.0000	10.0000	0.594412400
140.0000	40.0000	10.0000	0.458236340
150.0000	40.0000	10.0000	0.514709900
160.0000	40.0000	10.0000	1.572422100
170.0000	40.0000	10.0000	0.887015000
180.0000	40.0000	10.0000	1.407298200
190.0000	40.0000	10.0000	0.607290800
200.0000	40.0000	10.0000	0.095515855
210.0000	40.0000	10.0000	0.533573700
220.0000	40.0000	10.0000	1.605155500
230.0000	40.0000	10.0000	1.652208600
240.0000	40.0000	10.0000	0.681095960
250.0000	40.0000	10.0000	0.354419900
260.0000	40.0000	10.0000	0.385159100
270.0000	40.0000	10.0000	0.325538430
280.0000	40.0000	10.0000	0.373519750
290.0000	40.0000	10.0000	0.950141670
300.0000	40.0000	10.0000	1.082963500
310.0000	40.0000	10.0000	0.873871600
320.0000	40.0000	10.0000	0.483478500
330.0000	40.0000	10.0000	0.739311160
340.0000	40.0000	10.0000	2.057715000
350.0000	40.0000	10.0000	1.143204700
360.0000	40.0000	10.0000	1.000000000
0.0000	50.0000	10.0000	1.344907800
10.0000	50.0000	10.0000	0.604276000
20.0000	50.0000	10.0000	0.154759620
30.0000	50.0000	10.0000	0.454855600
40.0000	50.0000	10.0000	0.704342000
50.0000	50.0000	10.0000	0.453832900
60.0000	50.0000	10.0000	0.177088990
70.0000	50.0000	10.0000	0.213412260
80.0000	50.0000	10.0000	0.669457260
90.0000	50.0000	10.0000	1.094385100
100.0000	50.0000	10.0000	0.666207900
110.0000	50.0000	10.0000	0.563063100
120.0000	50.0000	10.0000	0.514990900
130.0000	50.0000	10.0000	0.554774200
140.0000	50.0000	10.0000	0.714546200
150.0000	50.0000	10.0000	0.416153500
160.0000	50.0000	10.0000	0.308493140
170.0000	50.0000	10.0000	0.512172300
180.0000	50.0000	10.0000	1.045200100
190.0000	50.0000	10.0000	0.398780520
200.0000	50.0000	10.0000	0.138213380
210.0000	50.0000	10.0000	0.565734150
220.0000	50.0000	10.0000	1.191112500
230.0000	50.0000	10.0000	1.127959800
240.0000	50.0000	10.0000	0.908291600
250.0000	50.0000	10.0000	1.128777900
260.0000	50.0000	10.0000	0.551332240
270.0000	50.0000	10.0000	0.421006980
280.0000	50.0000	10.0000	0.582692900
290.0000	50.0000	10.0000	0.614589900
300.0000	50.0000	10.0000	0.529363200
310.0000	50.0000	10.0000	0.589589000
320.0000	50.0000	10.0000	0.415157260
330.0000	50.0000	10.0000	0.613334500
340.0000	50.0000	10.0000	1.000331800
350.0000	50.0000	10.0000	0.607581440
360.0000	50.0000	10.0000	1.000000000
0.0000	60.0000	10.0000	0.578488400
10.0000	60.0000	10.0000	0.384773220
20.0000	60.0000	10.0000	0.449812500
30.0000	60.0000	10.0000	0.596034200
40.0000	60.0000	10.0000	0.481276330
50.0000	60.0000	10.0000	0.531654060
60.0000	60.0000	10.0000	0.305954840
70.0000	60.0000	10.0000	0.414933120
80.0000	60.0000	10.0000	0.800648870
90.0000	60.0000	10.0000	0.369407120
100.0000	60.0000	10.0000	0.245600670
110.0000	60.0000	10.0000	0.518356560
120.0000	60.0000	10.0000	0.492085300
130.0000	60.0000	10.0000	0.288681200
140.0000	60.0000	10.0000	0.275865380
150.0000	60.0000	10.0000	0.310769400
160.0000	60.0000	10.0000	0.386507800
170.0000	60.0000	10.0000	1.071094400
180.0000	60.0000	10.0000	1.209581000
190.0000	60.0000	10.0000	0.489539700
200.0000	60.0000	10.0000	0.271782300
210.0000	60.0000	10.0000	0.590579750
220.0000	60.0000	10.0000	0.984736560
230.0000	60.0000	10.0000	1.207489600
240.0000	60.0000	10.0000	0.814699770
250.0000	60.0000	10.0000	1.441075600
260.0000	60.0000	10.0000	1.248046300
270.0000	60.0000	10.0000	0.665478900
280.0000	60.0000	10.0000	0.484958350
290.0000	60.0000	10.0000	0.324493650
300.0000	60.0000	10.0000	0.240217160
310.0000	60.0000	10.0000	0.224079360
320.0000	60.0000	10.0000	0.301674780
330.0000	60.0000	10.0000	0.397210060
340.0000	60.0000	10.0000	0.764989140
350.0000	60.0000	10.0000	1.840415100
360.0000	60.0000	10.0000	1.000000000
0.0000	70.0000	10.0000	1.246367900
10.0000	70.0000	10.0000	0.732801900
20.0000	70.0000	10.0000	0.398622960
30.0000	70.0000	10.0000	0.410993780
40.0000	70.0000	10.0000	0.461302130
50.0000	70.0000	10.0000	0.577237000
60.0000	70.0000	10.0000	0.576438550
70.0000	70.0000	10.0000	0.575925230
80.0000	70.0000	10.0000	0.195350300
90.0000	70.0000	10.0000	0.112838080
100.0000	70.0000	10.0000	0.200770630
110.0000	70.0000	10.0000	0.392939870
120.0000	70.0000	10.0000	0.361860570
130.0000	70.0000	10.0000	0.242178080
140.0000	70.0000	10.0000	0.200695320
150.0000	70.0000	10.0000	0.336406230
160.0000	70.0000	10.0000	0.922997400
170.0000	70.0000	10.0000	1.067424500
180.0000	70.0000	10.0000	0.800995700
190.0000	70.0000	10.0000	1.072212300
200.0000	70.0000	10.0000	0.819492940
210.0000	70.0000	10.0000	0.693705400
220.0000	70.0000	10.0000	0.719410360
230.0000	70.0000	10.0000	0.590915800
240.0000	70.0000	10.0000	0.339222820
250.0000	70.0000	10.0000	0.534902800
260.0000	70.0000	10.0000	0.476470400
270.0000	70.0000	10.0000	0.367106530
280.0000	70.0000	10.0000	0.328259920
290.0000	70.0000	10.0000	0.273551320
300.0000	70.0000	10.0000	0.261588400
310.0000	70.0000	10.0000	0.212196300
320.0000	70.0000	10.0000	0.303450640
330.0000	70.0000	10.0000	0.475697300
340.0000	70.0000	10.0000	0.791815000
350.0000	70.0000	10.0000	1.824050900
360.0000	70.0000	10.0000	1.000000000
0.0000	80.0000	10.0000	0.204177620
10.0000	80.0000	10.0000	0.378523140
20.0000	80.0000	10.0000	0.765924200
30.0000	80.0000	10.0000	0.465221400
40.0000	80.0000	10.0000	0.529515740
50.0000	80.0000	10.0000	0.373668300
60.0000	80.0000	10.0000	0.356371130
70.0000	80.0000	10.0000	0.457290470
80.0000	80.0000	10.0000	0.359437940
90.0000	80.0000	10.0000	0.322457670
100.0000	80.0000	10.0000	0.353190840
110.0000	80.0000	10.0000	0.422806680
120.0000	80.0000	10.0000	0.359131750
130.0000	80.0000	10.0000	0.311901300
140.0000	80.0000	10.0000	0.430127100
150.0000	80.0000	10.0000	0.731101930
160.0000	80.0000	10.0000	2.072869500
170.0000	80.0000	10.0000	2.983562700
180.0000	80.0000	10.0000	2.747398400
190.0000	80.0000	10.0000	3.283996600
200.0000	80.0000	10.0000	1.840983600
210.0000	80.0000	10.0000	1.329475500
220.0000	80.0000	10.0000	0.610955060
230.0000	80.0000	10.0000	0.250734660
240.0000	80.0000	10.0000	0.300545630
250.0000	80.0000	10.0000	0.423969480
260.0000	80.0000	10.0000	0.337096780
270.0000	80.0000	10.0000	0.423885880
280.0000	80.0000	10.0000	0.574924700
290.0000	80.0000	10.0000	0.595783530
300.0000	80.0000	10.0000	0.282863620
310.0000	80.0000	10.0000	0.334891900
320.0000	80.0000	10.0000	0.542074600
330.0000	80.0000	10.0000	0.699277800
340.0000	80.0000	10.0000	0.895052730
350.0000	80.0000	10.0000	1.637404100
360.0000	80.0000	10.0000	1.000000000
0.0000	90.0000	10.0000	4.685575000
10.0000	90.0000	10.0000	1.851195300
20.0000	90.0000	10.0000	2.025920000
30.0000	90.0000	10.0000	0.597294100
40.0000	90.0000	10.0000	0.641986800
50.0000	90.0000	10.0000	0.255214480
60.0000	90.0000	10.0000	0.146997420
70.0000	90.0000	10.0000	0.334054230
80.0000	90.0000	10.0000	0.482086660
90.0000	90.0000	10.0000	0.697665750
100.0000	90.0000	10.0000	0.449306340
110.0000	90.0000	10.0000	0.861895800
120.0000	90.0000	10.0000	0.547815400
130.0000	90.0000	10.0000	0.398652080
140.0000	90.0000	10.0000	0.818303940
150.0000	90.0000	10.0000	1.664221000
160.0000	90.0000	10.0000	4.432135600
170.0000	90.0000	10.0000	5.044341000
180.0000	90.0000	10.0000	4.926592400
190.0000	90.0000	10.0000	4.721708300
200.0000	90.0000	10.0000	1.907133000
210.0000	90.0000	10.0000	2.022514800
220.0000	90.0000	10.0000	0.655579900
230.0000	90.0000	10.0000	0.222552220
240.0000	90.0000	10.0000	0.414493350
250.0000	90.0000	10.0000	0.457479060
260.0000	90.0000	10.0000	0.503530100
270.0000	90.0000	10.0000	0.561115100
280.0000	90.0000	10.0000	0.661102530
290.0000	90.0000	10.0000	1.555292700
300.0000	90.0000	10.0000	0.367885380
310.0000	90.0000	10.0000	0.458787020
320.0000	90.0000	10.0000	0.900939600
330.0000	90.0000	10.0000	0.946679800
340.0000	90.0000	10.0000	1.441914200
350.0000	90.0000	10.0000	2.856700000
360.0000	90.0000	10.0000	1.000000000
0.0000	0.0000	20.0000	1.000000000
10.0000	0.0000	20.0000	1.000000000
20.0000	0.0000	20.0000	1.000000000
30.0000	0.0000	20.0000	1.000000000
40.0000	0.0000	20.0000	1.000000000
50.0000	0.0000	20.0000	1.000000000
60.0000	0.0000	20.0000	1.000000000
70.0000	0.0000	20.0000	1.000000000
80.0000	0.0000	20.0000	1.000000000
90.0000	0.0000	20.0000	1.000000000
100.0000	0.0000	20.0000	1.000000000
110.0000	0.0000	20.0000	1.000000000
120.0000	0.0000	20.0000	1.000000000
130.0000	0.0000	20.0000	1.000000000
140.0000	0.0000	20.0000	1.000000000
150.0000	0.0000	20.0000	1.000000000
160.0000	0.0000	20.0000	1.000000000
170.0000	0.0000	20.0000	1.000000000
180.0000	0.0000	20.0000	1.000000000
190.0000	0.0000	20.0000	1.000000000
200.0000	0.0000	20.0000	1.000000000
210.0000	0.0000	20.0000	1.000000000
220.0000	0.0000	20.0000	1.000000000
230.0000	0.0000	20.0000	1.000000000
240.0000	0.0000	20.0000	1.000000000
250.0000	0.0000	20.0000	1.000000000
260.0000	0.0000	20.0000	1.000000000
270.0000	0.0000	20.0000	1.000000000
280.0000	0.0000	20.0000	1.000000000
290.0000	0.0000	20.0000	1.000000000
300.0000	0.0000	20.0000	1.000000000
310.0000	0.0000	20.0000	1.000000000
320.0000	0.0000	20.0000	1.000000000
330.0000	0.0000	20.0000	1.000000000
340.0000	0.0000	20.0000	1.000000000
350.0000	0.0000	20.0000	1.000000000
360.0000	0.0000	20.0000	1.000000000
0.0000	10.0000	20.0000	0.652885140
10.0000	10.0000	20.0000	0.515446600
20.0000	10.0000	20.0000	3.017887600
30.0000	10.0000	20.0000	0.223685440
40.0000	10.0000	20.0000	0.454054240
50.0000	10.0000	20.0000	1.700683000
60.0000	10.0000	20.0000	0.812315900
70.0000	10.0000	20.0000	0.194568600
80.0000	10.0000	20.0000	0.702474240
90.0000	10.0000	20.0000	1.113598800
100.0000	10.0000	20.0000	0.771729800
110.0000	10.0000	20.0000	0.757985650
120.0000	10.0000	20.0000	0.200295280
130.0000	10.0000	20.0000	0.072333720
140.0000	10.0000	20.0000	0.245103430
150.0000	10.0000	20.0000	0.207729600
160.0000	10.0000	20.0000	1.815547300
170.0000	10.0000	20.0000	4.212907300
180.0000	10.0000	20.0000	1.190345400
190.0000	10.0000	20.0000	1.207501500
200.0000	10.0000	20.0000	3.225847000
210.0000	10.0000	20.0000	0.533907830
220.0000	10.0000	20.0000	0.411502660
230.0000	10.0000	20.0000	0.625200330
240.0000	10.0000	20.0000	0.786816900
250.0000	10.0000	20.0000	0.419520230
260.0000	10.0000	20.0000	0.169362570
270.0000	10.0000	20.0000	0.389149700
280.0000	10.0000	20.0000	1.018056900
290.0000	10.0000	20.0000	1.497257100
300.0000	10.0000	20.0000	0.274355140
310.0000	10.0000	20.0000	0.090054534
320.0000	10.0000	20.0000	0.252130960
330.0000	10.0000	20.0000	0.349267270
340.0000	10.0000	20.0000	3.061054700
350.0000	10.0000	20.0000	6.848065400
360.0000	10.0000	20.0000	1.000000000
0.0000	20.0000	20.0000	1.876384500
10.0000	20.0000	20.0000	1.371019400
20.0000	20.0000	20.0000	0.634051860
30.0000	20.0000	20.0000	0.399837050
40.0000	20.0000	20.0000	0.679110050
50.0000	20.0000	20.0000	1.475461600
60.0000	20.0000	20.0000	0.623642000
70.0000	20.0000	20.0000	0.257412640
80.0000	20.0000	20.0000	0.490133600
90.0000	20.0000	20.0000	1.159223400
100.0000	20.0000	20.0000	2.138899300
110.0000	20.0000	20.0000	1.888058900
120.0000	20.0000	20.0000	0.396649840
130.0000	20.0000	20.0000	0.090539955
140.0000	20.0000	20.0000	0.140106890
150.0000	20.0000	20.0000	0.308596280
160.0000	20.0000	20.0000	0.811840240
170.0000	20.0000	20.0000	1.482404100
180.0000	20.0000	20.0000	0.551558700
190.0000	20.0000	20.0000	0.969423400
200.0000	20.0000	20.0000	0.910881300
210.0000	20.0000	20.0000	0.382971140
220.0000	20.0000	20.0000	0.603817460
230.0000	20.0000	20.0000	1.516092300
240.0000	20.0000	20.0000	1.065448000
250.0000	20.0000	20.0000	0.788580600
260.0000	20.0000	20.0000	0.362768920
270.0000	20.0000	20.0000	0.515152100
280.0000	20.0000	20.0000	1.467997400
290.0000	20.0000	20.0000	1.123542000
300.0000	20.0000	20.0000	0.373879550
310.0000	20.0000	20.0000	0.150839030
320.0000	20.0000	20.0000	0.127808140
330.0000	20.0000	20.0000	0.169877810
340.0000	20.0000	20.0000	0.870483340
350.0000	20.0000	20.0000	0.893086100
360.0000	20.0000	20.0000	1.000000000
0.0000	30.0000	20.0000	0.870282200
10.0000	30.0000	20.0000	0.624978600
20.0000	30.0000	20.0000	0.327799950
30.0000	30.0000	20.0000	0.622075300
40.0000	30.0000	20.0000	0.849041760
50.0000	30.0000	20.0000	0.502981900
60.0000	30.0000	20.0000	0.307567500
70.0000	30.0000	20.0000	0.431290840
80.0000	30.0000	20.0000	0.635503500
90.0000	30.0000	20.0000	0.641886600
100.0000	30.0000	20.0000	1.062293200
110.0000	30.0000	20.0000	1.196672200
120.0000	30.0000	20.0000	0.772697100
130.0000	30.0000	20.0000	0.395973060
140.0000	30.0000	20.0000	0.454004900
150.0000	30.0000	20.0000	1.782377800
160.0000	30.0000	20.0000	3.158931000
170.0000	30.0000	20.0000	2.745699200
180.0000	30.0000	20.0000	1.135900900
190.0000	30.0000	20.0000	0.445572350
200.0000	30.0000	20.0000	0.359570600
210.0000	30.0000	20.0000	0.574273600
220.0000	30.0000	20.0000	1.548001900
230.0000	30.0000	20.0000	1.290420700
240.0000	30.0000	20.0000	0.929530000
250.0000	30.0000	20.0000	0.815205930
260.0000	30.0000	20.0000	0.686871950
270.0000	30.0000	20.0000	0.548423000
280.0000	30.0000	20.0000	0.761082950
290.0000	30.0000	20.0000	1.225973400
300.0000	30.0000	20.0000	0.690518740
310.0000	30.0000	20.0000	0.389332150
320.0000	30.0000	20.0000	0.244171520
330.0000	30.0000	20.0000	0.220094130
340.0000	30.0000	20.0000	0.269824980
350.0000	30.0000	20.0000	0.920292740
360.0000	30.0000	20.0000	1.000000000
0.0000	40.0000	20.0000	0.175659500
10.0000	40.0000	20.0000	0.179425050
20.0000	40.0000	20.0000	0.232725260
30.0000	40.0000	20.0000	0.653133000
40.0000	40.0000	20.0000	1.066775200
50.0000	40.0000	20.0000	0.478759470
60.0000	40.0000	20.0000	0.243833350
70.0000	40.0000	20.0000	0.370936000
80.0000	40.0000	20.0000	0.380138500
90.0000	40.0000	20.0000	0.456336650
100.0000	40.0000	20.0000	0.807663200
110.0000	40.0000	20.0000	0.716825840
120.0000	40.0000	20.0000	0.744726060
130.0000	40.0000	20.0000	0.768250300
140.0000	40.0000	20.0000	0.515150200
150.0000	40.0000	20.0000	1.194844500
160.0000	40.0000	20.0000	1.547075500
170.0000	40.0000	20.0000	0.799332700
180.0000	40.0000	20.0000	0.916614000
190.0000	40.0000	20.0000	0.532643100
200.0000	40.0000	20.0000	0.398570950
210.0000	40.0000	20.0000	1.303392400
220.0000	40.0000	20.0000	2.587422400
230.0000	40.0000	20.0000	1.264130200
240.0000	40.0000	20.0000	0.687622400
250.0000	40.0000	20.0000	0.672237600
260.0000	40.0000	20.0000	0.556189950
270.0000	40.0000	20.0000	0.496830600
280.0000	40.0000	20.0000	0.586806240
290.0000	40.0000	20.0000	1.179948300
300.0000	40.0000	20.0000	0.788796070
310.0000	40.0000	20.0000	0.919421700
320.0000	40.0000	20.0000	0.578752340
330.0000	40.0000	20.0000	0.613705400
340.0000	40.0000	20.0000	0.987687230
350.0000	40.0000	20.0000	1.209028800
360.0000	40.0000	20.0000	1.000000000
0.0000	50.0000	20.0000	1.094837900
10.0000	50.0000	20.0000	0.688735900
20.0000	50.0000	20.0000	0.512608300
30.0000	50.0000	20.0000	0.873617770
40.0000	50.0000	20.0000	1.615051700
50.0000	50.0000	20.0000	1.348769800
60.0000	50.0000	20.0000	0.849621100
70.0000	50.0000	20.0000	0.573620900
80.0000	50.0000	20.0000	0.680348000
90.0000	50.0000	20.0000	0.767246700
100.0000	50.0000	20.0000	0.803062740
110.0000	50.0000	20.0000	0.737744200
120.0000	50.0000	20.0000	0.470168700
130.0000	50.0000	20.0000	0.560385470
140.0000	50.0000	20.0000	0.497604130
150.0000	50.0000	20.0000	0.574831960
160.0000	50.0000	20.0000	0.419237230
170.0000	50.0000	20.0000	0.797701660
180.0000	50.0000	20.0000	0.873782750
190.0000	50.0000	20.0000	0.524594700
200.0000	50.0000	20.0000	0.714792550
210.0000	50.0000	20.0000	1.691626200
220.0000	50.0000	20.0000	1.780767100
230.0000	50.0000	20.0000	0.908875100
240.0000	50.0000	20.0000	0.832801500
250.0000	50.0000	20.0000	0.736962140
260.0000	50.0000	20.0000	0.516971350
270.0000	50.0000	20.0000	0.502229300
280.0000	50.0000	20.0000	0.765075600
290.0000	50.0000	20.0000	0.744951840
300.0000	50.0000	20.0000	0.877712900
310.0000	50.0000	20.0000	0.509645400
320.0000	50.0000	20.0000	0.441879960
330.0000	50.0000	20.0000	0.746553660
340.0000	50.0000	20.0000	0.792730570
350.0000	50.0000	20.0000	1.078205600
360.0000	50.0000	20.0000	1.000000000
0.0000	60.0000	20.0000	0.426166000
10.0000	60.0000	20.0000	0.345501700
20.0000	60.0000	20.0000	0.608593900
30.0000	60.0000	20.0000	0.623009200
40.0000	60.0000	20.0000	0.865125300
50.0000	60.0000	20.0000	1.266749000
60.0000	60.0000	20.0000	0.863233270
70.0000	60.0000	20.0000	1.768486000
80.0000	60.0000	20.0000	1.340656800
90.0000	60.0000	20.0000	0.243239310
100.0000	60.0000	20.0000	0.214821790
110.0000	60.0000	20.0000	0.331682030
120.0000	60.0000	20.0000	0.265512650
130.0000	60.0000	20.0000	0.392883540
140.0000	60.0000	20.0000	0.768666000
150.0000	60.0000	20.0000	1.105310700
160.0000	60.0000	20.0000	1.015919800
170.0000	60.0000	20.0000	2.293543300
180.0000	60.0000	20.0000	1.060736300
190.0000	60.0000	20.0000	0.578431200
200.0000	60.0000	20.0000	0.961228900
210.0000	60.0000	20.0000	1.107057200
220.0000	60.0000	20.0000	1.658989300
230.0000	60.0000	20.0000	1.623621500
240.0000	60.0000	20.0000	0.908554700
250.0000	60.0000	20.0000	1.130359200
260.0000	60.0000	20.0000	0.939073500
270.0000	60.0000	20.0000	0.476184100
280.0000	60.0000	20.0000	0.269571200
290.0000	60.0000	20.0000	0.334020300
300.0000	60.0000	20.0000	0.484801080
310.0000	60.0000	20.0000	0.300233660
320.0000	60.0000	20.0000	0.533662600
330.0000	60.0000	20.0000	0.912789460
340.0000	60.0000	20.0000	0.817821900
350.0000	60.0000	20.0000	1.494764700
360.0000	60.0000	20.0000	1.000000000
0.0000	70.0000	20.0000	0.794696000
10.0000	70.0000	20.0000	0.468760520
20.0000	70.0000	20.0000	0.493464980
30.0000	70.0000	20.0000	0.596875300
40.0000	70.0000	20.0000	0.693634870
50.0000	70.0000	20.0000	0.876804530
60.0000	70.0000	20.0000	0.619550050
70.0000	70.0000	20.0000	1.539610100
80.0000	70.0000	20.0000	0.531639500
90.0000	70.0000	20.0000	0.080670280
100.0000	70.0000	20.0000	0.081663230
110.0000	70.0000	20.0000	0.154641970
120.0000	70.0000	20.0000	0.199884860
130.0000	70.0000	20.0000	0.273297520
140.0000	70.0000	20.0000	0.598978640
150.0000	70.0000	20.0000	1.216169100
160.0000	70.0000	20.0000	2.621252300
170.0000	70.0000	20.0000	3.818852000
180.0000	70.0000	20.0000	1.039003800
190.0000	70.0000	20.0000	0.986681460
200.0000	70.0000	20.0000	1.240415300
210.0000	70.0000	20.0000	0.852062640
220.0000	70.0000	20.0000	1.245333800
230.0000	70.0000	20.0000	1.134802800
240.0000	70.0000	20.0000	0.361918630
250.0000	70.0000	20.0000	0.561497450
260.0000	70.0000	20.0000	0.396061720
270.0000	70.0000	20.0000	0.204054850
280.0000	70.0000	20.0000	0.150708630
290.0000	70.0000	20.0000	0.177729400
300.0000	70.0000	20.0000	0.486099180
310.0000	70.0000	20.0000	0.841002500
320.0000	70.0000	20.0000	1.117518900
330.0000	70.0000	20.0000	1.179720500
340.0000	70.0000	20.0000	1.394684300
350.0000	70.0000	20.0000	3.115856000
360.0000	70.0000	20.0000	1.000000000
0.0000	80.0000	20.0000	0.292238560
10.0000	80.0000	20.0000	0.415221960
20.0000	80.0000	20.0000	1.048382300
30.0000	80.0000	20.0000	0.736064140
40.0000	80.0000	20.0000	0.716404500
50.0000	80.0000	20.0000	0.410741900
60.0000	80.0000	20.0000	0.239620200
70.0000	80.0000	20.0000	0.382814350
80.0000	80.0000	20.0000	0.561811000
90.0000	80.0000	20.0000	0.311511930
100.0000	80.0000	20.0000	0.233435030
110.0000	80.0000	20.0000	0.432109330
120.0000	80.0000	20.0000	0.533082070
130.0000	80.0000	20.0000	0.443498220
140.0000	80.0000	20.0000	0.507196960
150.0000	80.0000	20.0000	0.706697640
160.0000	80.0000	20.0000	3.047169400
170.0000	80.0000	20.0000	9.214893000
180.0000	80.0000	20.0000	5.939382600
190.0000	80.0000	20.0000	5.929040000
200.0000	80.0000	20.0000	2.610698700
210.0000	80.0000	20.0000	1.055386800
220.0000	80.0000	20.0000	0.666965900
230.0000	80.0000	20.0000	0.428027600
240.0000	80.0000	20.0000	0.244863210
250.0000	80.0000	20.0000	0.434744240
260.0000	80.0000	20.0000	0.281159100
270.0000	80.0000	20.0000	0.298173400
280.0000	80.0000	20.0000	0.449932840
290.0000	80.0000	20.0000	0.645932200
300.0000	80.0000	20.0000	0.482451080
310.0000	80.0000	20.0000	0.549736440
320.0000	80.0000	20.0000	0.610800270
330.0000	80.0000	20.0000	0.851525960
340.0000	80.0000	20.0000	1.626432500
350.0000	80.0000	20.0000	4.631974700
360.0000	80.0000	20.0000	1.000000000
0.0000	90.0000	20.0000	4.625007600
10.0000	90.0000	20.0000	2.239170000
20.0000	90.0000	20.0000	3.147770600
30.0000	90.0000	20.0000	0.601977470
40.0000	90.0000	20.0000	0.599024500
50.0000	90.0000	20.0000	0.171055730
60.0000	90.0000	20.0000	0.113808940
70.0000	90.0000	20.0000	0.330489840
80.0000	90.0000	20.0000	0.824075600
90.0000	90.0000	20.0000	0.530797060
100.0000	90.0000	20.0000	0.416881900
110.0000	90.0000	20.0000	0.950645450
120.0000	90.0000	20.0000	0.969066500
130.0000	90.0000	20.0000	0.655581240
140.0000	90.0000	20.0000	0.674231600
150.0000	90.0000	20.0000	0.937892100
160.0000	90.0000	20.0000	5.213870000
170.0000	90.0000	20.0000	13.330863000
180.0000	90.0000	20.0000	12.733038000
190.0000	90.0000	20.0000	15.089005000
200.0000	90.0000	20.0000	3.164271400
210.0000	90.0000	20.0000	0.855336400
220.0000	90.0000	20.0000	0.541316200
230.0000	90.0000	20.0000	0.396666400
240.0000	90.0000	20.0000	0.428740200
250.0000	90.0000	20.0000	0.745944900
260.0000	90.0000	20.0000	0.462332460
270.0000	90.0000	20.0000	0.471473630
280.0000	90.0000	20.0000	0.880084500
290.0000	90.0000	20.0000	1.878296400
300.0000	90.0000	20.0000	0.468491580
310.0000	90.0000	20.0000	0.308507100
320.0000	90.0000	20.0000	0.394759800
330.0000	90.0000	20.0000	0.766726100
340.0000	90.0000	20.0000	1.844714900
350.0000	90.0000	20.0000	4.941740500
360.0000	90.0000	20.0000	1.000000000
0.0000	0.0000	30.0000	1.000000000
10.0000	0.0000	30.0000	1.000000000
20.0000	0.0000	30.0000	1.000000000
30.0000	0.0000	30.0000	1.000000000
40.0000	0.0000	30.0000	1.000000000
50.0000	0.0000	30.0000	1.000000000
60.0000	0.0000	30.0000	1.000000000
70.0000	0.0000	30.0000	1.000000000
80.0000	0.0000	30.0000	1.000000000
90.0000	0.0000	30.0000	1.000000000
100.0000	0.0000	30.0000	1.000000000
110.0000	0.0000	30.0000	1.000000000
120.0000	0.0000	30.0000	1.000000000
130.0000	0.0000	30.0000	1.000000000
140.0000	0.0000	30.0000	1.000000000
150.0000	0.0000	30.0000	1.000000000
160.0000	0.0000	30.0000	1.000000000
170.0000	0.0000	30.0000	1.000000000
180.0000	0.0000	30.0000	1.000000000
190.0000	0.0000	30.0000	1.000000000
200.0000	0.0000	30.0000	1.000000000
210.0000	0.0000	30.0000	1.000000000
220.0000	0.0000	30.0000	1.000000000
230.0000	0.0000	30.0000	1.000000000
240.0000	0.0000	30.0000	1.000000000
250.0000	0.0000	30.0000	1.000000000
260.0000	0.0000	30.0000	1.000000000
270.0000	0.0000	30.0000	1.000000000
280.0000	0.0000	30.0000	1.000000000
290.0000	0.0000	30.0000	1.000000000
300.0000	0.0000	30.0000	1.000000000
310.0000	0.0000	30.0000	1.000000000
320.0000	0.0000	30.0000	1.000000000
330.0000	0.0000	30.0000	1.000000000
340.0000	0.0000	30.0000	1.000000000
350.0000	0.0000	30.0000	1.000000000
360.0000	0.0000	30.0000	1.000000000
0.0000	10.0000	30.0000	0.484923870
10.0000	10.0000	30.0000	0.580634900
20.0000	10.0000	30.0000	5.023599600
30.0000	10.0000	30.0000	0.346260130
40.0000	10.0000	30.0000	0.704934240
50.0000	10.0000	30.0000	0.209983830
60.0000	10.0000	30.0000	0.093667080
70.0000	10.0000	30.0000	0.334394160
80.0000	10.0000	30.0000	0.987735300
90.0000	10.0000	30.0000	0.481783780
100.0000	10.0000	30.0000	0.865832200
110.0000	10.0000	30.0000	0.699249100
120.0000	10.0000	30.0000	0.095576590
130.0000	10.0000	30.0000	0.149674740
140.0000	10.0000	30.0000	0.492466000
150.0000	10.0000	30.0000	0.183858440
160.0000	10.0000	30.0000	1.871140800
170.0000	10.0000	30.0000	2.002643800
180.0000	10.0000	30.0000	0.744992140
190.0000	10.0000	30.0000	2.831270200
200.0000	10.0000	30.0000	5.593735700
210.0000	10.0000	30.0000	0.163639400
220.0000	10.0000	30.0000	0.539564850
230.0000	10.0000	30.0000	0.161047310
240.0000	10.0000	30.0000	0.170738890
250.0000	10.0000	30.0000	0.845300400
260.0000	10.0000	30.0000	0.501002100
270.0000	10.0000	30.0000	0.307037860
280.0000	10.0000	30.0000	0.639683660
290.0000	10.0000	30.0000	0.852980260
300.0000	10.0000	30.0000	0.101238154
310.0000	10.0000	30.0000	0.117826520
320.0000	10.0000	30.0000	0.590870200
330.0000	10.0000	30.0000	0.281433580
340.0000	10.0000	30.0000	3.526785900
350.0000	10.0000	30.0000	5.452487000
360.0000	10.0000	30.0000	1.000000000
0.0000	20.0000	30.0000	1.341473800
10.0000	20.0000	30.0000	1.844166500
20.0000	20.0000	30.0000	1.407398100
30.0000	20.0000	30.0000	0.904925000
40.0000	20.0000	30.0000	1.057104700
50.0000	20.0000	30.0000	0.598020700
60.0000	20.0000	30.0000	0.666133100
70.0000	20.0000	30.0000	1.167378000
80.0000	20.0000	30.0000	3.278435000
90.0000	20.0000	30.0000	3.738477000
100.0000	20.0000	30.0000	3.458465600
110.0000	20.0000	30.0000	1.789400300
120.0000	20.0000	30.0000	0.643109560
130.0000	20.0000	30.0000	0.515828970
140.0000	20.0000	30.0000	0.813249000
150.0000	20.0000	30.0000	0.482130680
160.0000	20.0000	30.0000	0.752577600
170.0000	20.0000	30.0000	1.160091800
180.0000	20.0000	30.0000	0.636282200
190.0000	20.0000	30.0000	2.317034700
200.0000	20.0000	30.0000	1.654253600
210.0000	20.0000	30.0000	0.522059440
220.0000	20.0000	30.0000	0.657766000
230.0000	20.0000	30.0000	0.364172070
240.0000	20.0000	30.0000	0.565485840
250.0000	20.0000	30.0000	1.321209100
260.0000	20.0000	30.0000	1.517152800
270.0000	20.0000	30.0000	1.304842100
280.0000	20.0000	30.0000	1.447749000
290.0000	20.0000	30.0000	1.436871800
300.0000	20.0000	30.0000	0.488456340
310.0000	20.0000	30.0000	0.293017450
320.0000	20.0000	30.0000	0.525679200
330.0000	20.0000	30.0000	0.415988860
340.0000	20.0000	30.0000	1.488631400
350.0000	20.0000	30.0000	0.957319740
360.0000	20.0000	30.0000	1.000000000
0.0000	30.0000	30.0000	1.112773200
10.0000	30.0000	30.0000	1.631256600
20.0000	30.0000	30.0000	1.226557500
30.0000	30.0000	30.0000	0.820197400
40.0000	30.0000	30.0000	0.573653100
50.0000	30.0000	30.0000	0.338910430
60.0000	30.0000	30.0000	0.531496100
70.0000	30.0000	30.0000	0.706254600
80.0000	30.0000	30.0000	1.662892100
90.0000	30.0000	30.0000	2.583927200
100.0000	30.0000	30.0000	2.140613000
110.0000	30.0000	30.0000	1.152018000
120.0000	30.0000	30.0000	0.578178170
130.0000	30.0000	30.0000	0.378312650
140.0000	30.0000	30.0000	1.384366600
150.0000	30.0000	30.0000	2.109376200
160.0000	30.0000	30.0000	1.588505500
170.0000	30.0000	30.0000	1.625014300
180.0000	30.0000	30.0000	0.889483870
190.0000	30.0000	30.0000	0.884445600
200.0000	30.0000	30.0000	0.986118560
210.0000	30.0000	30.0000	2.059403200
220.0000	30.0000	30.0000	1.813851600
230.0000	30.0000	30.0000	0.462998930
240.0000	30.0000	30.0000	0.656322100
250.0000	30.0000	30.0000	1.012211900
260.0000	30.0000	30.0000	1.497180300
270.0000	30.0000	30.0000	1.848639600
280.0000	30.0000	30.0000	2.112233600
290.0000	30.0000	30.0000	2.142719500
300.0000	30.0000	30.0000	0.572772100
310.0000	30.0000	30.0000	0.172643150
320.0000	30.0000	30.0000	0.359957700
330.0000	30.0000	30.0000	0.542682900
340.0000	30.0000	30.0000	0.925108970
350.0000	30.0000	30.0000	1.357841100
360.0000	30.0000	30.0000	1.000000000
0.0000	40.0000	30.0000	0.256794300
10.0000	40.0000	30.0000	0.478029900
20.0000	40.0000	30.0000	1.266922800
30.0000	40.0000	30.0000	0.907848000
40.0000	40.0000	30.0000	0.528607000
50.0000	40.0000	30.0000	0.454232300
60.0000	40.0000	30.0000	0.513970700
70.0000	40.0000	30.0000	0.411195700
80.0000	40.0000	30.0000	0.236999750
90.0000	40.0000	30.0000	0.188655930
100.0000	40.0000	30.0000	0.406034900
110.0000	40.0000	30.0000	0.547809700
120.0000	40.0000	30.0000	0.490271240
130.0000	40.0000	30.0000	0.405763600
140.0000	40.0000	30.0000	0.774416740
150.0000	40.0000	30.0000	1.305931200
160.0000	40.0000	30.0000	2.300993700
170.0000	40.0000	30.0000	0.778233700
180.0000	40.0000	30.0000	0.708875200
190.0000	40.0000	30.0000	1.584848200
200.0000	40.0000	30.0000	2.008708200
210.0000	40.0000	30.0000	2.100503400
220.0000	40.0000	30.0000	1.241947500
230.0000	40.0000	30.0000	0.575417460
240.0000	40.0000	30.0000	0.628587840
250.0000	40.0000	30.0000	0.951095460
260.0000	40.0000	30.0000	0.634966550
270.0000	40.0000	30.0000	0.572072900
280.0000	40.0000	30.0000	1.381464000
290.0000	40.0000	30.0000	1.308059500
300.0000	40.0000	30.0000	0.480292470
310.0000	40.0000	30.0000	0.354965800
320.0000	40.0000	30.0000	0.720917800
330.0000	40.0000	30.0000	0.793484700
340.0000	40.0000	30.0000	1.148602100
350.0000	40.0000	30.0000	1.106664200
360.0000	40.0000	30.0000	1.000000000
0.0000	50.0000	30.0000	1.165423300
10.0000	50.0000	30.0000	1.413342600
20.0000	50.0000	30.0000	1.724828700
30.0000	50.0000	30.0000	1.417612400
40.0000	50.0000	30.0000	1.178255900
50.0000	50.0000	30.0000	1.472897400
60.0000	50.0000	30.0000	1.589196000
70.0000	50.0000	30.0000	1.149927300
80.0000	50.0000	30.0000	0.482715040
90.0000	50.0000	30.0000	0.251072200
100.0000	50.0000	30.0000	0.691031700
110.0000	50.0000	30.0000	1.086601700
120.0000	50.0000	30.0000	1.223278500
130.0000	50.0000	30.0000	0.914290370
140.0000	50.0000	30.0000	1.018855800
150.0000	50.0000	30.0000	1.515650700
160.0000	50.0000	30.0000	2.419442200
170.0000	50.0000	30.0000	1.202320500
180.0000	50.0000	30.0000	0.968029500
190.0000	50.0000	30.0000	2.178840200
200.0000	50.0000	30.0000	2.460660500
210.0000	50.0000	30.0000	1.222776700
220.0000	50.0000	30.0000	0.965385140
230.0000	50.0000	30.0000	0.631225940
240.0000	50.0000	30.0000	0.593118800
250.0000	50.0000	30.0000	0.368169340
260.0000	50.0000	30.0000	0.305357340
270.0000	50.0000	30.0000	0.396503270
280.0000	50.0000	30.0000	0.794404860
290.0000	50.0000	30.0000	0.541112360
300.0000	50.0000	30.0000	0.404516970
310.0000	50.0000	30.0000	0.584935200
320.0000	50.0000	30.0000	1.727960800
330.0000	50.0000	30.0000	1.379087900
340.0000	50.0000	30.0000	1.535623000
350.0000	50.0000	30.0000	1.468582400
360.0000	50.0000	30.0000	1.000000000
0.0000	60.0000	30.0000	0.736288100
10.0000	60.0000	30.0000	0.996491300
20.0000	60.0000	30.0000	3.028134000
30.0000	60.0000	30.0000	1.689994500
40.0000	60.0000	30.0000	1.413903100
50.0000	60.0000	30.0000	1.736799600
60.0000	60.0000	30.0000	0.890097740
70.0000	60.0000	30.0000	0.809537500
80.0000	60.0000	30.0000	0.603969340
90.0000	60.0000	30.0000	0.138609800
100.0000	60.0000	30.0000	0.285451260
110.0000	60.0000	30.0000	0.451453500
120.0000	60.0000	30.0000	0.612080900
130.0000	60.0000	30.0000	1.199264900
140.0000	60.0000	30.0000	2.505569000
150.0000	60.0000	30.0000	2.760671900
160.0000	60.0000	30.0000	3.370399500
170.0000	60.0000	30.0000	2.379198800
180.0000	60.0000	30.0000	1.213849400
190.0000	60.0000	30.0000	1.839905000
200.0000	60.0000	30.0000	2.073195000
210.0000	60.0000	30.0000	1.102087600
220.0000	60.0000	30.0000	1.569496300
230.0000	60.0000	30.0000	1.044614700
240.0000	60.0000	30.0000	0.525894460
250.0000	60.0000	30.0000	0.250622780
260.0000	60.0000	30.0000	0.211188120
270.0000	60.0000	30.0000	0.221962630
280.0000	60.0000	30.0000	0.275375660
290.0000	60.0000	30.0000	0.465055530
300.0000	60.0000	30.0000	0.597687960
310.0000	60.0000	30.0000	0.764862800
320.0000	60.0000	30.0000	1.719774700
330.0000	60.0000	30.0000	1.615691700
340.0000	60.0000	30.0000	1.822773700
350.0000	60.0000	30.0000	2.230187000
360.0000	60.0000	30.0000	1.000000000
0.0000	70.0000	30.0000	1.490659200
10.0000	70.0000	30.0000	1.803415100
20.0000	70.0000	30.0000	3.439817000
30.0000	70.0000	30.0000	1.690346200
40.0000	70.0000	30.0000	1.205552800
50.0000	70.0000	30.0000	1.093220800
60.0000	70.0000	30.0000	0.636357840
70.0000	70.0000	30.0000	0.618512870
80.0000	70.0000	30.0000	0.233690000
90.0000	70.0000	30.0000	0.054667750
100.0000	70.0000	30.0000	0.089026004
110.0000	70.0000	30.0000	0.155167820
120.0000	70.0000	30.0000	0.254073380
130.0000	70.0000	30.0000	0.550642900
140.0000	70.0000	30.0000	1.097661100
150.0000	70.0000	30.0000	1.547960500
160.0000	70.0000	30.0000	3.860699700
170.0000	70.0000	30.0000	3.194427500
180.0000	70.0000	30.0000	1.281626600
190.0000	70.0000	30.0000	2.142092500
200.0000	70.0000	30.0000	2.495004400
210.0000	70.0000	30.0000	1.060821900
220.0000	70.0000	30.0000	1.040691500
230.0000	70.0000	30.0000	0.532854260
240.0000	70.0000	30.0000	0.311931250
250.0000	70.0000	30.0000	0.526244000
260.0000	70.0000	30.0000	0.191000340
270.0000	70.0000	30.0000	0.100960690
280.0000	70.0000	30.0000	0.144520390
290.0000	70.0000	30.0000	0.348820100
300.0000	70.0000	30.0000	0.831395860
310.0000	70.0000	30.0000	2.316869300
320.0000	70.0000	30.0000	2.033931500
330.0000	70.0000	30.0000	1.188258300
340.0000	70.0000	30.0000	2.857103600
350.0000	70.0000	30.0000	4.222801000
360.0000	70.0000	30.0000	1.000000000
0.0000	80.0000	30.0000	0.872991800
10.0000	80.0000	30.0000	1.555832400
20.0000	80.0000	30.0000	4.345523400
30.0000	80.0000	30.0000	1.346415200
40.0000	80.0000	30.0000	0.951959000
50.0000	80.0000	30.0000	0.678679650
60.0000	80.0000	30.0000	0.553634640
70.0000	80.0000	30.0000	0.623554470
80.0000	80.0000	30.0000	0.515643540
90.0000	80.0000	30.0000	0.362794500
100.0000	80.0000	30.0000	0.326502170
110.0000	80.0000	30.0000	0.486460800
120.0000	80.0000	30.0000	0.452409240
130.0000	80.0000	30.0000	0.571329000
140.0000	80.0000	30.0000	0.894271140
150.0000	80.0000	30.0000	1.271119600
160.0000	80.0000	30.0000	4.365397500
170.0000	80.0000	30.0000	8.087065000
180.0000	80.0000	30.0000	6.152621000
190.0000	80.0000	30.0000	7.804930000
200.0000	80.0000	30.0000	4.052923000
210.0000	80.0000	30.0000	1.170756600
220.0000	80.0000	30.0000	0.803204660
230.0000	80.0000	30.0000	0.388729800
240.0000	80.0000	30.0000	0.298482570
250.0000	80.0000	30.0000	0.707777000
260.0000	80.0000	30.0000	0.309432740
270.0000	80.0000	30.0000	0.204965950
280.0000	80.0000	30.0000	0.389475140
290.0000	80.0000	30.0000	0.705958800
300.0000	80.0000	30.0000	0.537131250
310.0000	80.0000	30.0000	0.978617100
320.0000	80.0000	30.0000	0.923307800
330.0000	80.0000	30.0000	0.880541200
340.0000	80.0000	30.0000	2.883223500
350.0000	80.0000	30.0000	9.056993000
360.0000	80.0000	30.0000	1.000000000
0.0000	90.0000	30.0000	9.709331000
10.0000	90.0000	30.0000	5.756694300
20.0000	90.0000	30.0000	7.662164000
30.0000	90.0000	30.0000	1.651541200
40.0000	90.0000	30.0000	1.341377100
50.0000	90.0000	30.0000	0.931492570
60.0000	90.0000	30.0000	0.702535150
70.0000	90.0000	30.0000	0.713619200
80.0000	90.0000	30.0000	0.726835200
90.0000	90.0000	30.0000	0.771560250
100.0000	90.0000	30.0000	1.085488400
110.0000	90.0000	30.0000	1.648753600
120.0000	90.0000	30.0000	0.986854700
130.0000	90.0000	30.0000	1.286393300
140.0000	90.0000	30.0000	1.823374700
150.0000	90.0000	30.0000	1.950694000
160.0000	90.0000	30.0000	6.010474700
170.0000	90.0000	30.0000	11.633192000
180.0000	90.0000	30.0000	11.374628000
190.0000	90.0000	30.0000	15.858793000
200.0000	90.0000	30.0000	5.259129500
210.0000	90.0000	30.0000	1.481579800
220.0000	90.0000	30.0000	1.148730400
230.0000	90.0000	30.0000	0.853279770
240.0000	90.0000	30.0000	0.663698300
250.0000	90.0000	30.0000	0.698496800
260.0000	90.0000	30.0000	0.377097070
270.0000	90.0000	30.0000	0.380433300
280.0000	90.0000	30.0000	1.133912000
290.0000	90.0000	30.0000	1.199472700
300.0000	90.0000	30.0000	0.474843350
310.0000	90.0000	30.0000	0.651779530
320.0000	90.0000	30.0000	0.712882760
330.0000	90.0000	30.0000	0.937109770
340.0000	90.0000	30.0000	2.636027000
350.0000	90.0000	30.0000	10.515371000
360.0000	90.0000	30.0000	1.000000000
0.0000	0.0000	40.0000	1.000000000
10.0000	0.0000	40.0000	1.000000000
20.0000	0.0000	40.0000	1.000000000
30.0000	0.0000	40.0000	1.000000000
40.0000	0.0000	40.0000	1.000000000
50.0000	0.0000	40.0000	1.000000000
60.0000	0.0000	40.0000	1.000000000
70.0000	0.0000	40.0000	1.000000000
80.0000	0.0000	40.0000	1.000000000
90.0000	0.0000	40.0000	1.000000000
100.0000	0.0000	40.0000	1.000000000
110.0000	0.0000	40.0000	1.000000000
120.0000	0.0000	40.0000	1.000000000
130.0000	0.0000	40.0000	1.000000000
140.0000	0.0000	40.0000	1.000000000
150.0000	0.0000	40.0000	1.000000000
160.0000	0.0000	40.0000	1.000000000
170.0000	0.0000	40.0000	1.000000000
180.0000	0.0000	40.0000	1.000000000
190.0000	0.0000	40.0000	1.000000000
200.0000	0.0000	40.0000	1.000000000
210.0000	0.0000	40.0000	1.000000000
220.0000	0.0000	40.0000	1.000000000
230.0000	0.0000	40.0000	1.000000000
240.0000	0.0000	40.0000	1.000000000
250.0000	0.0000	40.0000	1.000000000
260.0000	0.0000	40.0000	1.000000000
270.0000	0.0000	40.0000	1.000000000
280.0000	0.0000	40.0000	1.000000000
290.0000	0.0000	40.0000	1.000000000
300.0000	0.0000	40.0000	1.000000000
310.0000	0.0000	40.0000	1.000000000
320.0000	0.0000	40.0000	1.000000000
330.0000	0.0000	40.0000	1.000000000
340.0000	0.0000	40.0000	1.000000000
350.0000	0.0000	40.0000	1.000000000
360.0000	0.0000	40.0000	1.000000000
0.0000	10.0000	40.0000	0.506253700
10.0000	10.0000	40.0000	0.672062000
20.0000	10.0000	40.0000	5.243059000
30.0000	10.0000	40.0000	0.372823120
40.0000	10.0000	40.0000	0.283303260
50.0000	10.0000	40.0000	0.104228670
60.0000	10.0000	40.0000	0.282586700
70.0000	10.0000	40.0000	1.129251400
80.0000	10.0000	40.0000	0.768528460
90.0000	10.0000	40.0000	0.306226340
100.0000	10.0000	40.0000	0.282561300
110.0000	10.0000	40.0000	0.204957040
120.0000	10.0000	40.0000	0.796177800
130.0000	10.0000	40.0000	1.035671400
140.0000	10.0000	40.0000	0.300391760
150.0000	10.0000	40.0000	0.191539270
160.0000	10.0000	40.0000	1.259239600
170.0000	10.0000	40.0000	1.148297500
180.0000	10.0000	40.0000	1.255560300
190.0000	10.0000	40.0000	4.160328000
200.0000	10.0000	40.0000	3.326309700
210.0000	10.0000	40.0000	0.439024030
220.0000	10.0000	40.0000	0.330085930
230.0000	10.0000	40.0000	0.086706340
240.0000	10.0000	40.0000	0.277616560
250.0000	10.0000	40.0000	0.576994300
260.0000	10.0000	40.0000	0.784025300
270.0000	10.0000	40.0000	0.803347900
280.0000	10.0000	40.0000	0.336898060
290.0000	10.0000	40.0000	0.202859760
300.0000	10.0000	40.0000	0.389876160
310.0000	10.0000	40.0000	0.700976430
320.0000	10.0000	40.0000	0.908940200
330.0000	10.0000	40.0000	0.358087700
340.0000	10.0000	40.0000	2.867688400
350.0000	10.0000	40.0000	2.703670500
360.0000	10.0000	40.0000	1.000000000
0.0000	20.0000	40.0000	1.394042500
10.0000	20.0000	40.0000	2.353801500
20.0000	20.0000	40.0000	1.250674100
30.0000	20.0000	40.0000	0.395545200
40.0000	20.0000	40.0000	0.203862950
50.0000	20.0000	40.0000	0.119392840
60.0000	20.0000	40.0000	0.344542440
70.0000	20.0000	40.0000	1.952261200
80.0000	20.0000	40.0000	1.277549100
90.0000	20.0000	40.0000	0.595399740
100.0000	20.0000	40.0000	0.600186200
110.0000	20.0000	40.0000	0.407809640
120.0000	20.0000	40.0000	0.818596960
130.0000	20.0000	40.0000	1.402119800
140.0000	20.0000	40.0000	0.472453650
150.0000	20.0000	40.0000	0.511533740
160.0000	20.0000	40.0000	0.751241860
170.0000	20.0000	40.0000	0.710993700
180.0000	20.0000	40.0000	0.760793030
190.0000	20.0000	40.0000	2.778793300
200.0000	20.0000	40.0000	0.981637660
210.0000	20.0000	40.0000	0.412984000
220.0000	20.0000	40.0000	0.136708360
230.0000	20.0000	40.0000	0.060629150
240.0000	20.0000	40.0000	0.200660300
250.0000	20.0000	40.0000	1.119182700
260.0000	20.0000	40.0000	1.259791400
270.0000	20.0000	40.0000	0.709674950
280.0000	20.0000	40.0000	0.328066400
290.0000	20.0000	40.0000	0.422555330
300.0000	20.0000	40.0000	0.430595250
310.0000	20.0000	40.0000	1.113991100
320.0000	20.0000	40.0000	0.737368300
330.0000	20.0000	40.0000	0.452109780
340.0000	20.0000	40.0000	0.978734730
350.0000	20.0000	40.0000	0.413731900
360.0000	20.0000	40.0000	1.000000000
0.0000	30.0000	40.0000	1.418490300
10.0000	30.0000	40.0000	1.777414000
20.0000	30.0000	40.0000	0.470911560
30.0000	30.0000	40.0000	0.343116600
40.0000	30.0000	40.0000	0.248103320
50.0000	30.0000	40.0000	0.701715900
60.0000	30.0000	40.0000	0.831824240
70.0000	30.0000	40.0000	0.840695600
80.0000	30.0000	40.0000	0.879524950
90.0000	30.0000	40.0000	0.577893260
100.0000	30.0000	40.0000	0.751482600
110.0000	30.0000	40.0000	0.610442340
120.0000	30.0000	40.0000	0.637639300
130.0000	30.0000	40.0000	0.490841150
140.0000	30.0000	40.0000	0.829661100
150.0000	30.0000	40.0000	1.003267600
160.0000	30.0000	40.0000	0.353294520
170.0000	30.0000	40.0000	0.432632630
180.0000	30.0000	40.0000	0.808244800
190.0000	30.0000	40.0000	0.837593850
200.0000	30.0000	40.0000	0.930836100
210.0000	30.0000	40.0000	0.981155500
220.0000	30.0000	40.0000	0.403662500
230.0000	30.0000	40.0000	0.324762140
240.0000	30.0000	40.0000	0.636999130
250.0000	30.0000	40.0000	0.977358340
260.0000	30.0000	40.0000	0.638016800
270.0000	30.0000	40.0000	0.433560340
280.0000	30.0000	40.0000	0.631939350
290.0000	30.0000	40.0000	1.029633800
300.0000	30.0000	40.0000	0.839738900
310.0000	30.0000	40.0000	0.616342000
320.0000	30.0000	40.0000	0.557759340
330.0000	30.0000	40.0000	0.750863250
340.0000	30.0000	40.0000	0.570899900
350.0000	30.0000	40.0000	0.490817130
360.0000	30.0000	40.0000	1.000000000
0.0000	40.0000	40.0000	0.207630200
10.0000	40.0000	40.0000	0.303525400
20.0000	40.0000	40.0000	0.618731860
30.0000	40.0000	40.0000	0.819937470
40.0000	40.0000	40.0000	0.479876520
50.0000	40.0000	40.0000	1.786694900
60.0000	40.0000	40.0000	1.323786400
70.0000	40.0000	40.0000	0.400423680
80.0000	40.0000	40.0000	0.350262600
90.0000	40.0000	40.0000	0.410196900
100.0000	40.0000	40.0000	0.454709830
110.0000	40.0000	40.0000	0.631783200
120.0000	40.0000	40.0000	0.616436660
130.0000	40.0000	40.0000	0.887599230
140.0000	40.0000	40.0000	1.995954200
150.0000	40.0000	40.0000	1.915042800
160.0000	40.0000	40.0000	0.531069160
170.0000	40.0000	40.0000	0.168312330
180.0000	40.0000	40.0000	0.641335900
190.0000	40.0000	40.0000	2.179996000
200.0000	40.0000	40.0000	1.056256400
210.0000	40.0000	40.0000	0.620147500
220.0000	40.0000	40.0000	0.543188100
230.0000	40.0000	40.0000	1.013285900
240.0000	40.0000	40.0000	1.052852900
250.0000	40.0000	40.0000	1.421351300
260.0000	40.0000	40.0000	0.721933500
270.0000	40.0000	40.0000	0.515751000
280.0000	40.0000	40.0000	0.548396300
290.0000	40.0000	40.0000	0.684295060
300.0000	40.0000	40.0000	0.346183330
310.0000	40.0000	40.0000	0.316453100
320.0000	40.0000	40.0000	0.899469600
330.0000	40.0000	40.0000	1.117678600
340.0000	40.0000	40.0000	0.472876580
350.0000	40.0000	40.0000	0.203807090
360.0000	40.0000	40.0000	1.000000000
0.0000	50.0000	40.0000	0.737937000
10.0000	50.0000	40.0000	0.793417800
20.0000	50.0000	40.0000	0.753482040
30.0000	50.0000	40.0000	0.819396850
40.0000	50.0000	40.0000	0.643743600
50.0000	50.0000	40.0000	0.957312640
60.0000	50.0000	40.0000	1.077307500
70.0000	50.0000	40.0000	0.595929150
80.0000	50.0000	40.0000	0.530152140
90.0000	50.0000	40.0000	0.698549100
100.0000	50.0000	40.0000	0.596440000
110.0000	50.0000	40.0000	0.889292500
120.0000	50.0000	40.0000	1.141955900
130.0000	50.0000	40.0000	1.803571200
140.0000	50.0000	40.0000	3.174483300
150.0000	50.0000	40.0000	2.191178800
160.0000	50.0000	40.0000	0.692892400
170.0000	50.0000	40.0000	0.227971000
180.0000	50.0000	40.0000	0.776677970
190.0000	50.0000	40.0000	1.802972800
200.0000	50.0000	40.0000	0.524814800
210.0000	50.0000	40.0000	0.454171270
220.0000	50.0000	40.0000	0.792459600
230.0000	50.0000	40.0000	0.902362900
240.0000	50.0000	40.0000	0.690422000
250.0000	50.0000	40.0000	0.532122900
260.0000	50.0000	40.0000	0.522794400
270.0000	50.0000	40.0000	0.613182840
280.0000	50.0000	40.0000	0.616082200
290.0000	50.0000	40.0000	0.348031730
300.0000	50.0000	40.0000	0.202648240
310.0000	50.0000	40.0000	0.533945700
320.0000	50.0000	40.0000	1.898087600
330.0000	50.0000	40.0000	2.093852500
340.0000	50.0000	40.0000	0.886364400
350.0000	50.0000	40.0000	0.189082600
360.0000	50.0000	40.0000	1.000000000
0.0000	60.0000	40.0000	0.526907900
10.0000	60.0000	40.0000	0.719504300
20.0000	60.0000	40.0000	1.008042500
30.0000	60.0000	40.0000	0.847936300
40.0000	60.0000	40.0000	1.403771900
50.0000	60.0000	40.0000	1.839889400
60.0000	60.0000	40.0000	0.651950100
70.0000	60.0000	40.0000	0.413907320
80.0000	60.0000	40.0000	0.563357830
90.0000	60.0000	40.0000	0.419958620
100.0000	60.0000	40.0000	0.501988050
110.0000	60.0000	40.0000	0.840515260
120.0000	60.0000	40.0000	0.747149800
130.0000	60.0000	40.0000	1.349247800
140.0000	60.0000	40.0000	1.452607600
150.0000	60.0000	40.0000	0.898541750
160.0000	60.0000	40.0000	0.599522200
170.0000	60.0000	40.0000	0.437248560
180.0000	60.0000	40.0000	0.799338340
190.0000	60.0000	40.0000	1.127068000
200.0000	60.0000	40.0000	0.494793800
210.0000	60.0000	40.0000	0.530009450
220.0000	60.0000	40.0000	0.777600470
230.0000	60.0000	40.0000	0.444716840
240.0000	60.0000	40.0000	0.277031600
250.0000	60.0000	40.0000	0.165445610
260.0000	60.0000	40.0000	0.082826525
270.0000	60.0000	40.0000	0.302621450
280.0000	60.0000	40.0000	1.130546300
290.0000	60.0000	40.0000	0.690400900
300.0000	60.0000	40.0000	0.586928250
310.0000	60.0000	40.0000	1.323688300
320.0000	60.0000	40.0000	1.999725500
330.0000	60.0000	40.0000	1.594703100
340.0000	60.0000	40.0000	1.096816200
350.0000	60.0000	40.0000	0.441550230
360.0000	60.0000	40.0000	1.000000000
0.0000	70.0000	40.0000	1.475495900
10.0000	70.0000	40.0000	1.994957800
20.0000	70.0000	40.0000	1.926454000
30.0000	70.0000	40.0000	1.359038700
40.0000	70.0000	40.0000	1.515494500
50.0000	70.0000	40.0000	1.162731300
60.0000	70.0000	40.0000	0.537467360
70.0000	70.0000	40.0000	0.320554800
80.0000	70.0000	40.0000	0.126417130
90.0000	70.0000	40.0000	0.102266570
100.0000	70.0000	40.0000	0.170543390
110.0000	70.0000	40.0000	0.329268900
120.0000	70.0000	40.0000	0.418450200
130.0000	70.0000	40.0000	0.569869000
140.0000	70.0000	40.0000	0.640940500
150.0000	70.0000	40.0000	0.795884000
160.0000	70.0000	40.0000	1.196477000
170.0000	70.0000	40.0000	0.710328040
180.0000	70.0000	40.0000	0.564342260
190.0000	70.0000	40.0000	1.166098400
200.0000	70.0000	40.0000	1.081998300
210.0000	70.0000	40.0000	0.672264640
220.0000	70.0000	40.0000	0.451308370
230.0000	70.0000	40.0000	0.229587300
240.0000	70.0000	40.0000	0.293374750
250.0000	70.0000	40.0000	0.391008760
260.0000	70.0000	40.0000	0.072182340
270.0000	70.0000	40.0000	0.125332490
280.0000	70.0000	40.0000	0.512302800
290.0000	70.0000	40.0000	0.676795600
300.0000	70.0000	40.0000	0.525902150
310.0000	70.0000	40.0000	1.192430500
320.0000	70.0000	40.0000	1.373648500
330.0000	70.0000	40.0000	0.910913470
340.0000	70.0000	40.0000	1.331331500
350.0000	70.0000	40.0000	1.131646300
360.0000	70.0000	40.0000	1.000000000
0.0000	80.0000	40.0000	0.572878960
10.0000	80.0000	40.0000	1.277430300
20.0000	80.0000	40.0000	3.181990900
30.0000	80.0000	40.0000	1.216962600
40.0000	80.0000	40.0000	0.678236800
50.0000	80.0000	40.0000	0.454766840
60.0000	80.0000	40.0000	0.712436500
70.0000	80.0000	40.0000	0.667234960
80.0000	80.0000	40.0000	0.295188200
90.0000	80.0000	40.0000	0.271734770
100.0000	80.0000	40.0000	0.374574330
110.0000	80.0000	40.0000	0.383576360
120.0000	80.0000	40.0000	0.234850560
130.0000	80.0000	40.0000	0.300752250
140.0000	80.0000	40.0000	0.548059940
150.0000	80.0000	40.0000	1.063502800
160.0000	80.0000	40.0000	3.636083000
170.0000	80.0000	40.0000	2.539911000
180.0000	80.0000	40.0000	1.999279300
190.0000	80.0000	40.0000	3.264659000
200.0000	80.0000	40.0000	2.411410600
210.0000	80.0000	40.0000	0.982165630
220.0000	80.0000	40.0000	0.385657670
230.0000	80.0000	40.0000	0.222771290
240.0000	80.0000	40.0000	0.418535740
250.0000	80.0000	40.0000	0.774067400
260.0000	80.0000	40.0000	0.260247260
270.0000	80.0000	40.0000	0.227175370
280.0000	80.0000	40.0000	0.393343660
290.0000	80.0000	40.0000	0.536497200
300.0000	80.0000	40.0000	0.272691580
310.0000	80.0000	40.0000	0.443496850
320.0000	80.0000	40.0000	0.749028400
330.0000	80.0000	40.0000	1.128047600
340.0000	80.0000	40.0000	2.283609200
350.0000	80.0000	40.0000	4.210952800
360.0000	80.0000	40.0000	1.000000000
0.0000	90.0000	40.0000	8.880544000
10.0000	90.0000	40.0000	4.121351700
20.0000	90.0000	40.0000	4.895084400
30.0000	90.0000	40.0000	1.542672600
40.0000	90.0000	40.0000	0.711825850
50.0000	90.0000	40.0000	0.530842240
60.0000	90.0000	40.0000	1.087797200
70.0000	90.0000	40.0000	0.890443860
80.0000	90.0000	40.0000	0.590997500
90.0000	90.0000	40.0000	0.433824930
100.0000	90.0000	40.0000	0.839928700
110.0000	90.0000	40.0000	0.864746450
120.0000	90.0000	40.0000	0.233365540
130.0000	90.0000	40.0000	0.328333850
140.0000	90.0000	40.0000	0.602996300
150.0000	90.0000	40.0000	0.949280800
160.0000	90.0000	40.0000	3.617293000
170.0000	90.0000	40.0000	3.235645300
180.0000	90.0000	40.0000	3.745777600
190.0000	90.0000	40.0000	6.666498700
200.0000	90.0000	40.0000	3.295014600
210.0000	90.0000	40.0000	1.340273400
220.0000	90.0000	40.0000	0.461498140
230.0000	90.0000	40.0000	0.306845660
240.0000	90.0000	40.0000	0.508196100
250.0000	90.0000	40.0000	0.545932350
260.0000	90.0000	40.0000	0.374608070
270.0000	90.0000	40.0000	0.347627250
280.0000	90.0000	40.0000	0.584313300
290.0000	90.0000	40.0000	0.665071600
300.0000	90.0000	40.0000	0.257700950
310.0000	90.0000	40.0000	0.251504200
320.0000	90.0000	40.0000	0.390815900
330.0000	90.0000	40.0000	0.972175200
340.0000	90.0000	40.0000	2.919096500
350.0000	90.0000	40.0000	11.696749000
360.0000	90.0000	40.0000	1.000000000
0.0000	0.0000	50.0000	1.000000000
10.0000	0.0000	50.0000	1.000000000
20.0000	0.0000	50.0000	1.000000000
30.0000	0.0000	50.0000	1.000000000
40.0000	0.0000	50.0000	1.000000000
50.0000	0.0000	50.0000	1.000000000
60.0000	0.0000	50.0000	1.000000000
70.0000	0.0000	50.0000	1.000000000
80.0000	0.0000	50.0000	1.000000000
90.0000	0.0000	50.0000	1.000000000
100.0000	0.0000	50.0000	1.000000000
110.0000	0.0000	50.0000	1.000000000
120.0000	0.0000	50.0000	1.000000000
130.0000	0.0000	50.0000	1.000000000
140.0000	0.0000	50.0000	1.000000000
150.0000	0.0000	50.0000	1.000000000
160.0000	0.0000	50.0000	1.000000000
170.0000	0.0000	50.0000	1.000000000
180.0000	0.0000	50.0000	1.000000000
190.0000	0.0000	50.0000	1.000000000
200.0000	0.0000	50.0000	1.000000000
210.0000	0.0000	50.0000	1.000000000
220.0000	0.0000	50.0000	1.000000000
230.0000	0.0000	50.0000	1.000000000
240.0000	0.0000	50.0000	1.000000000
250.0000	0.0000	50.0000	1.000000000
260.0000	0.0000	50.0000	1.000000000
270.0000	0.0000	50.0000	1.000000000
280.0000	0.0000	50.0000	1.000000000
290.0000	0.0000	50.0000	1.000000000
300.0000	0.0000	50.0000	1.000000000
310.0000	0.0000	50.0000	1.000000000
320.0000	0.0000	50.0000	1.000000000
330.0000	0.0000	50.0000	1.000000000
340.0000	0.0000	50.0000	1.000000000
350.0000	0.0000	50.0000	1.000000000
360.0000	0.0000	50.0000	1.000000000
0.0000	10.0000	50.0000	0.685181700
10.0000	10.0000	50.0000	0.855207700
20.0000	10.0000	50.0000	6.354725400
30.0000	10.0000	50.0000	0.225889310
40.0000	10.0000	50.0000	0.128033240
50.0000	10.0000	50.0000	0.293781820
60.0000	10.0000	50.0000	1.087593800
70.0000	10.0000	50.0000	0.994336000
80.0000	10.0000	50.0000	0.269065320
90.0000	10.0000	50.0000	0.142782570
100.0000	10.0000	50.0000	0.132172840
110.0000	10.0000	50.0000	0.417186620
120.0000	10.0000	50.0000	1.216799100
130.0000	10.0000	50.0000	0.826058600
140.0000	10.0000	50.0000	0.491346500
150.0000	10.0000	50.0000	0.238130610
160.0000	10.0000	50.0000	0.826777300
170.0000	10.0000	50.0000	2.176889200
180.0000	10.0000	50.0000	2.083643700
190.0000	10.0000	50.0000	3.375355000
200.0000	10.0000	50.0000	5.679723300
210.0000	10.0000	50.0000	0.280319840
220.0000	10.0000	50.0000	0.090065010
230.0000	10.0000	50.0000	0.141954880
240.0000	10.0000	50.0000	0.970680400
250.0000	10.0000	50.0000	1.542800900
260.0000	10.0000	50.0000	0.382081480
270.0000	10.0000	50.0000	0.277525960
280.0000	10.0000	50.0000	0.229251760
290.0000	10.0000	50.0000	0.460742380
300.0000	10.0000	50.0000	0.959181700
310.0000	10.0000	50.0000	1.727627500
320.0000	10.0000	50.0000	1.224186300
330.0000	10.0000	50.0000	0.404952760
340.0000	10.0000	50.0000	1.533526200
350.0000	10.0000	50.0000	3.059617300
360.0000	10.0000	50.0000	1.000000000
0.0000	20.0000	50.0000	2.075384100
10.0000	20.0000	50.0000	2.701067000
20.0000	20.0000	50.0000	0.967074900
30.0000	20.0000	50.0000	0.115339070
40.0000	20.0000	50.0000	0.116303630
50.0000	20.0000	50.0000	0.194072570
60.0000	20.0000	50.0000	0.569740600
70.0000	20.0000	50.0000	2.463829500
80.0000	20.0000	50.0000	0.785400800
90.0000	20.0000	50.0000	0.266472820
100.0000	20.0000	50.0000	0.430055560
110.0000	20.0000	50.0000	0.566161100
120.0000	20.0000	50.0000	1.367348000
130.0000	20.0000	50.0000	1.504730100
140.0000	20.0000	50.0000	0.667812600
150.0000	20.0000	50.0000	0.260803900
160.0000	20.0000	50.0000	0.228741820
170.0000	20.0000	50.0000	0.778535700
180.0000	20.0000	50.0000	0.665862700
190.0000	20.0000	50.0000	2.328745100
200.0000	20.0000	50.0000	1.361048600
210.0000	20.0000	50.0000	0.131109710
220.0000	20.0000	50.0000	0.128316910
230.0000	20.0000	50.0000	0.211648880
240.0000	20.0000	50.0000	0.332531720
250.0000	20.0000	50.0000	0.923951750
260.0000	20.0000	50.0000	1.077153400
270.0000	20.0000	50.0000	0.664744260
280.0000	20.0000	50.0000	0.692102500
290.0000	20.0000	50.0000	0.568723200
300.0000	20.0000	50.0000	0.752007960
310.0000	20.0000	50.0000	1.729361200
320.0000	20.0000	50.0000	0.744351450
330.0000	20.0000	50.0000	0.278446200
340.0000	20.0000	50.0000	0.251432930
350.0000	20.0000	50.0000	0.316724500
360.0000	20.0000	50.0000	1.000000000
0.0000	30.0000	50.0000	1.413741200
10.0000	30.0000	50.0000	1.528504300
20.0000	30.0000	50.0000	0.407715020
30.0000	30.0000	50.0000	0.120448230
40.0000	30.0000	50.0000	0.227167300
50.0000	30.0000	50.0000	0.781398100
60.0000	30.0000	50.0000	0.787316740
70.0000	30.0000	50.0000	1.397980900
80.0000	30.0000	50.0000	1.375875800
90.0000	30.0000	50.0000	0.655940700
100.0000	30.0000	50.0000	0.857862300
110.0000	30.0000	50.0000	0.986949900
120.0000	30.0000	50.0000	1.655722500
130.0000	30.0000	50.0000	1.324888800
140.0000	30.0000	50.0000	1.060456900
150.0000	30.0000	50.0000	0.340366960
160.0000	30.0000	50.0000	0.049832586
170.0000	30.0000	50.0000	0.432588370
180.0000	30.0000	50.0000	1.141089100
190.0000	30.0000	50.0000	1.637984300
200.0000	30.0000	50.0000	2.020112300
210.0000	30.0000	50.0000	0.264274180
220.0000	30.0000	50.0000	0.210913150
230.0000	30.0000	50.0000	0.791194600
240.0000	30.0000	50.0000	1.977394800
250.0000	30.0000	50.0000	1.773135300
260.0000	30.0000	50.0000	0.673100650
270.0000	30.0000	50.0000	0.515668500
280.0000	30.0000	50.0000	0.762852550
290.0000	30.0000	50.0000	0.997829560
300.0000	30.0000	50.0000	1.823288100
310.0000	30.0000	50.0000	2.562731700
320.0000	30.0000	50.0000	0.964177600
330.0000	30.0000	50.0000	0.294122070
340.0000	30.0000	50.0000	0.069997390
350.0000	30.0000	50.0000	0.310464680
360.0000	30.0000	50.0000	1.000000000
0.0000	40.0000	50.0000	0.229083030
10.0000	40.0000	50.0000	0.550003050
20.0000	40.0000	50.0000	1.301973900
30.0000	40.0000	50.0000	0.308974060
40.0000	40.0000	50.0000	0.500896700
50.0000	40.0000	50.0000	1.564164000
60.0000	40.0000	50.0000	1.120733300
70.0000	40.0000	50.0000	0.455280930
80.0000	40.0000	50.0000	0.658356370
90.0000	40.0000	50.0000	0.796324200
100.0000	40.0000	50.0000	0.509472670
110.0000	40.0000	50.0000	0.539462270
120.0000	40.0000	50.0000	0.933542250
130.0000	40.0000	50.0000	1.331923800
140.0000	40.0000	50.0000	1.997025700
150.0000	40.0000	50.0000	0.859443000
160.0000	40.0000	50.0000	0.063264064
170.0000	40.0000	50.0000	0.111446620
180.0000	40.0000	50.0000	1.189525800
190.0000	40.0000	50.0000	3.658472800
200.0000	40.0000	50.0000	1.313494000
210.0000	40.0000	50.0000	0.373876700
220.0000	40.0000	50.0000	0.398996350
230.0000	40.0000	50.0000	0.568427440
240.0000	40.0000	50.0000	1.466059300
250.0000	40.0000	50.0000	1.474262800
260.0000	40.0000	50.0000	0.810424750
270.0000	40.0000	50.0000	0.505888600
280.0000	40.0000	50.0000	0.473963770
290.0000	40.0000	50.0000	0.389738650
300.0000	40.0000	50.0000	0.505889950
310.0000	40.0000	50.0000	1.097076500
320.0000	40.0000	50.0000	0.992213670
330.0000	40.0000	50.0000	0.496569000
340.0000	40.0000	50.0000	0.102301285
350.0000	40.0000	50.0000	0.191807750
360.0000	40.0000	50.0000	1.000000000
0.0000	50.0000	50.0000	1.257014800
10.0000	50.0000	50.0000	1.275992600
20.0000	50.0000	50.0000	0.765995560
30.0000	50.0000	50.0000	0.575937900
40.0000	50.0000	50.0000	0.902135130
50.0000	50.0000	50.0000	0.833663900
60.0000	50.0000	50.0000	0.734421430
70.0000	50.0000	50.0000	0.213097720
80.0000	50.0000	50.0000	0.328256430
90.0000	50.0000	50.0000	1.394391900
100.0000	50.0000	50.0000	0.788165000
110.0000	50.0000	50.0000	0.666835200
120.0000	50.0000	50.0000	0.918161630
130.0000	50.0000	50.0000	1.650281100
140.0000	50.0000	50.0000	1.596625100
150.0000	50.0000	50.0000	0.577724300
160.0000	50.0000	50.0000	0.074812730
170.0000	50.0000	50.0000	0.130837260
180.0000	50.0000	50.0000	1.104442200
190.0000	50.0000	50.0000	1.270204000
200.0000	50.0000	50.0000	0.370401770
210.0000	50.0000	50.0000	0.439925580
220.0000	50.0000	50.0000	0.803340100
230.0000	50.0000	50.0000	0.710503200
240.0000	50.0000	50.0000	0.494216230
250.0000	50.0000	50.0000	0.497422000
260.0000	50.0000	50.0000	0.649222550
270.0000	50.0000	50.0000	0.918521100
280.0000	50.0000	50.0000	0.493787380
290.0000	50.0000	50.0000	0.188974890
300.0000	50.0000	50.0000	0.158206880
310.0000	50.0000	50.0000	0.426650350
320.0000	50.0000	50.0000	0.860373800
330.0000	50.0000	50.0000	0.731316200
340.0000	50.0000	50.0000	0.184682730
350.0000	50.0000	50.0000	0.087538300
360.0000	50.0000	50.0000	1.000000000
0.0000	60.0000	50.0000	0.444695440
10.0000	60.0000	50.0000	0.497882840
20.0000	60.0000	50.0000	0.702925700
30.0000	60.0000	50.0000	0.615851700
40.0000	60.0000	50.0000	0.728071870
50.0000	60.0000	50.0000	0.618082000
60.0000	60.0000	50.0000	0.388664800
70.0000	60.0000	50.0000	0.193616910
80.0000	60.0000	50.0000	0.297388170
90.0000	60.0000	50.0000	0.815238360
100.0000	60.0000	50.0000	1.285678000
110.0000	60.0000	50.0000	1.000486000
120.0000	60.0000	50.0000	0.846729760
130.0000	60.0000	50.0000	1.361970300
140.0000	60.0000	50.0000	0.983045900
150.0000	60.0000	50.0000	0.465177240
160.0000	60.0000	50.0000	0.207103240
170.0000	60.0000	50.0000	0.368035200
180.0000	60.0000	50.0000	0.934141640
190.0000	60.0000	50.0000	0.812177000
200.0000	60.0000	50.0000	0.476580800
210.0000	60.0000	50.0000	0.442894000
220.0000	60.0000	50.0000	0.444735600
230.0000	60.0000	50.0000	0.314088550
240.0000	60.0000	50.0000	0.279902200
250.0000	60.0000	50.0000	0.283798280
260.0000	60.0000	50.0000	0.291012800
270.0000	60.0000	50.0000	0.673095940
280.0000	60.0000	50.0000	0.775140170
290.0000	60.0000	50.0000	0.294006230
300.0000	60.0000	50.0000	0.303275230
310.0000	60.0000	50.0000	0.592569000
320.0000	60.0000	50.0000	1.125814300
330.0000	60.0000	50.0000	1.022164500
340.0000	60.0000	50.0000	0.341876330
350.0000	60.0000	50.0000	0.187674750
360.0000	60.0000	50.0000	1.000000000
0.0000	70.0000	50.0000	1.122854800
10.0000	70.0000	50.0000	0.975643100
20.0000	70.0000	50.0000	0.803164800
30.0000	70.0000	50.0000	0.525545800
40.0000	70.0000	50.0000	0.409015240
50.0000	70.0000	50.0000	0.394895500
60.0000	70.0000	50.0000	0.391895230
70.0000	70.0000	50.0000	0.332570820
80.0000	70.0000	50.0000	0.179950210
90.0000	70.0000	50.0000	0.140733110
100.0000	70.0000	50.0000	0.289235060
110.0000	70.0000	50.0000	0.362398600
120.0000	70.0000	50.0000	0.345430230
130.0000	70.0000	50.0000	0.584309700
140.0000	70.0000	50.0000	0.614832800
150.0000	70.0000	50.0000	0.698998300
160.0000	70.0000	50.0000	1.008647900
170.0000	70.0000	50.0000	0.604019800
180.0000	70.0000	50.0000	0.461251440
190.0000	70.0000	50.0000	0.969582860
200.0000	70.0000	50.0000	0.952979450
210.0000	70.0000	50.0000	0.396154000
220.0000	70.0000	50.0000	0.201690640
230.0000	70.0000	50.0000	0.229789400
240.0000	70.0000	50.0000	0.424681540
250.0000	70.0000	50.0000	0.444780230
260.0000	70.0000	50.0000	0.190148140
270.0000	70.0000	50.0000	0.249454070
280.0000	70.0000	50.0000	0.486633660
290.0000	70.0000	50.0000	0.505428600
300.0000	70.0000	50.0000	0.330392400
310.0000	70.0000	50.0000	0.549135100
320.0000	70.0000	50.0000	0.884690300
330.0000	70.0000	50.0000	0.763703900
340.0000	70.0000	50.0000	0.590015600
350.0000	70.0000	50.0000	0.515982600
360.0000	70.0000	50.0000	1.000000000
0.0000	80.0000	50.0000	0.236853810
10.0000	80.0000	50.0000	0.469411940
20.0000	80.0000	50.0000	1.311141100
30.0000	80.0000	50.0000	0.585121300
40.0000	80.0000	50.0000	0.369948860
50.0000	80.0000	50.0000	0.313038830
60.0000	80.0000	50.0000	0.463004200
70.0000	80.0000	50.0000	0.595470130
80.0000	80.0000	50.0000	0.363761960
90.0000	80.0000	50.0000	0.239017890
100.0000	80.0000	50.0000	0.345703800
110.0000	80.0000	50.0000	0.329509140
120.0000	80.0000	50.0000	0.205528350
130.0000	80.0000	50.0000	0.270505070
140.0000	80.0000	50.0000	0.510067100
150.0000	80.0000	50.0000	1.219322400
160.0000	80.0000	50.0000	2.662882300
170.0000	80.0000	50.0000	1.623724300
180.0000	80.0000	50.0000	1.415243400
190.0000	80.0000	50.0000	1.975125000
200.0000	80.0000	50.0000	1.552402700
210.0000	80.0000	50.0000	0.536240940
220.0000	80.0000	50.0000	0.331187300
230.0000	80.0000	50.0000	0.385296400
240.0000	80.0000	50.0000	0.565436800
250.0000	80.0000	50.0000	0.794421700
260.0000	80.0000	50.0000	0.387783020
270.0000	80.0000	50.0000	0.385012330
280.0000	80.0000	50.0000	0.596807540
290.0000	80.0000	50.0000	0.615083200
300.0000	80.0000	50.0000	0.615635400
310.0000	80.0000	50.0000	0.569461400
320.0000	80.0000	50.0000	0.513332300
330.0000	80.0000	50.0000	0.913760360
340.0000	80.0000	50.0000	1.256374700
350.0000	80.0000	50.0000	1.883331200
360.0000	80.0000	50.0000	1.000000000
0.0000	90.0000	50.0000	5.786216300
10.0000	90.0000	50.0000	2.143813000
20.0000	90.0000	50.0000	2.718648000
30.0000	90.0000	50.0000	0.836232400
40.0000	90.0000	50.0000	0.533385100
50.0000	90.0000	50.0000	0.482163730
60.0000	90.0000	50.0000	0.693805930
70.0000	90.0000	50.0000	0.856729100
80.0000	90.0000	50.0000	0.628493670
90.0000	90.0000	50.0000	0.402823450
100.0000	90.0000	50.0000	0.567145940
110.0000	90.0000	50.0000	0.499388960
120.0000	90.0000	50.0000	0.167400540
130.0000	90.0000	50.0000	0.288626100
140.0000	90.0000	50.0000	0.727425600
150.0000	90.0000	50.0000	1.491853800
160.0000	90.0000	50.0000	2.939067100
170.0000	90.0000	50.0000	1.950705800
180.0000	90.0000	50.0000	2.755355400
190.0000	90.0000	50.0000	4.561771400
200.0000	90.0000	50.0000	2.066513800
210.0000	90.0000	50.0000	0.928098560
220.0000	90.0000	50.0000	0.696475100
230.0000	90.0000	50.0000	0.444171640
240.0000	90.0000	50.0000	0.423488100
250.0000	90.0000	50.0000	1.081574700
260.0000	90.0000	50.0000	0.602891900
270.0000	90.0000	50.0000	0.557589650
280.0000	90.0000	50.0000	1.245635900
290.0000	90.0000	50.0000	0.839233300
300.0000	90.0000	50.0000	0.607836600
310.0000	90.0000	50.0000	0.536049500
320.0000	90.0000	50.0000	0.346629230
330.0000	90.0000	50.0000	0.941178800
340.0000	90.0000	50.0000	2.093187000
350.0000	90.0000	50.0000	3.931855400
360.0000	90.0000	50.0000	1.000000000
0.0000	0.0000	60.0000	1.000000000
10.0000	0.0000	60.0000	1.000000000
20.0000	0.0000	60.0000	1.000000000
30.0000	0.0000	60.0000	1.000000000
40.0000	0.0000	60.0000	1.000000000
50.0000	0.0000	60.0000	1.000000000
60.0000	0.0000	60.0000	1.000000000
70.0000	0.0000	60.0000	1.000000000
80.0000	0.0000	60.0000	1.000000000
90.0000	0.0000	60.0000	1.000000000
100.0000	0.0000	60.0000	1.000000000
110.0000	0.0000	60.0000	1.000000000
120.0000	0.0000	60.0000	1.000000000
130.0000	0.0000	60.0000	1.000000000
140.0000	0.0000	60.0000	1.000000000
150.0000	0.0000	60.0000	1.000000000
160.0000	0.0000	60.0000	1.000000000
170.0000	0.0000	60.0000	1.000000000
180.0000	0.0000	60.0000	1.000000000
190.0000	0.0000	60.0000	1.000000000
200.0000	0.0000	60.0000	1.000000000
210.0000	0.0000	60.0000	1.000000000
220.0000	0.0000	60.0000	1.000000000
230.0000	0.0000	60.0000	1.000000000
240.0000	0.0000	60.0000	1.000000000
250.0000	0.0000	60.0000	1.000000000
260.0000	0.0000	60.0000	1.000000000
270.0000	0.0000	60.0000	1.000000000
280.0000	0.0000	60.0000	1.000000000
290.0000	0.0000	60.0000	1.000000000
300.0000	0.0000	60.0000	1.000000000
310.0000	0.0000	60.0000	1.000000000
320.0000	0.0000	60.0000	1.000000000
330.0000	0.0000	60.0000	1.000000000
340.0000	0.0000	60.0000	1.000000000
350.0000	0.0000	60.0000	1.000000000
360.0000	0.0000	60.0000	1.000000000
0.0000	10.0000	60.0000	0.899269160
10.0000	10.0000	60.0000	0.974752840
20.0000	10.0000	60.0000	4.716327000
30.0000	10.0000	60.0000	0.100952104
40.0000	10.0000	60.0000	0.091955900
50.0000	10.0000	60.0000	0.759462300
60.0000	10.0000	60.0000	1.645325400
70.0000	10.0000	60.0000	0.573678900
80.0000	10.0000	60.0000	0.113045220
90.0000	10.0000	60.0000	0.463877000
100.0000	10.0000	60.0000	1.803918500
110.0000	10.0000	60.0000	2.117425200
120.0000	10.0000	60.0000	0.198175330
130.0000	10.0000	60.0000	0.349476870
140.0000	10.0000	60.0000	1.852980600
150.0000	10.0000	60.0000	0.217136670
160.0000	10.0000	60.0000	0.820449050
170.0000	10.0000	60.0000	3.964019300
180.0000	10.0000	60.0000	2.368468500
190.0000	10.0000	60.0000	4.006461600
200.0000	10.0000	60.0000	6.322636600
210.0000	10.0000	60.0000	0.078543250
220.0000	10.0000	60.0000	0.041108962
230.0000	10.0000	60.0000	0.174813270
240.0000	10.0000	60.0000	1.736538800
250.0000	10.0000	60.0000	16.623970000
260.0000	10.0000	60.0000	0.258772640
270.0000	10.0000	60.0000	0.091309680
280.0000	10.0000	60.0000	0.484326750
290.0000	10.0000	60.0000	0.749699100
300.0000	10.0000	60.0000	0.771337800
310.0000	10.0000	60.0000	2.114424200
320.0000	10.0000	60.0000	1.637426900
330.0000	10.0000	60.0000	0.363455120
340.0000	10.0000	60.0000	1.336844100
350.0000	10.0000	60.0000	4.759619000
360.0000	10.0000	60.0000	1.000000000
0.0000	20.0000	60.0000	2.696131200
10.0000	20.0000	60.0000	2.750775300
20.0000	20.0000	60.0000	0.825844200
30.0000	20.0000	60.0000	0.097104850
40.0000	20.0000	60.0000	0.254501200
50.0000	20.0000	60.0000	1.057839800
60.0000	20.0000	60.0000	1.714870500
70.0000	20.0000	60.0000	8.922723000
80.0000	20.0000	60.0000	4.466355000
90.0000	20.0000	60.0000	1.724326000
100.0000	20.0000	60.0000	1.662912500
110.0000	20.0000	60.0000	0.992962660
120.0000	20.0000	60.0000	1.127539000
130.0000	20.0000	60.0000	1.192293600
140.0000	20.0000	60.0000	1.237604000
150.0000	20.0000	60.0000	0.087842610
160.0000	20.0000	60.0000	0.149255930
170.0000	20.0000	60.0000	1.280661200
180.0000	20.0000	60.0000	0.788110700
190.0000	20.0000	60.0000	3.307441000
200.0000	20.0000	60.0000	1.490257600
210.0000	20.0000	60.0000	0.070602000
220.0000	20.0000	60.0000	0.402824400
230.0000	20.0000	60.0000	2.044531600
240.0000	20.0000	60.0000	1.183768900
250.0000	20.0000	60.0000	2.695844000
260.0000	20.0000	60.0000	3.602928900
270.0000	20.0000	60.0000	1.718626100
280.0000	20.0000	60.0000	1.729981800
290.0000	20.0000	60.0000	0.715298000
300.0000	20.0000	60.0000	1.237630100
310.0000	20.0000	60.0000	1.571768800
320.0000	20.0000	60.0000	1.031218500
330.0000	20.0000	60.0000	0.147835390
340.0000	20.0000	60.0000	0.128557980
350.0000	20.0000	60.0000	0.568416060
360.0000	20.0000	60.0000	1.000000000
0.0000	30.0000	60.0000	1.940791100
10.0000	30.0000	60.0000	1.962062400
20.0000	30.0000	60.0000	0.179426460
30.0000	30.0000	60.0000	0.093717500
40.0000	30.0000	60.0000	0.360991100
50.0000	30.0000	60.0000	0.519979300
60.0000	30.0000	60.0000	0.369079700
70.0000	30.0000	60.0000	1.043641600
80.0000	30.0000	60.0000	3.271574000
90.0000	30.0000	60.0000	1.510324000
100.0000	30.0000	60.0000	1.031733900
110.0000	30.0000	60.0000	0.806109200
120.0000	30.0000	60.0000	2.029149800
130.0000	30.0000	60.0000	2.156313700
140.0000	30.0000	60.0000	1.264237300
150.0000	30.0000	60.0000	0.125441210
160.0000	30.0000	60.0000	0.050020110
170.0000	30.0000	60.0000	1.264326500
180.0000	30.0000	60.0000	1.702314000
190.0000	30.0000	60.0000	2.610721000
200.0000	30.0000	60.0000	1.069701000
210.0000	30.0000	60.0000	0.142961710
220.0000	30.0000	60.0000	0.301700800
230.0000	30.0000	60.0000	1.010212000
240.0000	30.0000	60.0000	0.730013550
250.0000	30.0000	60.0000	0.608942300
260.0000	30.0000	60.0000	1.368580500
270.0000	30.0000	60.0000	3.402088600
280.0000	30.0000	60.0000	1.774403900
290.0000	30.0000	60.0000	0.605517500
300.0000	30.0000	60.0000	1.586368000
310.0000	30.0000	60.0000	4.310744300
320.0000	30.0000	60.0000	2.057511800
330.0000	30.0000	60.0000	0.162543120
340.0000	30.0000	60.0000	0.068293050
350.0000	30.0000	60.0000	1.282020600
360.0000	30.0000	60.0000	1.000000000
0.0000	40.0000	60.0000	0.509314240
10.0000	40.0000	60.0000	1.392961300
20.0000	40.0000	60.0000	1.671575000
30.0000	40.0000	60.0000	0.184359340
40.0000	40.0000	60.0000	0.589213430
50.0000	40.0000	60.0000	1.382143700
60.0000	40.0000	60.0000	0.460403200
70.0000	40.0000	60.0000	0.447148000
80.0000	40.0000	60.0000	1.718014200
90.0000	40.0000	60.0000	1.037253900
100.0000	40.0000	60.0000	0.349203940
110.0000	40.0000	60.0000	0.489708330
120.0000	40.0000	60.0000	1.085782400
130.0000	40.0000	60.0000	0.991545140
140.0000	40.0000	60.0000	1.214794800
150.0000	40.0000	60.0000	0.272442730
160.0000	40.0000	60.0000	0.033016432
170.0000	40.0000	60.0000	0.393668680
180.0000	40.0000	60.0000	1.997190100
190.0000	40.0000	60.0000	5.064069000
200.0000	40.0000	60.0000	2.305098300
210.0000	40.0000	60.0000	0.433192700
220.0000	40.0000	60.0000	0.283047940
230.0000	40.0000	60.0000	0.548575000
240.0000	40.0000	60.0000	0.973443150
250.0000	40.0000	60.0000	0.498277070
260.0000	40.0000	60.0000	0.666964530
270.0000	40.0000	60.0000	0.761892440
280.0000	40.0000	60.0000	0.625626700
290.0000	40.0000	60.0000	0.299829360
300.0000	40.0000	60.0000	0.815804000
310.0000	40.0000	60.0000	4.641510500
320.0000	40.0000	60.0000	0.978709100
330.0000	40.0000	60.0000	0.142900110
340.0000	40.0000	60.0000	0.082889750
350.0000	40.0000	60.0000	0.957612160
360.0000	40.0000	60.0000	1.000000000
0.0000	50.0000	60.0000	2.749040000
10.0000	50.0000	60.0000	3.638117000
20.0000	50.0000	60.0000	1.990908500
30.0000	50.0000	60.0000	0.616668340
40.0000	50.0000	60.0000	0.680896040
50.0000	50.0000	60.0000	0.490496000
60.0000	50.0000	60.0000	0.448549300
70.0000	50.0000	60.0000	0.174624370
80.0000	50.0000	60.0000	0.354704530
90.0000	50.0000	60.0000	2.518724000
100.0000	50.0000	60.0000	1.094201200
110.0000	50.0000	60.0000	0.760566800
120.0000	50.0000	60.0000	0.960031450
130.0000	50.0000	60.0000	0.765089040
140.0000	50.0000	60.0000	0.776057400
150.0000	50.0000	60.0000	0.284614320
160.0000	50.0000	60.0000	0.066967420
170.0000	50.0000	60.0000	0.371227650
180.0000	50.0000	60.0000	1.623880500
190.0000	50.0000	60.0000	2.115763400
200.0000	50.0000	60.0000	0.875620800
210.0000	50.0000	60.0000	0.540267400
220.0000	50.0000	60.0000	0.648260700
230.0000	50.0000	60.0000	0.704962600
240.0000	50.0000	60.0000	0.469886400
250.0000	50.0000	60.0000	0.257618000
260.0000	50.0000	60.0000	0.443404530
270.0000	50.0000	60.0000	0.964434560
280.0000	50.0000	60.0000	0.468412400
290.0000	50.0000	60.0000	0.185932960
300.0000	50.0000	60.0000	0.225029650
310.0000	50.0000	60.0000	0.522775950
320.0000	50.0000	60.0000	0.534778400
330.0000	50.0000	60.0000	0.199323620
340.0000	50.0000	60.0000	0.159488170
350.0000	50.0000	60.0000	0.467038100
360.0000	50.0000	60.0000	1.000000000
0.0000	60.0000	60.0000	0.741900150
10.0000	60.0000	60.0000	1.243081600
20.0000	60.0000	60.0000	1.669447000
30.0000	60.0000	60.0000	0.589900850
40.0000	60.0000	60.0000	0.356353900
50.0000	60.0000	60.0000	0.366359830
60.0000	60.0000	60.0000	0.390832750
70.0000	60.0000	60.0000	0.181454460
80.0000	60.0000	60.0000	0.243542760
90.0000	60.0000	60.0000	1.240683800
100.0000	60.0000	60.0000	2.038400000
110.0000	60.0000	60.0000	1.488847600
120.0000	60.0000	60.0000	1.304081800
130.0000	60.0000	60.0000	1.593477700
140.0000	60.0000	60.0000	0.977170350
150.0000	60.0000	60.0000	0.560083400
160.0000	60.0000	60.0000	0.474969690
170.0000	60.0000	60.0000	0.966818030
180.0000	60.0000	60.0000	1.357905600
190.0000	60.0000	60.0000	1.809031400
200.0000	60.0000	60.0000	0.705453750
210.0000	60.0000	60.0000	0.204922040
220.0000	60.0000	60.0000	0.282143000
230.0000	60.0000	60.0000	0.408494650
240.0000	60.0000	60.0000	0.321271200
250.0000	60.0000	60.0000	0.292455500
260.0000	60.0000	60.0000	0.524534500
270.0000	60.0000	60.0000	1.500388500
280.0000	60.0000	60.0000	0.297490840
290.0000	60.0000	60.0000	0.102488324
300.0000	60.0000	60.0000	0.142602580
310.0000	60.0000	60.0000	0.528767600
320.0000	60.0000	60.0000	1.199421600
330.0000	60.0000	60.0000	0.903359200
340.0000	60.0000	60.0000	0.526554200
350.0000	60.0000	60.0000	0.666989400
360.0000	60.0000	60.0000	1.000000000
0.0000	70.0000	60.0000	1.673665400
10.0000	70.0000	60.0000	1.196102500
20.0000	70.0000	60.0000	0.852312270
30.0000	70.0000	60.0000	0.320334670
40.0000	70.0000	60.0000	0.165018280
50.0000	70.0000	60.0000	0.365050520
60.0000	70.0000	60.0000	0.543291200
70.0000	70.0000	60.0000	0.434265350
80.0000	70.0000	60.0000	0.323227820
90.0000	70.0000	60.0000	0.211216580
100.0000	70.0000	60.0000	0.411780700
110.0000	70.0000	60.0000	0.605613100
120.0000	70.0000	60.0000	0.533995870
130.0000	70.0000	60.0000	0.452063530
140.0000	70.0000	60.0000	0.610519800
150.0000	70.0000	60.0000	0.821997300
160.0000	70.0000	60.0000	1.939259300
170.0000	70.0000	60.0000	1.464584800
180.0000	70.0000	60.0000	0.716276000
190.0000	70.0000	60.0000	1.563669200
200.0000	70.0000	60.0000	1.146515300
210.0000	70.0000	60.0000	0.222516020
220.0000	70.0000	60.0000	0.147470650
230.0000	70.0000	60.0000	0.422197160
240.0000	70.0000	60.0000	0.555707930
250.0000	70.0000	60.0000	0.477446730
260.0000	70.0000	60.0000	0.451509770
270.0000	70.0000	60.0000	0.466117200
280.0000	70.0000	60.0000	0.127625510
290.0000	70.0000	60.0000	0.136619780
300.0000	70.0000	60.0000	0.164167720
310.0000	70.0000	60.0000	0.270577000
320.0000	70.0000	60.0000	0.538210100
330.0000	70.0000	60.0000	0.679706000
340.0000	70.0000	60.0000	0.598271900
350.0000	70.0000	60.0000	1.046607300
360.0000	70.0000	60.0000	1.000000000
0.0000	80.0000	60.0000	0.383096370
10.0000	80.0000	60.0000	0.525205200
20.0000	80.0000	60.0000	0.907948400
30.0000	80.0000	60.0000	0.449983480
40.0000	80.0000	60.0000	0.480630870
50.0000	80.0000	60.0000	0.516716900
60.0000	80.0000	60.0000	0.508308000
70.0000	80.0000	60.0000	0.886297000
80.0000	80.0000	60.0000	0.681299300
90.0000	80.0000	60.0000	0.437965400
100.0000	80.0000	60.0000	0.598197940
110.0000	80.0000	60.0000	0.363063100
120.0000	80.0000	60.0000	0.288403200
130.0000	80.0000	60.0000	0.267700400
140.0000	80.0000	60.0000	0.562745900
150.0000	80.0000	60.0000	0.969614150
160.0000	80.0000	60.0000	2.132748800
170.0000	80.0000	60.0000	2.040425500
180.0000	80.0000	60.0000	1.636563500
190.0000	80.0000	60.0000	2.120038000
200.0000	80.0000	60.0000	1.897402300
210.0000	80.0000	60.0000	0.612260940
220.0000	80.0000	60.0000	0.625500800
230.0000	80.0000	60.0000	0.906585600
240.0000	80.0000	60.0000	0.821802600
250.0000	80.0000	60.0000	0.921198600
260.0000	80.0000	60.0000	0.562627140
270.0000	80.0000	60.0000	0.446845770
280.0000	80.0000	60.0000	0.345306100
290.0000	80.0000	60.0000	0.348162100
300.0000	80.0000	60.0000	0.663323100
310.0000	80.0000	60.0000	0.613526340
320.0000	80.0000	60.0000	0.310519200
330.0000	80.0000	60.0000	0.354208300
340.0000	80.0000	60.0000	0.480861900
350.0000	80.0000	60.0000	1.530522200
360.0000	80.0000	60.0000	1.000000000
0.0000	90.0000	60.0000	6.166657000
10.0000	90.0000	60.0000	1.999615400
20.0000	90.0000	60.0000	1.700882200
30.0000	90.0000	60.0000	0.816932800
40.0000	90.0000	60.0000	1.797141100
50.0000	90.0000	60.0000	0.913069500
60.0000	90.0000	60.0000	0.654870570
70.0000	90.0000	60.0000	1.495048300
80.0000	90.0000	60.0000	0.990632000
90.0000	90.0000	60.0000	0.589811100
100.0000	90.0000	60.0000	0.603259150
110.0000	90.0000	60.0000	0.393463300
120.0000	90.0000	60.0000	0.483221320
130.0000	90.0000	60.0000	0.650493300
140.0000	90.0000	60.0000	1.275150800
150.0000	90.0000	60.0000	1.966701600
160.0000	90.0000	60.0000	2.197904000
170.0000	90.0000	60.0000	1.876126400
180.0000	90.0000	60.0000	2.894789500
190.0000	90.0000	60.0000	4.835892700
200.0000	90.0000	60.0000	1.876750500
210.0000	90.0000	60.0000	0.900072500
220.0000	90.0000	60.0000	1.692236000
230.0000	90.0000	60.0000	1.147431100
240.0000	90.0000	60.0000	0.666842400
250.0000	90.0000	60.0000	2.835409900
260.0000	90.0000	60.0000	0.907906800
270.0000	90.0000	60.0000	0.878519060
280.0000	90.0000	60.0000	0.686680100
290.0000	90.0000	60.0000	0.339706240
300.0000	90.0000	60.0000	1.220655900
310.0000	90.0000	60.0000	1.816398100
320.0000	90.0000	60.0000	0.422759060
330.0000	90.0000	60.0000	0.531938850
340.0000	90.0000	60.0000	0.713209750
350.0000	90.0000	60.0000	1.632010900
360.0000	90.0000	60.0000	1.000000000
