0.0000	0.0000	0.0000	0.288136200
10.0000	0.0000	0.0000	0.231488880
20.0000	0.0000	0.0000	0.489796130
30.0000	0.0000	0.0000	0.517229860
40.0000	0.0000	0.0000	0.792391840
50.0000	0.0000	0.0000	0.996188800
60.0000	0.0000	0.0000	0.416930740
70.0000	0.0000	0.0000	0.555730500
80.0000	0.0000	0.0000	0.349081160
90.0000	0.0000	0.0000	0.975963300
100.0000	0.0000	0.0000	1.861437200
110.0000	0.0000	0.0000	2.381664000
120.0000	0.0000	0.0000	2.140236400
130.0000	0.0000	0.0000	2.359142000
140.0000	0.0000	0.0000	2.102380300
150.0000	0.0000	0.0000	1.252929900
160.0000	0.0000	0.0000	0.833143530
170.0000	0.0000	0.0000	0.340695100
180.0000	0.0000	0.0000	0.153046440
190.0000	0.0000	0.0000	0.777213600
200.0000	0.0000	0.0000	0.597765740
210.0000	0.0000	0.0000	0.295637580
220.0000	0.0000	0.0000	0.496142830
230.0000	0.0000	0.0000	0.657429300
240.0000	0.0000	0.0000	0.161286710
250.0000	0.0000	0.0000	0.492816630
260.0000	0.0000	0.0000	0.453226750
270.0000	0.0000	0.0000	1.033504100
280.0000	0.0000	0.0000	1.583257600
290.0000	0.0000	0.0000	1.749168300
300.0000	0.0000	0.0000	1.813561100
310.0000	0.0000	0.0000	2.465767000
320.0000	0.0000	0.0000	1.765732800
330.0000	0.0000	0.0000	0.932703440
340.0000	0.0000	0.0000	0.846442160
350.0000	0.0000	0.0000	1.496167000
360.0000	0.0000	0.0000	1.000000000
0.0000	10.0000	0.0000	0.755480230
10.0000	10.0000	0.0000	1.104376800
20.0000	10.0000	0.0000	2.233904800
30.0000	10.0000	0.0000	0.349580530
40.0000	10.0000	0.0000	2.794296300
50.0000	10.0000	0.0000	0.585122100
60.0000	10.0000	0.0000	0.934655200
70.0000	10.0000	0.0000	6.379750000
80.0000	10.0000	0.0000	0.144843060
90.0000	10.0000	0.0000	0.763290700
100.0000	10.0000	0.0000	1.719854200
110.0000	10.0000	0.0000	2.764815300
120.0000	10.0000	0.0000	3.436205600
130.0000	10.0000	0.0000	3.999435400
140.0000	10.0000	0.0000	1.196966200
150.0000	10.0000	0.0000	0.277933660
160.0000	10.0000	0.0000	1.219922100
170.0000	10.0000	0.0000	2.251549500
180.0000	10.0000	0.0000	1.761450900
190.0000	10.0000	0.0000	6.135659700
200.0000	10.0000	0.0000	1.164479500
210.0000	10.0000	0.0000	0.120191970
220.0000	10.0000	0.0000	2.435680600
230.0000	10.0000	0.0000	1.368518600
240.0000	10.0000	0.0000	0.228588570
250.0000	10.0000	0.0000	0.731489060
260.0000	10.0000	0.0000	0.263546080
270.0000	10.0000	0.0000	2.033905300
280.0000	10.0000	0.0000	2.380991700
290.0000	10.0000	0.0000	2.261628600
300.0000	10.0000	0.0000	2.200869000
310.0000	10.0000	0.0000	2.870052300
320.0000	10.0000	0.0000	1.141209500
330.0000	10.0000	0.0000	0.389534320
340.0000	10.0000	0.0000	2.051206000
350.0000	10.0000	0.0000	4.238428600
360.0000	10.0000	0.0000	1.000000000
0.0000	20.0000	0.0000	2.297320400
10.0000	20.0000	0.0000	2.924544800
20.0000	20.0000	0.0000	0.265484360
30.0000	20.0000	0.0000	0.069677630
40.0000	20.0000	0.0000	0.424810700
50.0000	20.0000	0.0000	1.078681800
60.0000	20.0000	0.0000	2.109820600
70.0000	20.0000	0.0000	0.786057900
80.0000	20.0000	0.0000	0.327429100
90.0000	20.0000	0.0000	0.379352660
100.0000	20.0000	0.0000	1.677555400
110.0000	20.0000	0.0000	1.917091000
120.0000	20.0000	0.0000	2.579369500
130.0000	20.0000	0.0000	4.430347400
140.0000	20.0000	0.0000	0.292861580
150.0000	20.0000	0.0000	0.043653260
160.0000	20.0000	0.0000	0.441571300
170.0000	20.0000	0.0000	1.482711900
180.0000	20.0000	0.0000	1.189785100
190.0000	20.0000	0.0000	4.490810400
200.0000	20.0000	0.0000	0.208436860
210.0000	20.0000	0.0000	0.097489790
220.0000	20.0000	0.0000	1.213089700
230.0000	20.0000	0.0000	1.060081100
240.0000	20.0000	0.0000	0.968477550
250.0000	20.0000	0.0000	0.903491300
260.0000	20.0000	0.0000	0.342644480
270.0000	20.0000	0.0000	0.577258350
280.0000	20.0000	0.0000	1.954683500
290.0000	20.0000	0.0000	4.049297000
300.0000	20.0000	0.0000	2.496077300
310.0000	20.0000	0.0000	1.886184600
320.0000	20.0000	0.0000	0.881287930
330.0000	20.0000	0.0000	0.088795180
340.0000	20.0000	0.0000	0.325587420
350.0000	20.0000	0.0000	0.566271840
360.0000	20.0000	0.0000	1.000000000
0.0000	30.0000	0.0000	1.673309900
10.0000	30.0000	0.0000	1.702080800
20.0000	30.0000	0.0000	0.067887930
30.0000	30.0000	0.0000	0.147119670
40.0000	30.0000	0.0000	0.709269500
50.0000	30.0000	0.0000	3.610217000
60.0000	30.0000	0.0000	2.569507400
70.0000	30.0000	0.0000	0.545750300
80.0000	30.0000	0.0000	0.533931400
90.0000	30.0000	0.0000	0.747729300
100.0000	30.0000	0.0000	1.406997300
110.0000	30.0000	0.0000	0.771625600
120.0000	30.0000	0.0000	1.415680300
130.0000	30.0000	0.0000	1.085929800
140.0000	30.0000	0.0000	0.134703110
150.0000	30.0000	0.0000	0.060746540
160.0000	30.0000	0.0000	0.470231200
170.0000	30.0000	0.0000	2.893451700
180.0000	30.0000	0.0000	2.901956600
190.0000	30.0000	0.0000	1.558079700
200.0000	30.0000	0.0000	0.096063250
210.0000	30.0000	0.0000	0.239990680
220.0000	30.0000	0.0000	1.137975100
230.0000	30.0000	0.0000	1.680422400
240.0000	30.0000	0.0000	0.981060600
250.0000	30.0000	0.0000	0.428470400
260.0000	30.0000	0.0000	0.460383800
270.0000	30.0000	0.0000	0.563281540
280.0000	30.0000	0.0000	0.702893260
290.0000	30.0000	0.0000	1.386813000
300.0000	30.0000	0.0000	1.291782300
310.0000	30.0000	0.0000	0.775270100
320.0000	30.0000	0.0000	0.378563670
330.0000	30.0000	0.0000	0.119886500
340.0000	30.0000	0.0000	0.288143400
350.0000	30.0000	0.0000	0.869759560
360.0000	30.0000	0.0000	1.000000000
0.0000	40.0000	0.0000	0.483533650
10.0000	40.0000	0.0000	0.484818130
20.0000	40.0000	0.0000	0.047050945
30.0000	40.0000	0.0000	0.219070050
40.0000	40.0000	0.0000	0.738628400
50.0000	40.0000	0.0000	1.398646100
60.0000	40.0000	0.0000	3.004693300
70.0000	40.0000	0.0000	0.509354700
80.0000	40.0000	0.0000	0.219311850
90.0000	40.0000	0.0000	0.720169960
100.0000	40.0000	0.0000	1.360772600
110.0000	40.0000	0.0000	0.770362400
120.0000	40.0000	0.0000	0.467983540
130.0000	40.0000	0.0000	0.497012850
140.0000	40.0000	0.0000	0.435303500
150.0000	40.0000	0.0000	0.222800910
160.0000	40.0000	0.0000	1.395960600
170.0000	40.0000	0.0000	1.517410300
180.0000	40.0000	0.0000	2.077682300
190.0000	40.0000	0.0000	2.162072000
200.0000	40.0000	0.0000	0.106754586
210.0000	40.0000	0.0000	0.284950800
220.0000	40.0000	0.0000	0.797425300
230.0000	40.0000	0.0000	1.815177700
240.0000	40.0000	0.0000	0.549270600
250.0000	40.0000	0.0000	0.232220350
260.0000	40.0000	0.0000	0.293889430
270.0000	40.0000	0.0000	0.315245270
280.0000	40.0000	0.0000	0.317854800
290.0000	40.0000	0.0000	0.547086900
300.0000	40.0000	0.0000	1.202443200
310.0000	40.0000	0.0000	0.647976300
320.0000	40.0000	0.0000	0.438950840
330.0000	40.0000	0.0000	0.700821800
340.0000	40.0000	0.0000	3.172026000
350.0000	40.0000	0.0000	1.530005500
360.0000	40.0000	0.0000	1.000000000
0.0000	50.0000	0.0000	2.536608200
10.0000	50.0000	0.0000	1.444069400
20.0000	50.0000	0.0000	0.143568440
30.0000	50.0000	0.0000	0.515320540
40.0000	50.0000	0.0000	0.464303800
50.0000	50.0000	0.0000	0.292581650
60.0000	50.0000	0.0000	0.176653220
70.0000	50.0000	0.0000	0.136243030
80.0000	50.0000	0.0000	0.357319180
90.0000	50.0000	0.0000	0.799123400
100.0000	50.0000	0.0000	0.448357730
110.0000	50.0000	0.0000	0.341232750
120.0000	50.0000	0.0000	0.624556240
130.0000	50.0000	0.0000	0.507826030
140.0000	50.0000	0.0000	0.580557700
150.0000	50.0000	0.0000	0.486666080
160.0000	50.0000	0.0000	0.880519000
170.0000	50.0000	0.0000	0.900698840
180.0000	50.0000	0.0000	1.533534600
190.0000	50.0000	0.0000	1.116556500
200.0000	50.0000	0.0000	0.152763440
210.0000	50.0000	0.0000	0.387341080
220.0000	50.0000	0.0000	0.678978600
230.0000	50.0000	0.0000	0.711894870
240.0000	50.0000	0.0000	0.734747400
250.0000	50.0000	0.0000	1.035117600
260.0000	50.0000	0.0000	0.641266640
270.0000	50.0000	0.0000	0.501370300
280.0000	50.0000	0.0000	0.539509900
290.0000	50.0000	0.0000	0.366203670
300.0000	50.0000	0.0000	0.396230100
310.0000	50.0000	0.0000	0.431511900
320.0000	50.0000	0.0000	0.442971050
330.0000	50.0000	0.0000	0.862924800
340.0000	50.0000	0.0000	1.545063400
350.0000	50.0000	0.0000	0.765524000
360.0000	50.0000	0.0000	1.000000000
0.0000	60.0000	0.0000	1.183452600
10.0000	60.0000	0.0000	0.848032000
20.0000	60.0000	0.0000	0.906409140
30.0000	60.0000	0.0000	1.178272000
40.0000	60.0000	0.0000	0.430246000
50.0000	60.0000	0.0000	0.344409800
60.0000	60.0000	0.0000	0.148954380
70.0000	60.0000	0.0000	0.076055650
80.0000	60.0000	0.0000	0.219221700
90.0000	60.0000	0.0000	0.391758100
100.0000	60.0000	0.0000	0.328439120
110.0000	60.0000	0.0000	0.498693320
120.0000	60.0000	0.0000	0.914796350
130.0000	60.0000	0.0000	0.445123170
140.0000	60.0000	0.0000	0.270086970
150.0000	60.0000	0.0000	0.262072300
160.0000	60.0000	0.0000	0.485907380
170.0000	60.0000	0.0000	1.525021700
180.0000	60.0000	0.0000	1.962524700
190.0000	60.0000	0.0000	1.213921500
200.0000	60.0000	0.0000	0.597674970
210.0000	60.0000	0.0000	0.751564260
220.0000	60.0000	0.0000	1.098052700
230.0000	60.0000	0.0000	0.987359900
240.0000	60.0000	0.0000	0.613342000
250.0000	60.0000	0.0000	1.454006000
260.0000	60.0000	0.0000	2.166199700
270.0000	60.0000	0.0000	0.889724500
280.0000	60.0000	0.0000	0.540243400
290.0000	60.0000	0.0000	0.427833800
300.0000	60.0000	0.0000	0.326963840
310.0000	60.0000	0.0000	0.214596060
320.0000	60.0000	0.0000	0.283634930
330.0000	60.0000	0.0000	0.190044180
340.0000	60.0000	0.0000	0.472965480
350.0000	60.0000	0.0000	2.678805400
360.0000	60.0000	0.0000	1.000000000
0.0000	70.0000	0.0000	1.581513200
10.0000	70.0000	0.0000	1.483799700
20.0000	70.0000	0.0000	1.154116900
30.0000	70.0000	0.0000	0.814338450
40.0000	70.0000	0.0000	0.372540380
50.0000	70.0000	0.0000	0.189462110
60.0000	70.0000	0.0000	0.330591950
70.0000	70.0000	0.0000	0.112684230
80.0000	70.0000	0.0000	0.040048290
90.0000	70.0000	0.0000	0.106249444
100.0000	70.0000	0.0000	0.416594980
110.0000	70.0000	0.0000	0.557512100
120.0000	70.0000	0.0000	0.498214220
130.0000	70.0000	0.0000	0.564867700
140.0000	70.0000	0.0000	0.219410960
150.0000	70.0000	0.0000	0.194107170
160.0000	70.0000	0.0000	0.585364040
170.0000	70.0000	0.0000	1.209035900
180.0000	70.0000	0.0000	1.144440700
190.0000	70.0000	0.0000	2.079630600
200.0000	70.0000	0.0000	1.182308200
210.0000	70.0000	0.0000	0.707995900
220.0000	70.0000	0.0000	0.550031240
230.0000	70.0000	0.0000	0.248682160
240.0000	70.0000	0.0000	0.268113230
250.0000	70.0000	0.0000	0.960002840
260.0000	70.0000	0.0000	1.300099400
270.0000	70.0000	0.0000	0.442347230
280.0000	70.0000	0.0000	0.398822720
290.0000	70.0000	0.0000	0.648746100
300.0000	70.0000	0.0000	0.301176280
310.0000	70.0000	0.0000	0.184076230
320.0000	70.0000	0.0000	0.247596980
330.0000	70.0000	0.0000	0.307829830
340.0000	70.0000	0.0000	0.627853100
350.0000	70.0000	0.0000	2.218283700
360.0000	70.0000	0.0000	1.000000000
0.0000	80.0000	0.0000	0.300120260
10.0000	80.0000	0.0000	0.773476600
20.0000	80.0000	0.0000	1.202665700
30.0000	80.0000	0.0000	0.399803000
40.0000	80.0000	0.0000	0.489323320
50.0000	80.0000	0.0000	0.346958800
60.0000	80.0000	0.0000	0.405158250
70.0000	80.0000	0.0000	0.274469500
80.0000	80.0000	0.0000	0.110170305
90.0000	80.0000	0.0000	0.243613650
100.0000	80.0000	0.0000	0.605053840
110.0000	80.0000	0.0000	0.402630630
120.0000	80.0000	0.0000	0.242966250
130.0000	80.0000	0.0000	0.502621950
140.0000	80.0000	0.0000	0.588329500
150.0000	80.0000	0.0000	0.831902400
160.0000	80.0000	0.0000	1.532232500
170.0000	80.0000	0.0000	1.867781300
180.0000	80.0000	0.0000	2.742251200
190.0000	80.0000	0.0000	3.882196200
200.0000	80.0000	0.0000	1.109155000
210.0000	80.0000	0.0000	1.003695400
220.0000	80.0000	0.0000	0.599994400
230.0000	80.0000	0.0000	0.131933880
240.0000	80.0000	0.0000	0.375679020
250.0000	80.0000	0.0000	0.671525500
260.0000	80.0000	0.0000	0.535407600
270.0000	80.0000	0.0000	0.667411570
280.0000	80.0000	0.0000	0.672174200
290.0000	80.0000	0.0000	0.691551860
300.0000	80.0000	0.0000	0.307800400
310.0000	80.0000	0.0000	0.591965900
320.0000	80.0000	0.0000	0.897064100
330.0000	80.0000	0.0000	1.107044800
340.0000	80.0000	0.0000	0.996239840
350.0000	80.0000	0.0000	1.126226500
360.0000	80.0000	0.0000	1.000000000
0.0000	90.0000	0.0000	5.295525000
10.0000	90.0000	0.0000	2.271599000
20.0000	90.0000	0.0000	1.861265900
30.0000	90.0000	0.0000	0.365435720
40.0000	90.0000	0.0000	0.623300250
50.0000	90.0000	0.0000	0.933764200
60.0000	90.0000	0.0000	0.645027800
70.0000	90.0000	0.0000	0.292767320
80.0000	90.0000	0.0000	0.144884080
90.0000	90.0000	0.0000	0.487433050
100.0000	90.0000	0.0000	0.953923340
110.0000	90.0000	0.0000	0.466744200
120.0000	90.0000	0.0000	0.250871570
130.0000	90.0000	0.0000	0.453422370
140.0000	90.0000	0.0000	1.548187700
150.0000	90.0000	0.0000	3.442962000
160.0000	90.0000	0.0000	4.081672000
170.0000	90.0000	0.0000	2.717333600
180.0000	90.0000	0.0000	3.675743300
190.0000	90.0000	0.0000	3.234363300
200.0000	90.0000	0.0000	1.325014800
210.0000	90.0000	0.0000	3.046404800
220.0000	90.0000	0.0000	1.464005600
230.0000	90.0000	0.0000	0.264753370
240.0000	90.0000	0.0000	0.506715300
250.0000	90.0000	0.0000	0.563034700
260.0000	90.0000	0.0000	0.390749250
270.0000	90.0000	0.0000	0.681913500
280.0000	90.0000	0.0000	0.945784450
290.0000	90.0000	0.0000	1.280292700
300.0000	90.0000	0.0000	0.557682400
310.0000	90.0000	0.0000	1.452280500
320.0000	90.0000	0.0000	1.978151300
330.0000	90.0000	0.0000	1.540047900
340.0000	90.0000	0.0000	1.568827900
350.0000	90.0000	0.0000	2.785603800
360.0000	90.0000	0.0000	1.000000000
0.0000	0.0000	10.0000	1.000000000
10.0000	0.0000	10.0000	1.000000000
20.0000	0.0000	10.0000	1.000000000
30.0000	0.0000	10.0000	1.000000000
40.0000	0.0000	10.0000	1.000000000
50.0000	0.0000	10.0000	1.000000000
60.0000	0.0000	10.0000	1.000000000
70.0000	0.0000	10.0000	1.000000000
80.0000	0.0000	10.0000	1.000000000
90.0000	0.0000	10.0000	1.000000000
100.0000	0.0000	10.0000	1.000000000
110.0000	0.0000	10.0000	1.000000000
120.0000	0.0000	10.0000	1.000000000
130.0000	0.0000	10.0000	1.000000000
140.0000	0.0000	10.0000	1.000000000
150.0000	0.0000	10.0000	1.000000000
160.0000	0.0000	10.0000	1.000000000
170.0000	0.0000	10.0000	1.000000000
180.0000	0.0000	10.0000	1.000000000
190.0000	0.0000	10.0000	1.000000000
200.0000	0.0000	10.0000	1.000000000
210.0000	0.0000	10.0000	1.000000000
220.0000	0.0000	10.0000	1.000000000
230.0000	0.0000	10.0000	1.000000000
240.0000	0.0000	10.0000	1.000000000
250.0000	0.0000	10.0000	1.000000000
260.0000	0.0000	10.0000	1.000000000
270.0000	0.0000	10.0000	1.000000000
280.0000	0.0000	10.0000	1.000000000
290.0000	0.0000	10.0000	1.000000000
300.0000	0.0000	10.0000	1.000000000
310.0000	0.0000	10.0000	1.000000000
320.0000	0.0000	10.0000	1.000000000
330.0000	0.0000	10.0000	1.000000000
340.0000	0.0000	10.0000	1.000000000
350.0000	0.0000	10.0000	1.000000000
360.0000	0.0000	10.0000	1.000000000
0.0000	10.0000	10.0000	0.755219900
10.0000	10.0000	10.0000	0.710891900
20.0000	10.0000	10.0000	1.707911400
30.0000	10.0000	10.0000	0.417190900
40.0000	10.0000	10.0000	0.874203740
50.0000	10.0000	10.0000	1.444606800
60.0000	10.0000	10.0000	2.420382000
70.0000	10.0000	10.0000	1.201748600
80.0000	10.0000	10.0000	0.218103230
90.0000	10.0000	10.0000	0.791630150
100.0000	10.0000	10.0000	1.597614000
110.0000	10.0000	10.0000	2.432996500
120.0000	10.0000	10.0000	2.851556800
130.0000	10.0000	10.0000	1.869314600
140.0000	10.0000	10.0000	0.718728800
150.0000	10.0000	10.0000	0.348448870
160.0000	10.0000	10.0000	1.612134600
170.0000	10.0000	10.0000	2.561785500
180.0000	10.0000	10.0000	1.824920300
190.0000	10.0000	10.0000	2.524706100
200.0000	10.0000	10.0000	1.080039000
210.0000	10.0000	10.0000	0.233626410
220.0000	10.0000	10.0000	1.478275300
230.0000	10.0000	10.0000	0.973584830
240.0000	10.0000	10.0000	0.588003750
250.0000	10.0000	10.0000	0.485444250
260.0000	10.0000	10.0000	0.100912220
270.0000	10.0000	10.0000	1.040585400
280.0000	10.0000	10.0000	2.023723800
290.0000	10.0000	10.0000	1.796861000
300.0000	10.0000	10.0000	1.934358500
310.0000	10.0000	10.0000	1.750379400
320.0000	10.0000	10.0000	0.804291840
330.0000	10.0000	10.0000	0.460970220
340.0000	10.0000	10.0000	2.709437800
350.0000	10.0000	10.0000	4.774213300
360.0000	10.0000	10.0000	1.000000000
0.0000	20.0000	10.0000	2.223723200
10.0000	20.0000	10.0000	1.771858600
20.0000	20.0000	10.0000	0.248035740
30.0000	20.0000	10.0000	0.120511260
40.0000	20.0000	10.0000	0.407528100
50.0000	20.0000	10.0000	1.412625700
60.0000	20.0000	10.0000	1.159693400
70.0000	20.0000	10.0000	0.344814150
80.0000	20.0000	10.0000	0.296065500
90.0000	20.0000	10.0000	0.409569700
100.0000	20.0000	10.0000	1.094216500
110.0000	20.0000	10.0000	1.232928500
120.0000	20.0000	10.0000	0.737436100
130.0000	20.0000	10.0000	0.314920460
140.0000	20.0000	10.0000	0.082160420
150.0000	20.0000	10.0000	0.066834550
160.0000	20.0000	10.0000	0.708989740
170.0000	20.0000	10.0000	1.358867600
180.0000	20.0000	10.0000	0.859068630
190.0000	20.0000	10.0000	1.472720900
200.0000	20.0000	10.0000	0.263838560
210.0000	20.0000	10.0000	0.179757460
220.0000	20.0000	10.0000	0.583739940
230.0000	20.0000	10.0000	1.233438100
240.0000	20.0000	10.0000	1.029858700
250.0000	20.0000	10.0000	0.994902300
260.0000	20.0000	10.0000	0.431712930
270.0000	20.0000	10.0000	0.311550830
280.0000	20.0000	10.0000	0.922789800
290.0000	20.0000	10.0000	1.040740100
300.0000	20.0000	10.0000	0.500562100
310.0000	20.0000	10.0000	0.592609350
320.0000	20.0000	10.0000	0.248797760
330.0000	20.0000	10.0000	0.062098270
340.0000	20.0000	10.0000	0.463799030
350.0000	20.0000	10.0000	0.609082100
360.0000	20.0000	10.0000	1.000000000
0.0000	30.0000	10.0000	1.344684400
10.0000	30.0000	10.0000	0.738773000
20.0000	30.0000	10.0000	0.056873690
30.0000	30.0000	10.0000	0.236644540
40.0000	30.0000	10.0000	1.066258200
50.0000	30.0000	10.0000	1.857421600
60.0000	30.0000	10.0000	0.985314500
70.0000	30.0000	10.0000	0.499793020
80.0000	30.0000	10.0000	0.645257400
90.0000	30.0000	10.0000	0.669575040
100.0000	30.0000	10.0000	1.187781600
110.0000	30.0000	10.0000	1.678698400
120.0000	30.0000	10.0000	2.076762700
130.0000	30.0000	10.0000	0.644250400
140.0000	30.0000	10.0000	0.123142846
150.0000	30.0000	10.0000	0.222125010
160.0000	30.0000	10.0000	1.986178900
170.0000	30.0000	10.0000	3.009696500
180.0000	30.0000	10.0000	1.700153500
190.0000	30.0000	10.0000	0.432144520
200.0000	30.0000	10.0000	0.067734150
210.0000	30.0000	10.0000	0.214376550
220.0000	30.0000	10.0000	0.792092300
230.0000	30.0000	10.0000	1.687820100
240.0000	30.0000	10.0000	1.128807700
250.0000	30.0000	10.0000	0.643898370
260.0000	30.0000	10.0000	0.635342100
270.0000	30.0000	10.0000	0.434790100
280.0000	30.0000	10.0000	0.633152200
290.0000	30.0000	10.0000	2.711715500
300.0000	30.0000	10.0000	1.570908900
310.0000	30.0000	10.0000	1.190478800
320.0000	30.0000	10.0000	0.342302740
330.0000	30.0000	10.0000	0.202351020
340.0000	30.0000	10.0000	0.416501670
350.0000	30.0000	10.0000	0.800160940
360.0000	30.0000	10.0000	1.000000000
0.0000	40.0000	10.0000	0.258147100
10.0000	40.0000	10.0000	0.165577590
20.0000	40.0000	10.0000	0.046828672
30.0000	40.0000	10.0000	0.351558630
40.0000	40.0000	10.0000	1.323050100
50.0000	40.0000	10.0000	0.988940540
60.0000	40.0000	10.0000	0.605986700
70.0000	40.0000	10.0000	0.467572720
80.0000	40.0000	10.0000	0.378279900
90.0000	40.0000	10.0000	0.714058940
100.0000	40.0000	10.0000	1.195286400
110.0000	40.0000	10.0000	1.158419500
120.0000	40.0000	10.0000	0.946342700
130.0000	40.0000	10.0000	0.559088800
140.0000	40.0000	10.0000	0.421534100
150.0000	40.0000	10.0000	0.514472250
160.0000	40.0000	10.0000	1.656214700
170.0000	40.0000	10.0000	0.977927700
180.0000	40.0000	10.0000	1.411906200
190.0000	40.0000	10.0000	0.622125300
200.0000	40.0000	10.0000	0.093987540
210.0000	40.0000	10.0000	0.524700200
220.0000	40.0000	10.0000	1.506156100
230.0000	40.0000	10.0000	1.659326300
240.0000	40.0000	10.0000	0.745471950
250.0000	40.0000	10.0000	0.353496200
260.0000	40.0000	10.0000	0.362891100
270.0000	40.0000	10.0000	0.355868280
280.0000	40.0000	10.0000	0.394962250
290.0000	40.0000	10.0000	0.928601900
300.0000	40.0000	10.0000	1.131330400
310.0000	40.0000	10.0000	0.858323930
320.0000	40.0000	10.0000	0.456784750
330.0000	40.0000	10.0000	0.707268800
340.0000	40.0000	10.0000	2.096184700
350.0000	40.0000	10.0000	1.285457700
360.0000	40.0000	10.0000	1.000000000
0.0000	50.0000	10.0000	1.352227200
10.0000	50.0000	10.0000	0.565076530
20.0000	50.0000	10.0000	0.140881850
30.0000	50.0000	10.0000	0.461092800
40.0000	50.0000	10.0000	0.744291000
50.0000	50.0000	10.0000	0.494416330
60.0000	50.0000	10.0000	0.180886670
70.0000	50.0000	10.0000	0.241734710
80.0000	50.0000	10.0000	0.690732100
90.0000	50.0000	10.0000	0.989164650
100.0000	50.0000	10.0000	0.612503800
110.0000	50.0000	10.0000	0.540388900
120.0000	50.0000	10.0000	0.516443900
130.0000	50.0000	10.0000	0.522329450
140.0000	50.0000	10.0000	0.707396000
150.0000	50.0000	10.0000	0.456943270
160.0000	50.0000	10.0000	0.352868900
170.0000	50.0000	10.0000	0.520432400
180.0000	50.0000	10.0000	1.051496500
190.0000	50.0000	10.0000	0.394629240
200.0000	50.0000	10.0000	0.140525390
210.0000	50.0000	10.0000	0.618331600
220.0000	50.0000	10.0000	1.130424600
230.0000	50.0000	10.0000	1.112446300
240.0000	50.0000	10.0000	0.930790500
250.0000	50.0000	10.0000	1.071526900
260.0000	50.0000	10.0000	0.507615100
270.0000	50.0000	10.0000	0.448702450
280.0000	50.0000	10.0000	0.601872150
290.0000	50.0000	10.0000	0.644766000
300.0000	50.0000	10.0000	0.571623200
310.0000	50.0000	10.0000	0.540314100
320.0000	50.0000	10.0000	0.394454700
330.0000	50.0000	10.0000	0.574572860
340.0000	50.0000	10.0000	0.894176840
350.0000	50.0000	10.0000	0.604937400
360.0000	50.0000	10.0000	1.000000000
0.0000	60.0000	10.0000	0.582753360
10.0000	60.0000	10.0000	0.366006400
20.0000	60.0000	10.0000	0.388084650
30.0000	60.0000	10.0000	0.578788200
40.0000	60.0000	10.0000	0.504340400
50.0000	60.0000	10.0000	0.590160970
60.0000	60.0000	10.0000	0.314804230
70.0000	60.0000	10.0000	0.429513780
80.0000	60.0000	10.0000	0.866685870
90.0000	60.0000	10.0000	0.378520280
100.0000	60.0000	10.0000	0.255984600
110.0000	60.0000	10.0000	0.532606400
120.0000	60.0000	10.0000	0.511827650
130.0000	60.0000	10.0000	0.286378470
140.0000	60.0000	10.0000	0.276841670
150.0000	60.0000	10.0000	0.313552860
160.0000	60.0000	10.0000	0.372410700
170.0000	60.0000	10.0000	1.043144700
180.0000	60.0000	10.0000	1.253091100
190.0000	60.0000	10.0000	0.464728030
200.0000	60.0000	10.0000	0.257711700
210.0000	60.0000	10.0000	0.616845670
220.0000	60.0000	10.0000	0.943601300
230.0000	60.0000	10.0000	1.229392300
240.0000	60.0000	10.0000	0.888006800
250.0000	60.0000	10.0000	1.427799100
260.0000	60.0000	10.0000	1.171724200
270.0000	60.0000	10.0000	0.705963550
280.0000	60.0000	10.0000	0.532737550
290.0000	60.0000	10.0000	0.363374000
300.0000	60.0000	10.0000	0.247552530
310.0000	60.0000	10.0000	0.220289590
320.0000	60.0000	10.0000	0.310022920
330.0000	60.0000	10.0000	0.401711580
340.0000	60.0000	10.0000	0.724892900
350.0000	60.0000	10.0000	1.740880400
360.0000	60.0000	10.0000	1.000000000
0.0000	70.0000	10.0000	1.198897100
10.0000	70.0000	10.0000	0.713580550
20.0000	70.0000	10.0000	0.384817200
30.0000	70.0000	10.0000	0.407290580
40.0000	70.0000	10.0000	0.464334400
50.0000	70.0000	10.0000	0.570874900
60.0000	70.0000	10.0000	0.589915450
70.0000	70.0000	10.0000	0.606828500
80.0000	70.0000	10.0000	0.218240800
90.0000	70.0000	10.0000	0.120563710
100.0000	70.0000	10.0000	0.213891150
110.0000	70.0000	10.0000	0.414042150
120.0000	70.0000	10.0000	0.391401620
130.0000	70.0000	10.0000	0.265557400
140.0000	70.0000	10.0000	0.209263240
150.0000	70.0000	10.0000	0.342212530
160.0000	70.0000	10.0000	0.897638400
170.0000	70.0000	10.0000	1.103849900
180.0000	70.0000	10.0000	0.853520330
190.0000	70.0000	10.0000	1.039702700
200.0000	70.0000	10.0000	0.781353500
210.0000	70.0000	10.0000	0.665854000
220.0000	70.0000	10.0000	0.653160400
230.0000	70.0000	10.0000	0.591631600
240.0000	70.0000	10.0000	0.371102840
250.0000	70.0000	10.0000	0.560291400
260.0000	70.0000	10.0000	0.490550340
270.0000	70.0000	10.0000	0.385318500
280.0000	70.0000	10.0000	0.357238320
290.0000	70.0000	10.0000	0.317226400
300.0000	70.0000	10.0000	0.273273380
310.0000	70.0000	10.0000	0.218925800
320.0000	70.0000	10.0000	0.329533130
330.0000	70.0000	10.0000	0.491821970
340.0000	70.0000	10.0000	0.775117640
350.0000	70.0000	10.0000	1.866505500
360.0000	70.0000	10.0000	1.000000000
0.0000	80.0000	10.0000	0.201366420
10.0000	80.0000	10.0000	0.378198440
20.0000	80.0000	10.0000	0.820744200
30.0000	80.0000	10.0000	0.501270650
40.0000	80.0000	10.0000	0.540906250
50.0000	80.0000	10.0000	0.361424150
60.0000	80.0000	10.0000	0.358663620
70.0000	80.0000	10.0000	0.463811780
80.0000	80.0000	10.0000	0.387394880
90.0000	80.0000	10.0000	0.350212930
100.0000	80.0000	10.0000	0.385482970
110.0000	80.0000	10.0000	0.437442840
120.0000	80.0000	10.0000	0.371105850
130.0000	80.0000	10.0000	0.333005550
140.0000	80.0000	10.0000	0.435752450
150.0000	80.0000	10.0000	0.732138200
160.0000	80.0000	10.0000	2.021595700
170.0000	80.0000	10.0000	2.947417000
180.0000	80.0000	10.0000	2.745067100
190.0000	80.0000	10.0000	3.199113000
200.0000	80.0000	10.0000	1.912171600
210.0000	80.0000	10.0000	1.226651500
220.0000	80.0000	10.0000	0.535894800
230.0000	80.0000	10.0000	0.245142730
240.0000	80.0000	10.0000	0.305242060
250.0000	80.0000	10.0000	0.415382560
260.0000	80.0000	10.0000	0.328646270
270.0000	80.0000	10.0000	0.437421920
280.0000	80.0000	10.0000	0.609523600
290.0000	80.0000	10.0000	0.605605000
300.0000	80.0000	10.0000	0.271166000
310.0000	80.0000	10.0000	0.342127230
320.0000	80.0000	10.0000	0.589874300
330.0000	80.0000	10.0000	0.705831400
340.0000	80.0000	10.0000	0.840101360
350.0000	80.0000	10.0000	1.521196000
360.0000	80.0000	10.0000	1.000000000
0.0000	90.0000	10.0000	4.589646000
10.0000	90.0000	10.0000	1.843890800
20.0000	90.0000	10.0000	2.043928000
30.0000	90.0000	10.0000	0.631029960
40.0000	90.0000	10.0000	0.633603900
50.0000	90.0000	10.0000	0.275987950
60.0000	90.0000	10.0000	0.156739380
70.0000	90.0000	10.0000	0.313977540
80.0000	90.0000	10.0000	0.499631670
90.0000	90.0000	10.0000	0.761187140
100.0000	90.0000	10.0000	0.493159470
110.0000	90.0000	10.0000	0.852222500
120.0000	90.0000	10.0000	0.522856350
130.0000	90.0000	10.0000	0.406432840
140.0000	90.0000	10.0000	0.789063450
150.0000	90.0000	10.0000	1.610576200
160.0000	90.0000	10.0000	4.254027000
170.0000	90.0000	10.0000	5.050430300
180.0000	90.0000	10.0000	4.857029000
190.0000	90.0000	10.0000	4.854758000
200.0000	90.0000	10.0000	2.068908500
210.0000	90.0000	10.0000	1.839135300
220.0000	90.0000	10.0000	0.561849950
230.0000	90.0000	10.0000	0.208061050
240.0000	90.0000	10.0000	0.400636640
250.0000	90.0000	10.0000	0.417966500
260.0000	90.0000	10.0000	0.448551500
270.0000	90.0000	10.0000	0.564024400
280.0000	90.0000	10.0000	0.722318050
290.0000	90.0000	10.0000	1.451399400
300.0000	90.0000	10.0000	0.315984900
310.0000	90.0000	10.0000	0.460928400
320.0000	90.0000	10.0000	0.999800700
330.0000	90.0000	10.0000	0.974699440
340.0000	90.0000	10.0000	1.419048100
350.0000	90.0000	10.0000	2.675577900
360.0000	90.0000	10.0000	1.000000000
0.0000	0.0000	20.0000	1.000000000
10.0000	0.0000	20.0000	1.000000000
20.0000	0.0000	20.0000	1.000000000
30.0000	0.0000	20.0000	1.000000000
40.0000	0.0000	20.0000	1.000000000
50.0000	0.0000	20.0000	1.000000000
60.0000	0.0000	20.0000	1.000000000
70.0000	0.0000	20.0000	1.000000000
80.0000	0.0000	20.0000	1.000000000
90.0000	0.0000	20.0000	1.000000000
100.0000	0.0000	20.0000	1.000000000
110.0000	0.0000	20.0000	1.000000000
120.0000	0.0000	20.0000	1.000000000
130.0000	0.0000	20.0000	1.000000000
140.0000	0.0000	20.0000	1.000000000
150.0000	0.0000	20.0000	1.000000000
160.0000	0.0000	20.0000	1.000000000
170.0000	0.0000	20.0000	1.000000000
180.0000	0.0000	20.0000	1.000000000
190.0000	0.0000	20.0000	1.000000000
200.0000	0.0000	20.0000	1.000000000
210.0000	0.0000	20.0000	1.000000000
220.0000	0.0000	20.0000	1.000000000
230.0000	0.0000	20.0000	1.000000000
240.0000	0.0000	20.0000	1.000000000
250.0000	0.0000	20.0000	1.000000000
260.0000	0.0000	20.0000	1.000000000
270.0000	0.0000	20.0000	1.000000000
280.0000	0.0000	20.0000	1.000000000
290.0000	0.0000	20.0000	1.000000000
300.0000	0.0000	20.0000	1.000000000
310.0000	0.0000	20.0000	1.000000000
320.0000	0.0000	20.0000	1.000000000
330.0000	0.0000	20.0000	1.000000000
340.0000	0.0000	20.0000	1.000000000
350.0000	0.0000	20.0000	1.000000000
360.0000	0.0000	20.0000	1.000000000
0.0000	10.0000	20.0000	0.675808700
10.0000	10.0000	20.0000	0.508827000
20.0000	10.0000	20.0000	3.028802900
30.0000	10.0000	20.0000	0.244513270
40.0000	10.0000	20.0000	0.446644430
50.0000	10.0000	20.0000	1.576854500
60.0000	10.0000	20.0000	0.710704700
70.0000	10.0000	20.0000	0.181040560
80.0000	10.0000	20.0000	0.676205930
90.0000	10.0000	20.0000	1.374000800
100.0000	10.0000	20.0000	1.034186700
110.0000	10.0000	20.0000	0.896732600
120.0000	10.0000	20.0000	0.191886980
130.0000	10.0000	20.0000	0.071038330
140.0000	10.0000	20.0000	0.238268510
150.0000	10.0000	20.0000	0.183693200
160.0000	10.0000	20.0000	1.647315000
170.0000	10.0000	20.0000	3.971198800
180.0000	10.0000	20.0000	1.152102600
190.0000	10.0000	20.0000	1.233402100
200.0000	10.0000	20.0000	3.304087900
210.0000	10.0000	20.0000	0.476660520
220.0000	10.0000	20.0000	0.417910340
230.0000	10.0000	20.0000	0.612859000
240.0000	10.0000	20.0000	0.709364500
250.0000	10.0000	20.0000	0.345488340
260.0000	10.0000	20.0000	0.159206630
270.0000	10.0000	20.0000	0.459011080
280.0000	10.0000	20.0000	1.181724000
290.0000	10.0000	20.0000	1.600744500
300.0000	10.0000	20.0000	0.324913380
310.0000	10.0000	20.0000	0.095793360
320.0000	10.0000	20.0000	0.249230200
330.0000	10.0000	20.0000	0.354897260
340.0000	10.0000	20.0000	2.967676600
350.0000	10.0000	20.0000	6.825343000
360.0000	10.0000	20.0000	1.000000000
0.0000	20.0000	20.0000	1.913844800
10.0000	20.0000	20.0000	1.325770300
20.0000	20.0000	20.0000	0.626800360
30.0000	20.0000	20.0000	0.420760480
40.0000	20.0000	20.0000	0.680415600
50.0000	20.0000	20.0000	1.424248100
60.0000	20.0000	20.0000	0.604764500
70.0000	20.0000	20.0000	0.229090330
80.0000	20.0000	20.0000	0.410597470
90.0000	20.0000	20.0000	1.289128100
100.0000	20.0000	20.0000	2.648375700
110.0000	20.0000	20.0000	1.862125500
120.0000	20.0000	20.0000	0.341437300
130.0000	20.0000	20.0000	0.089273520
140.0000	20.0000	20.0000	0.147917030
150.0000	20.0000	20.0000	0.357848000
160.0000	20.0000	20.0000	0.819940270
170.0000	20.0000	20.0000	1.542636900
180.0000	20.0000	20.0000	0.557346700
190.0000	20.0000	20.0000	0.981156000
200.0000	20.0000	20.0000	0.947785000
210.0000	20.0000	20.0000	0.371791100
220.0000	20.0000	20.0000	0.630056740
230.0000	20.0000	20.0000	1.597161000
240.0000	20.0000	20.0000	0.947414000
250.0000	20.0000	20.0000	0.699824700
260.0000	20.0000	20.0000	0.422452030
270.0000	20.0000	20.0000	0.645945400
280.0000	20.0000	20.0000	1.571228100
290.0000	20.0000	20.0000	1.076393700
300.0000	20.0000	20.0000	0.376382080
310.0000	20.0000	20.0000	0.153000550
320.0000	20.0000	20.0000	0.133357260
330.0000	20.0000	20.0000	0.185678180
340.0000	20.0000	20.0000	0.851598200
350.0000	20.0000	20.0000	0.893996700
360.0000	20.0000	20.0000	1.000000000
0.0000	30.0000	20.0000	0.844478000
10.0000	30.0000	20.0000	0.622576360
20.0000	30.0000	20.0000	0.314035270
30.0000	30.0000	20.0000	0.641197400
40.0000	30.0000	20.0000	0.856275560
50.0000	30.0000	20.0000	0.495151880
60.0000	30.0000	20.0000	0.340801780
70.0000	30.0000	20.0000	0.419069260
80.0000	30.0000	20.0000	0.544019800
90.0000	30.0000	20.0000	0.665215250
100.0000	30.0000	20.0000	1.103859900
110.0000	30.0000	20.0000	1.116089200
120.0000	30.0000	20.0000	0.737877800
130.0000	30.0000	20.0000	0.441849600
140.0000	30.0000	20.0000	0.491576460
150.0000	30.0000	20.0000	1.804330800
160.0000	30.0000	20.0000	3.095264700
170.0000	30.0000	20.0000	2.693585600
180.0000	30.0000	20.0000	1.110950700
190.0000	30.0000	20.0000	0.441808670
200.0000	30.0000	20.0000	0.388522620
210.0000	30.0000	20.0000	0.611353600
220.0000	30.0000	20.0000	1.626494000
230.0000	30.0000	20.0000	1.459298100
240.0000	30.0000	20.0000	0.994462800
250.0000	30.0000	20.0000	0.770187800
260.0000	30.0000	20.0000	0.768699470
270.0000	30.0000	20.0000	0.701323030
280.0000	30.0000	20.0000	0.844389560
290.0000	30.0000	20.0000	1.068386700
300.0000	30.0000	20.0000	0.638014600
310.0000	30.0000	20.0000	0.409701940
320.0000	30.0000	20.0000	0.259478180
330.0000	30.0000	20.0000	0.250171000
340.0000	30.0000	20.0000	0.296450610
350.0000	30.0000	20.0000	0.901721300
360.0000	30.0000	20.0000	1.000000000
0.0000	40.0000	20.0000	0.179976790
10.0000	40.0000	20.0000	0.173866230
20.0000	40.0000	20.0000	0.241233070
30.0000	40.0000	20.0000	0.698577400
40.0000	40.0000	20.0000	1.093107900
50.0000	40.0000	20.0000	0.474897180
60.0000	40.0000	20.0000	0.263411340
70.0000	40.0000	20.0000	0.420342400
80.0000	40.0000	20.0000	0.382391400
90.0000	40.0000	20.0000	0.434785780
100.0000	40.0000	20.0000	0.727896400
110.0000	40.0000	20.0000	0.656454270
120.0000	40.0000	20.0000	0.719316800
130.0000	40.0000	20.0000	0.755789940
140.0000	40.0000	20.0000	0.518753000
150.0000	40.0000	20.0000	1.160365200
160.0000	40.0000	20.0000	1.512104600
170.0000	40.0000	20.0000	0.824753200
180.0000	40.0000	20.0000	0.882378600
190.0000	40.0000	20.0000	0.513866800
200.0000	40.0000	20.0000	0.406250450
210.0000	40.0000	20.0000	1.407465500
220.0000	40.0000	20.0000	2.498331500
230.0000	40.0000	20.0000	1.226495700
240.0000	40.0000	20.0000	0.683353960
250.0000	40.0000	20.0000	0.614104800
260.0000	40.0000	20.0000	0.553633800
270.0000	40.0000	20.0000	0.599081340
280.0000	40.0000	20.0000	0.626287000
290.0000	40.0000	20.0000	1.098883400
300.0000	40.0000	20.0000	0.847346500
310.0000	40.0000	20.0000	0.972839240
320.0000	40.0000	20.0000	0.614603700
330.0000	40.0000	20.0000	0.645581900
340.0000	40.0000	20.0000	1.056263700
350.0000	40.0000	20.0000	1.406876300
360.0000	40.0000	20.0000	1.000000000
0.0000	50.0000	20.0000	1.030691500
10.0000	50.0000	20.0000	0.634369850
20.0000	50.0000	20.0000	0.529751540
30.0000	50.0000	20.0000	0.931739330
40.0000	50.0000	20.0000	1.576530700
50.0000	50.0000	20.0000	1.334217400
60.0000	50.0000	20.0000	0.879538300
70.0000	50.0000	20.0000	0.655278150
80.0000	50.0000	20.0000	0.695875940
90.0000	50.0000	20.0000	0.726918040
100.0000	50.0000	20.0000	0.760156100
110.0000	50.0000	20.0000	0.686528560
120.0000	50.0000	20.0000	0.469632570
130.0000	50.0000	20.0000	0.540490800
140.0000	50.0000	20.0000	0.504466700
150.0000	50.0000	20.0000	0.607143100
160.0000	50.0000	20.0000	0.443244160
170.0000	50.0000	20.0000	0.795319100
180.0000	50.0000	20.0000	0.845550300
190.0000	50.0000	20.0000	0.490679920
200.0000	50.0000	20.0000	0.673392900
210.0000	50.0000	20.0000	1.690380900
220.0000	50.0000	20.0000	1.745766000
230.0000	50.0000	20.0000	0.892094500
240.0000	50.0000	20.0000	0.780946250
250.0000	50.0000	20.0000	0.655083060
260.0000	50.0000	20.0000	0.504353600
270.0000	50.0000	20.0000	0.541735100
280.0000	50.0000	20.0000	0.750002200
290.0000	50.0000	20.0000	0.724051060
300.0000	50.0000	20.0000	0.881368400
310.0000	50.0000	20.0000	0.514714700
320.0000	50.0000	20.0000	0.439316900
330.0000	50.0000	20.0000	0.717194560
340.0000	50.0000	20.0000	0.752186540
350.0000	50.0000	20.0000	1.099233600
360.0000	50.0000	20.0000	1.000000000
0.0000	60.0000	20.0000	0.405717580
10.0000	60.0000	20.0000	0.326857200
20.0000	60.0000	20.0000	0.572264900
30.0000	60.0000	20.0000	0.605981230
40.0000	60.0000	20.0000	0.883690500
50.0000	60.0000	20.0000	1.292840000
60.0000	60.0000	20.0000	0.883090600
70.0000	60.0000	20.0000	1.765864100
80.0000	60.0000	20.0000	1.354768400
90.0000	60.0000	20.0000	0.251326000
100.0000	60.0000	20.0000	0.221739650
110.0000	60.0000	20.0000	0.321194860
120.0000	60.0000	20.0000	0.283828560
130.0000	60.0000	20.0000	0.438400270
140.0000	60.0000	20.0000	0.804180000
150.0000	60.0000	20.0000	1.076062200
160.0000	60.0000	20.0000	0.962171900
170.0000	60.0000	20.0000	2.210361000
180.0000	60.0000	20.0000	1.095541600
190.0000	60.0000	20.0000	0.588787140
200.0000	60.0000	20.0000	0.957572700
210.0000	60.0000	20.0000	1.092194000
220.0000	60.0000	20.0000	1.587557900
230.0000	60.0000	20.0000	1.645148400
240.0000	60.0000	20.0000	0.996695000
250.0000	60.0000	20.0000	1.164708500
260.0000	60.0000	20.0000	0.933357240
270.0000	60.0000	20.0000	0.500942200
280.0000	60.0000	20.0000	0.299130900
290.0000	60.0000	20.0000	0.329228300
300.0000	60.0000	20.0000	0.431691470
310.0000	60.0000	20.0000	0.295988560
320.0000	60.0000	20.0000	0.541394000
330.0000	60.0000	20.0000	0.870824500
340.0000	60.0000	20.0000	0.759268600
350.0000	60.0000	20.0000	1.368627700
360.0000	60.0000	20.0000	1.000000000
0.0000	70.0000	20.0000	0.742124100
10.0000	70.0000	20.0000	0.452564150
20.0000	70.0000	20.0000	0.489581700
30.0000	70.0000	20.0000	0.577087040
40.0000	70.0000	20.0000	0.748336400
50.0000	70.0000	20.0000	0.921739160
60.0000	70.0000	20.0000	0.626063170
70.0000	70.0000	20.0000	1.497061300
80.0000	70.0000	20.0000	0.556182900
90.0000	70.0000	20.0000	0.089988980
100.0000	70.0000	20.0000	0.082340730
110.0000	70.0000	20.0000	0.152062520
120.0000	70.0000	20.0000	0.223558430
130.0000	70.0000	20.0000	0.327261270
140.0000	70.0000	20.0000	0.654216230
150.0000	70.0000	20.0000	1.230259200
160.0000	70.0000	20.0000	2.545738500
170.0000	70.0000	20.0000	3.583487500
180.0000	70.0000	20.0000	1.076365700
190.0000	70.0000	20.0000	1.040692100
200.0000	70.0000	20.0000	1.296400400
210.0000	70.0000	20.0000	0.812016370
220.0000	70.0000	20.0000	1.092835100
230.0000	70.0000	20.0000	1.084654200
240.0000	70.0000	20.0000	0.396696270
250.0000	70.0000	20.0000	0.642313000
260.0000	70.0000	20.0000	0.422677220
270.0000	70.0000	20.0000	0.239686520
280.0000	70.0000	20.0000	0.177363750
290.0000	70.0000	20.0000	0.184937760
300.0000	70.0000	20.0000	0.475075780
310.0000	70.0000	20.0000	0.851632500
320.0000	70.0000	20.0000	1.209868400
330.0000	70.0000	20.0000	1.185513000
340.0000	70.0000	20.0000	1.380598200
350.0000	70.0000	20.0000	3.226060900
360.0000	70.0000	20.0000	1.000000000
0.0000	80.0000	20.0000	0.284073170
10.0000	80.0000	20.0000	0.420844580
20.0000	80.0000	20.0000	1.136920600
30.0000	80.0000	20.0000	0.761293530
40.0000	80.0000	20.0000	0.765202640
50.0000	80.0000	20.0000	0.436092620
60.0000	80.0000	20.0000	0.241535300
70.0000	80.0000	20.0000	0.374887470
80.0000	80.0000	20.0000	0.606739400
90.0000	80.0000	20.0000	0.349419060
100.0000	80.0000	20.0000	0.251017150
110.0000	80.0000	20.0000	0.447339400
120.0000	80.0000	20.0000	0.552517500
130.0000	80.0000	20.0000	0.494478430
140.0000	80.0000	20.0000	0.518604930
150.0000	80.0000	20.0000	0.725256860
160.0000	80.0000	20.0000	3.048682000
170.0000	80.0000	20.0000	8.999049000
180.0000	80.0000	20.0000	5.916045000
190.0000	80.0000	20.0000	5.773483300
200.0000	80.0000	20.0000	2.678269100
210.0000	80.0000	20.0000	0.985476400
220.0000	80.0000	20.0000	0.616464140
230.0000	80.0000	20.0000	0.427328850
240.0000	80.0000	20.0000	0.240415980
250.0000	80.0000	20.0000	0.444109050
260.0000	80.0000	20.0000	0.283608900
270.0000	80.0000	20.0000	0.331119840
280.0000	80.0000	20.0000	0.497970940
290.0000	80.0000	20.0000	0.655831040
300.0000	80.0000	20.0000	0.487517540
310.0000	80.0000	20.0000	0.552258400
320.0000	80.0000	20.0000	0.659979400
330.0000	80.0000	20.0000	0.867910440
340.0000	80.0000	20.0000	1.571843900
350.0000	80.0000	20.0000	4.453465000
360.0000	80.0000	20.0000	1.000000000
0.0000	90.0000	20.0000	4.578930400
10.0000	90.0000	20.0000	2.335557500
20.0000	90.0000	20.0000	3.412698000
30.0000	90.0000	20.0000	0.606637400
40.0000	90.0000	20.0000	0.642237500
50.0000	90.0000	20.0000	0.188731880
60.0000	90.0000	20.0000	0.117515510
70.0000	90.0000	20.0000	0.314509800
80.0000	90.0000	20.0000	0.855179000
90.0000	90.0000	20.0000	0.606718000
100.0000	90.0000	20.0000	0.500238240
110.0000	90.0000	20.0000	1.023532600
120.0000	90.0000	20.0000	0.904083300
130.0000	90.0000	20.0000	0.650471030
140.0000	90.0000	20.0000	0.630505440
150.0000	90.0000	20.0000	0.907415900
160.0000	90.0000	20.0000	4.899804000
170.0000	90.0000	20.0000	13.412475000
180.0000	90.0000	20.0000	12.753154000
190.0000	90.0000	20.0000	14.830054000
200.0000	90.0000	20.0000	3.244009500
210.0000	90.0000	20.0000	0.855104270
220.0000	90.0000	20.0000	0.550043800
230.0000	90.0000	20.0000	0.412094470
240.0000	90.0000	20.0000	0.419620360
250.0000	90.0000	20.0000	0.687065400
260.0000	90.0000	20.0000	0.417511670
270.0000	90.0000	20.0000	0.486509920
280.0000	90.0000	20.0000	0.901896400
290.0000	90.0000	20.0000	1.819106900
300.0000	90.0000	20.0000	0.448888200
310.0000	90.0000	20.0000	0.318313700
320.0000	90.0000	20.0000	0.448372570
330.0000	90.0000	20.0000	0.796132800
340.0000	90.0000	20.0000	1.772075700
350.0000	90.0000	20.0000	4.318165300
360.0000	90.0000	20.0000	1.000000000
0.0000	0.0000	30.0000	1.000000000
10.0000	0.0000	30.0000	1.000000000
20.0000	0.0000	30.0000	1.000000000
30.0000	0.0000	30.0000	1.000000000
40.0000	0.0000	30.0000	1.000000000
50.0000	0.0000	30.0000	1.000000000
60.0000	0.0000	30.0000	1.000000000
70.0000	0.0000	30.0000	1.000000000
80.0000	0.0000	30.0000	1.000000000
90.0000	0.0000	30.0000	1.000000000
100.0000	0.0000	30.0000	1.000000000
110.0000	0.0000	30.0000	1.000000000
120.0000	0.0000	30.0000	1.000000000
130.0000	0.0000	30.0000	1.000000000
140.0000	0.0000	30.0000	1.000000000
150.0000	0.0000	30.0000	1.000000000
160.0000	0.0000	30.0000	1.000000000
170.0000	0.0000	30.0000	1.000000000
180.0000	0.0000	30.0000	1.000000000
190.0000	0.0000	30.0000	1.000000000
200.0000	0.0000	30.0000	1.000000000
210.0000	0.0000	30.0000	1.000000000
220.0000	0.0000	30.0000	1.000000000
230.0000	0.0000	30.0000	1.000000000
240.0000	0.0000	30.0000	1.000000000
250.0000	0.0000	30.0000	1.000000000
260.0000	0.0000	30.0000	1.000000000
270.0000	0.0000	30.0000	1.000000000
280.0000	0.0000	30.0000	1.000000000
290.0000	0.0000	30.0000	1.000000000
300.0000	0.0000	30.0000	1.000000000
310.0000	0.0000	30.0000	1.000000000
320.0000	0.0000	30.0000	1.000000000
330.0000	0.0000	30.0000	1.000000000
340.0000	0.0000	30.0000	1.000000000
350.0000	0.0000	30.0000	1.000000000
360.0000	0.0000	30.0000	1.000000000
0.0000	10.0000	30.0000	0.496329160
10.0000	10.0000	30.0000	0.559903560
20.0000	10.0000	30.0000	4.620961000
30.0000	10.0000	30.0000	0.351270470
40.0000	10.0000	30.0000	0.670601400
50.0000	10.0000	30.0000	0.201271850
60.0000	10.0000	30.0000	0.092454520
70.0000	10.0000	30.0000	0.303674280
80.0000	10.0000	30.0000	0.798860100
90.0000	10.0000	30.0000	0.470530180
100.0000	10.0000	30.0000	0.990662900
110.0000	10.0000	30.0000	0.853500200
120.0000	10.0000	30.0000	0.104158126
130.0000	10.0000	30.0000	0.155315220
140.0000	10.0000	30.0000	0.447739780
150.0000	10.0000	30.0000	0.153327800
160.0000	10.0000	30.0000	1.669855500
170.0000	10.0000	30.0000	1.901383900
180.0000	10.0000	30.0000	0.756172400
190.0000	10.0000	30.0000	2.954892900
200.0000	10.0000	30.0000	5.758254000
210.0000	10.0000	30.0000	0.165095150
220.0000	10.0000	30.0000	0.522716760
230.0000	10.0000	30.0000	0.147121130
240.0000	10.0000	30.0000	0.158838840
250.0000	10.0000	30.0000	0.820626200
260.0000	10.0000	30.0000	0.518177700
270.0000	10.0000	30.0000	0.332124700
280.0000	10.0000	30.0000	0.707763250
290.0000	10.0000	30.0000	0.960182700
300.0000	10.0000	30.0000	0.107730724
310.0000	10.0000	30.0000	0.114142930
320.0000	10.0000	30.0000	0.568040130
330.0000	10.0000	30.0000	0.350625780
340.0000	10.0000	30.0000	3.490049600
350.0000	10.0000	30.0000	5.432410700
360.0000	10.0000	30.0000	1.000000000
0.0000	20.0000	30.0000	1.335109600
10.0000	20.0000	30.0000	1.734209400
20.0000	20.0000	30.0000	1.360173700
30.0000	20.0000	30.0000	0.950317600
40.0000	20.0000	30.0000	1.148944000
50.0000	20.0000	30.0000	0.648350360
60.0000	20.0000	30.0000	0.683771300
70.0000	20.0000	30.0000	1.036494300
80.0000	20.0000	30.0000	2.805707500
90.0000	20.0000	30.0000	3.634239000
100.0000	20.0000	30.0000	3.658603000
110.0000	20.0000	30.0000	1.822112800
120.0000	20.0000	30.0000	0.642261200
130.0000	20.0000	30.0000	0.538453900
140.0000	20.0000	30.0000	0.857565050
150.0000	20.0000	30.0000	0.519856300
160.0000	20.0000	30.0000	0.716091450
170.0000	20.0000	30.0000	1.167567600
180.0000	20.0000	30.0000	0.642836870
190.0000	20.0000	30.0000	2.374602600
200.0000	20.0000	30.0000	1.625202000
210.0000	20.0000	30.0000	0.469937150
220.0000	20.0000	30.0000	0.682568600
230.0000	20.0000	30.0000	0.371374800
240.0000	20.0000	30.0000	0.475198900
250.0000	20.0000	30.0000	1.214351500
260.0000	20.0000	30.0000	1.638119100
270.0000	20.0000	30.0000	1.316747200
280.0000	20.0000	30.0000	1.466915500
290.0000	20.0000	30.0000	1.508743600
300.0000	20.0000	30.0000	0.457049800
310.0000	20.0000	30.0000	0.293125450
320.0000	20.0000	30.0000	0.576106000
330.0000	20.0000	30.0000	0.475217600
340.0000	20.0000	30.0000	1.511523500
350.0000	20.0000	30.0000	0.942395000
360.0000	20.0000	30.0000	1.000000000
0.0000	30.0000	30.0000	1.051994000
10.0000	30.0000	30.0000	1.582752000
20.0000	30.0000	30.0000	1.331545600
30.0000	30.0000	30.0000	0.908865600
40.0000	30.0000	30.0000	0.641903040
50.0000	30.0000	30.0000	0.362643870
60.0000	30.0000	30.0000	0.538543700
70.0000	30.0000	30.0000	0.656523170
80.0000	30.0000	30.0000	1.534257300
90.0000	30.0000	30.0000	2.666291000
100.0000	30.0000	30.0000	2.098527700
110.0000	30.0000	30.0000	1.063671700
120.0000	30.0000	30.0000	0.586361170
130.0000	30.0000	30.0000	0.422533400
140.0000	30.0000	30.0000	1.466067900
150.0000	30.0000	30.0000	2.278350600
160.0000	30.0000	30.0000	1.818393800
170.0000	30.0000	30.0000	1.650562800
180.0000	30.0000	30.0000	0.889486970
190.0000	30.0000	30.0000	0.892801300
200.0000	30.0000	30.0000	0.997480000
210.0000	30.0000	30.0000	1.933251100
220.0000	30.0000	30.0000	1.935036800
230.0000	30.0000	30.0000	0.488488900
240.0000	30.0000	30.0000	0.602654700
250.0000	30.0000	30.0000	0.968636750
260.0000	30.0000	30.0000	1.567194500
270.0000	30.0000	30.0000	1.811146500
280.0000	30.0000	30.0000	2.107148000
290.0000	30.0000	30.0000	2.165518300
300.0000	30.0000	30.0000	0.583937170
310.0000	30.0000	30.0000	0.192648930
320.0000	30.0000	30.0000	0.415350100
330.0000	30.0000	30.0000	0.605427200
340.0000	30.0000	30.0000	1.030656300
350.0000	30.0000	30.0000	1.334463400
360.0000	30.0000	30.0000	1.000000000
0.0000	40.0000	30.0000	0.259386240
10.0000	40.0000	30.0000	0.470849630
20.0000	40.0000	30.0000	1.384058400
30.0000	40.0000	30.0000	0.939654900
40.0000	40.0000	30.0000	0.545026100
50.0000	40.0000	30.0000	0.479815300
60.0000	40.0000	30.0000	0.509535000
70.0000	40.0000	30.0000	0.419594020
80.0000	40.0000	30.0000	0.226378550
90.0000	40.0000	30.0000	0.186757560
100.0000	40.0000	30.0000	0.356517050
110.0000	40.0000	30.0000	0.479673530
120.0000	40.0000	30.0000	0.496735450
130.0000	40.0000	30.0000	0.405199500
140.0000	40.0000	30.0000	0.753618360
150.0000	40.0000	30.0000	1.413402100
160.0000	40.0000	30.0000	2.654587700
170.0000	40.0000	30.0000	0.805150700
180.0000	40.0000	30.0000	0.690753300
190.0000	40.0000	30.0000	1.588523400
200.0000	40.0000	30.0000	2.058898700
210.0000	40.0000	30.0000	2.053930300
220.0000	40.0000	30.0000	1.233413800
230.0000	40.0000	30.0000	0.565727200
240.0000	40.0000	30.0000	0.572277400
250.0000	40.0000	30.0000	0.931660060
260.0000	40.0000	30.0000	0.597290000
270.0000	40.0000	30.0000	0.569085360
280.0000	40.0000	30.0000	1.259932600
290.0000	40.0000	30.0000	1.230536900
300.0000	40.0000	30.0000	0.554770900
310.0000	40.0000	30.0000	0.401861520
320.0000	40.0000	30.0000	0.793416500
330.0000	40.0000	30.0000	0.843428970
340.0000	40.0000	30.0000	1.210344400
350.0000	40.0000	30.0000	1.193886300
360.0000	40.0000	30.0000	1.000000000
0.0000	50.0000	30.0000	1.145466200
10.0000	50.0000	30.0000	1.416337300
20.0000	50.0000	30.0000	1.795738600
30.0000	50.0000	30.0000	1.325070100
40.0000	50.0000	30.0000	1.090409300
50.0000	50.0000	30.0000	1.478810900
60.0000	50.0000	30.0000	1.599867700
70.0000	50.0000	30.0000	1.168382600
80.0000	50.0000	30.0000	0.465040740
90.0000	50.0000	30.0000	0.226728890
100.0000	50.0000	30.0000	0.614354550
110.0000	50.0000	30.0000	1.051573900
120.0000	50.0000	30.0000	1.260441000
130.0000	50.0000	30.0000	0.868739960
140.0000	50.0000	30.0000	0.985233000
150.0000	50.0000	30.0000	1.660821600
160.0000	50.0000	30.0000	2.643999800
170.0000	50.0000	30.0000	1.174880300
180.0000	50.0000	30.0000	0.928990360
190.0000	50.0000	30.0000	2.017845400
200.0000	50.0000	30.0000	2.265539200
210.0000	50.0000	30.0000	1.191651300
220.0000	50.0000	30.0000	0.978636600
230.0000	50.0000	30.0000	0.644479200
240.0000	50.0000	30.0000	0.554380000
250.0000	50.0000	30.0000	0.338718150
260.0000	50.0000	30.0000	0.289154560
270.0000	50.0000	30.0000	0.390305900
280.0000	50.0000	30.0000	0.719494900
290.0000	50.0000	30.0000	0.512042900
300.0000	50.0000	30.0000	0.416275740
310.0000	50.0000	30.0000	0.595128540
320.0000	50.0000	30.0000	1.714905300
330.0000	50.0000	30.0000	1.340780400
340.0000	50.0000	30.0000	1.368827500
350.0000	50.0000	30.0000	1.359168500
360.0000	50.0000	30.0000	1.000000000
0.0000	60.0000	30.0000	0.758501900
10.0000	60.0000	30.0000	1.049677400
20.0000	60.0000	30.0000	3.059372000
30.0000	60.0000	30.0000	1.606019500
40.0000	60.0000	30.0000	1.384755100
50.0000	60.0000	30.0000	1.776076600
60.0000	60.0000	30.0000	0.932938900
70.0000	60.0000	30.0000	0.770037700
80.0000	60.0000	30.0000	0.527529500
90.0000	60.0000	30.0000	0.108524080
100.0000	60.0000	30.0000	0.250922700
110.0000	60.0000	30.0000	0.464412500
120.0000	60.0000	30.0000	0.653742430
130.0000	60.0000	30.0000	1.277907700
140.0000	60.0000	30.0000	2.464175500
150.0000	60.0000	30.0000	2.788252400
160.0000	60.0000	30.0000	3.478571000
170.0000	60.0000	30.0000	2.334743000
180.0000	60.0000	30.0000	1.207715300
190.0000	60.0000	30.0000	1.754565400
200.0000	60.0000	30.0000	1.879368700
210.0000	60.0000	30.0000	1.055396000
220.0000	60.0000	30.0000	1.642112000
230.0000	60.0000	30.0000	1.120787400
240.0000	60.0000	30.0000	0.568632800
250.0000	60.0000	30.0000	0.255204300
260.0000	60.0000	30.0000	0.203236360
270.0000	60.0000	30.0000	0.210716340
280.0000	60.0000	30.0000	0.276126650
290.0000	60.0000	30.0000	0.490447760
300.0000	60.0000	30.0000	0.595193560
310.0000	60.0000	30.0000	0.761316600
320.0000	60.0000	30.0000	1.652081000
330.0000	60.0000	30.0000	1.483874300
340.0000	60.0000	30.0000	1.584495800
350.0000	60.0000	30.0000	2.005785000
360.0000	60.0000	30.0000	1.000000000
0.0000	70.0000	30.0000	1.462021600
10.0000	70.0000	30.0000	1.784634500
20.0000	70.0000	30.0000	3.523074400
30.0000	70.0000	30.0000	1.722551700
40.0000	70.0000	30.0000	1.348337400
50.0000	70.0000	30.0000	1.216851700
60.0000	70.0000	30.0000	0.664836600
70.0000	70.0000	30.0000	0.617162600
80.0000	70.0000	30.0000	0.207645860
90.0000	70.0000	30.0000	0.040380090
100.0000	70.0000	30.0000	0.076314956
110.0000	70.0000	30.0000	0.166163970
120.0000	70.0000	30.0000	0.284220930
130.0000	70.0000	30.0000	0.617316540
140.0000	70.0000	30.0000	1.156398300
150.0000	70.0000	30.0000	1.564174900
160.0000	70.0000	30.0000	4.049378400
170.0000	70.0000	30.0000	3.102012200
180.0000	70.0000	30.0000	1.294907900
190.0000	70.0000	30.0000	2.187435400
200.0000	70.0000	30.0000	2.470394400
210.0000	70.0000	30.0000	1.007419200
220.0000	70.0000	30.0000	1.011866300
230.0000	70.0000	30.0000	0.564557100
240.0000	70.0000	30.0000	0.330761760
250.0000	70.0000	30.0000	0.546064260
260.0000	70.0000	30.0000	0.196010350
270.0000	70.0000	30.0000	0.102600954
280.0000	70.0000	30.0000	0.143261690
290.0000	70.0000	30.0000	0.366566700
300.0000	70.0000	30.0000	0.835738700
310.0000	70.0000	30.0000	2.351159000
320.0000	70.0000	30.0000	2.192220700
330.0000	70.0000	30.0000	1.213383000
340.0000	70.0000	30.0000	2.779170800
350.0000	70.0000	30.0000	4.243109700
360.0000	70.0000	30.0000	1.000000000
0.0000	80.0000	30.0000	0.869053300
10.0000	80.0000	30.0000	1.576816800
20.0000	80.0000	30.0000	4.583216000
30.0000	80.0000	30.0000	1.347956900
40.0000	80.0000	30.0000	1.046065100
50.0000	80.0000	30.0000	0.717088940
60.0000	80.0000	30.0000	0.549818750
70.0000	80.0000	30.0000	0.686023600
80.0000	80.0000	30.0000	0.553915300
90.0000	80.0000	30.0000	0.319039310
100.0000	80.0000	30.0000	0.306105400
110.0000	80.0000	30.0000	0.543641600
120.0000	80.0000	30.0000	0.487374370
130.0000	80.0000	30.0000	0.627878250
140.0000	80.0000	30.0000	0.943630600
150.0000	80.0000	30.0000	1.329834100
160.0000	80.0000	30.0000	4.529226000
170.0000	80.0000	30.0000	7.981799000
180.0000	80.0000	30.0000	6.126841000
190.0000	80.0000	30.0000	7.798849000
200.0000	80.0000	30.0000	3.984833000
210.0000	80.0000	30.0000	1.178614700
220.0000	80.0000	30.0000	0.844128700
230.0000	80.0000	30.0000	0.421816900
240.0000	80.0000	30.0000	0.296008560
250.0000	80.0000	30.0000	0.672478560
260.0000	80.0000	30.0000	0.321212380
270.0000	80.0000	30.0000	0.213151710
280.0000	80.0000	30.0000	0.361248800
290.0000	80.0000	30.0000	0.718355300
300.0000	80.0000	30.0000	0.556776460
310.0000	80.0000	30.0000	1.027537000
320.0000	80.0000	30.0000	1.016158700
330.0000	80.0000	30.0000	0.928584040
340.0000	80.0000	30.0000	2.837155800
350.0000	80.0000	30.0000	8.585916500
360.0000	80.0000	30.0000	1.000000000
0.0000	90.0000	30.0000	9.860203000
10.0000	90.0000	30.0000	6.032292000
20.0000	90.0000	30.0000	7.795862700
30.0000	90.0000	30.0000	1.568178900
40.0000	90.0000	30.0000	1.365617200
50.0000	90.0000	30.0000	0.946374950
60.0000	90.0000	30.0000	0.674838700
70.0000	90.0000	30.0000	0.779480400
80.0000	90.0000	30.0000	0.835193630
90.0000	90.0000	30.0000	0.742307900
100.0000	90.0000	30.0000	1.101880000
110.0000	90.0000	30.0000	1.829644600
120.0000	90.0000	30.0000	1.020056800
130.0000	90.0000	30.0000	1.336291600
140.0000	90.0000	30.0000	1.819422100
150.0000	90.0000	30.0000	2.020793000
160.0000	90.0000	30.0000	5.926168400
170.0000	90.0000	30.0000	11.551723000
180.0000	90.0000	30.0000	11.547673000
190.0000	90.0000	30.0000	15.931991000
200.0000	90.0000	30.0000	5.107638400
210.0000	90.0000	30.0000	1.573653500
220.0000	90.0000	30.0000	1.276705300
230.0000	90.0000	30.0000	0.935668800
240.0000	90.0000	30.0000	0.674879600
250.0000	90.0000	30.0000	0.699808300
260.0000	90.0000	30.0000	0.388442600
270.0000	90.0000	30.0000	0.382664230
280.0000	90.0000	30.0000	1.045383200
290.0000	90.0000	30.0000	1.259867900
300.0000	90.0000	30.0000	0.502347100
310.0000	90.0000	30.0000	0.693336250
320.0000	90.0000	30.0000	0.765891100
330.0000	90.0000	30.0000	0.946185470
340.0000	90.0000	30.0000	2.489887000
350.0000	90.0000	30.0000	10.176764000
360.0000	90.0000	30.0000	1.000000000
0.0000	0.0000	40.0000	1.000000000
10.0000	0.0000	40.0000	1.000000000
20.0000	0.0000	40.0000	1.000000000
30.0000	0.0000	40.0000	1.000000000
40.0000	0.0000	40.0000	1.000000000
50.0000	0.0000	40.0000	1.000000000
60.0000	0.0000	40.0000	1.000000000
70.0000	0.0000	40.0000	1.000000000
80.0000	0.0000	40.0000	1.000000000
90.0000	0.0000	40.0000	1.000000000
100.0000	0.0000	40.0000	1.000000000
110.0000	0.0000	40.0000	1.000000000
120.0000	0.0000	40.0000	1.000000000
130.0000	0.0000	40.0000	1.000000000
140.0000	0.0000	40.0000	1.000000000
150.0000	0.0000	40.0000	1.000000000
160.0000	0.0000	40.0000	1.000000000
170.0000	0.0000	40.0000	1.000000000
180.0000	0.0000	40.0000	1.000000000
190.0000	0.0000	40.0000	1.000000000
200.0000	0.0000	40.0000	1.000000000
210.0000	0.0000	40.0000	1.000000000
220.0000	0.0000	40.0000	1.000000000
230.0000	0.0000	40.0000	1.000000000
240.0000	0.0000	40.0000	1.000000000
250.0000	0.0000	40.0000	1.000000000
260.0000	0.0000	40.0000	1.000000000
270.0000	0.0000	40.0000	1.000000000
280.0000	0.0000	40.0000	1.000000000
290.0000	0.0000	40.0000	1.000000000
300.0000	0.0000	40.0000	1.000000000
310.0000	0.0000	40.0000	1.000000000
320.0000	0.0000	40.0000	1.000000000
330.0000	0.0000	40.0000	1.000000000
340.0000	0.0000	40.0000	1.000000000
350.0000	0.0000	40.0000	1.000000000
360.0000	0.0000	40.0000	1.000000000
0.0000	10.0000	40.0000	0.514986400
10.0000	10.0000	40.0000	0.635539500
20.0000	10.0000	40.0000	5.041398000
30.0000	10.0000	40.0000	0.363979970
40.0000	10.0000	40.0000	0.261670140
50.0000	10.0000	40.0000	0.099274285
60.0000	10.0000	40.0000	0.270266400
70.0000	10.0000	40.0000	0.931178600
80.0000	10.0000	40.0000	0.687244200
90.0000	10.0000	40.0000	0.364273820
100.0000	10.0000	40.0000	0.357228500
110.0000	10.0000	40.0000	0.226514380
120.0000	10.0000	40.0000	0.743855060
130.0000	10.0000	40.0000	0.916069900
140.0000	10.0000	40.0000	0.261107600
150.0000	10.0000	40.0000	0.161214620
160.0000	10.0000	40.0000	1.173042400
170.0000	10.0000	40.0000	1.153138600
180.0000	10.0000	40.0000	1.319156600
190.0000	10.0000	40.0000	4.214165000
200.0000	10.0000	40.0000	3.390908000
210.0000	10.0000	40.0000	0.396500230
220.0000	10.0000	40.0000	0.311754050
230.0000	10.0000	40.0000	0.083218190
240.0000	10.0000	40.0000	0.272538720
250.0000	10.0000	40.0000	0.597573340
260.0000	10.0000	40.0000	0.905278270
270.0000	10.0000	40.0000	1.055587400
280.0000	10.0000	40.0000	0.416102080
290.0000	10.0000	40.0000	0.210125180
300.0000	10.0000	40.0000	0.434412100
310.0000	10.0000	40.0000	0.733015660
320.0000	10.0000	40.0000	0.945374550
330.0000	10.0000	40.0000	0.387852670
340.0000	10.0000	40.0000	2.701872000
350.0000	10.0000	40.0000	2.720200300
360.0000	10.0000	40.0000	1.000000000
0.0000	20.0000	40.0000	1.438972400
10.0000	20.0000	40.0000	2.314564700
20.0000	20.0000	40.0000	1.291805500
30.0000	20.0000	40.0000	0.459500730
40.0000	20.0000	40.0000	0.226573940
50.0000	20.0000	40.0000	0.125297380
60.0000	20.0000	40.0000	0.343794670
70.0000	20.0000	40.0000	1.806321900
80.0000	20.0000	40.0000	1.249322800
90.0000	20.0000	40.0000	0.643871370
100.0000	20.0000	40.0000	0.654483600
110.0000	20.0000	40.0000	0.422278730
120.0000	20.0000	40.0000	0.855728800
130.0000	20.0000	40.0000	1.406990500
140.0000	20.0000	40.0000	0.455974430
150.0000	20.0000	40.0000	0.485080360
160.0000	20.0000	40.0000	0.682371440
170.0000	20.0000	40.0000	0.735112000
180.0000	20.0000	40.0000	0.797856800
190.0000	20.0000	40.0000	2.799307800
200.0000	20.0000	40.0000	0.905812100
210.0000	20.0000	40.0000	0.386801780
220.0000	20.0000	40.0000	0.145706270
230.0000	20.0000	40.0000	0.062129233
240.0000	20.0000	40.0000	0.198139180
250.0000	20.0000	40.0000	0.926403640
260.0000	20.0000	40.0000	1.146291400
270.0000	20.0000	40.0000	0.855792940
280.0000	20.0000	40.0000	0.429952950
290.0000	20.0000	40.0000	0.445860620
300.0000	20.0000	40.0000	0.414639300
310.0000	20.0000	40.0000	1.129196600
320.0000	20.0000	40.0000	0.810840100
330.0000	20.0000	40.0000	0.465187520
340.0000	20.0000	40.0000	0.901388470
350.0000	20.0000	40.0000	0.405472220
360.0000	20.0000	40.0000	1.000000000
0.0000	30.0000	40.0000	1.362982700
10.0000	30.0000	40.0000	1.840683200
20.0000	30.0000	40.0000	0.546843300
30.0000	30.0000	40.0000	0.425981100
40.0000	30.0000	40.0000	0.309997400
50.0000	30.0000	40.0000	0.742483260
60.0000	30.0000	40.0000	0.840878400
70.0000	30.0000	40.0000	0.829682100
80.0000	30.0000	40.0000	0.823264800
90.0000	30.0000	40.0000	0.644776900
100.0000	30.0000	40.0000	0.799707530
110.0000	30.0000	40.0000	0.604190000
120.0000	30.0000	40.0000	0.693533200
130.0000	30.0000	40.0000	0.548234200
140.0000	30.0000	40.0000	0.862349450
150.0000	30.0000	40.0000	0.981030500
160.0000	30.0000	40.0000	0.346453600
170.0000	30.0000	40.0000	0.438126030
180.0000	30.0000	40.0000	0.819719200
190.0000	30.0000	40.0000	0.838266970
200.0000	30.0000	40.0000	0.904109700
210.0000	30.0000	40.0000	0.960145500
220.0000	30.0000	40.0000	0.406344600
230.0000	30.0000	40.0000	0.304190900
240.0000	30.0000	40.0000	0.607299400
250.0000	30.0000	40.0000	0.827328440
260.0000	30.0000	40.0000	0.557926360
270.0000	30.0000	40.0000	0.477059250
280.0000	30.0000	40.0000	0.719399700
290.0000	30.0000	40.0000	0.992411260
300.0000	30.0000	40.0000	0.803103700
310.0000	30.0000	40.0000	0.690002200
320.0000	30.0000	40.0000	0.639594200
330.0000	30.0000	40.0000	0.823019500
340.0000	30.0000	40.0000	0.576287870
350.0000	30.0000	40.0000	0.446642640
360.0000	30.0000	40.0000	1.000000000
0.0000	40.0000	40.0000	0.213945540
10.0000	40.0000	40.0000	0.308145670
20.0000	40.0000	40.0000	0.626917200
30.0000	40.0000	40.0000	0.874678000
40.0000	40.0000	40.0000	0.555275100
50.0000	40.0000	40.0000	1.754528500
60.0000	40.0000	40.0000	1.183035100
70.0000	40.0000	40.0000	0.408916860
80.0000	40.0000	40.0000	0.331836670
90.0000	40.0000	40.0000	0.413612130
100.0000	40.0000	40.0000	0.491292860
110.0000	40.0000	40.0000	0.708695050
120.0000	40.0000	40.0000	0.628999530
130.0000	40.0000	40.0000	0.889561360
140.0000	40.0000	40.0000	2.023238200
150.0000	40.0000	40.0000	1.915533800
160.0000	40.0000	40.0000	0.553707240
170.0000	40.0000	40.0000	0.175982150
180.0000	40.0000	40.0000	0.647496400
190.0000	40.0000	40.0000	2.309157800
200.0000	40.0000	40.0000	1.216273700
210.0000	40.0000	40.0000	0.636239050
220.0000	40.0000	40.0000	0.533273700
230.0000	40.0000	40.0000	0.930710140
240.0000	40.0000	40.0000	0.961218950
250.0000	40.0000	40.0000	1.321502100
260.0000	40.0000	40.0000	0.665507440
270.0000	40.0000	40.0000	0.580015700
280.0000	40.0000	40.0000	0.569401740
290.0000	40.0000	40.0000	0.637420100
300.0000	40.0000	40.0000	0.358389900
310.0000	40.0000	40.0000	0.329066870
320.0000	40.0000	40.0000	0.919360460
330.0000	40.0000	40.0000	1.144708400
340.0000	40.0000	40.0000	0.465327320
350.0000	40.0000	40.0000	0.207410720
360.0000	40.0000	40.0000	1.000000000
0.0000	50.0000	40.0000	0.759041300
10.0000	50.0000	40.0000	0.809659060
20.0000	50.0000	40.0000	0.699780100
30.0000	50.0000	40.0000	0.794271950
40.0000	50.0000	40.0000	0.628728300
50.0000	50.0000	40.0000	0.885932740
60.0000	50.0000	40.0000	0.929651100
70.0000	50.0000	40.0000	0.555905400
80.0000	50.0000	40.0000	0.526993900
90.0000	50.0000	40.0000	0.646034660
100.0000	50.0000	40.0000	0.579303150
110.0000	50.0000	40.0000	0.997654200
120.0000	50.0000	40.0000	1.174606800
130.0000	50.0000	40.0000	1.755554800
140.0000	50.0000	40.0000	3.136433100
150.0000	50.0000	40.0000	2.335567000
160.0000	50.0000	40.0000	0.730701150
170.0000	50.0000	40.0000	0.219051720
180.0000	50.0000	40.0000	0.758433800
190.0000	50.0000	40.0000	1.807506300
200.0000	50.0000	40.0000	0.532121240
210.0000	50.0000	40.0000	0.431987820
220.0000	50.0000	40.0000	0.792025000
230.0000	50.0000	40.0000	0.925899500
240.0000	50.0000	40.0000	0.665073100
250.0000	50.0000	40.0000	0.503634800
260.0000	50.0000	40.0000	0.510538160
270.0000	50.0000	40.0000	0.714295200
280.0000	50.0000	40.0000	0.688970300
290.0000	50.0000	40.0000	0.364431300
300.0000	50.0000	40.0000	0.214432900
310.0000	50.0000	40.0000	0.509077970
320.0000	50.0000	40.0000	1.864671800
330.0000	50.0000	40.0000	1.969859500
340.0000	50.0000	40.0000	0.779459700
350.0000	50.0000	40.0000	0.180805650
360.0000	50.0000	40.0000	1.000000000
0.0000	60.0000	40.0000	0.577334940
10.0000	60.0000	40.0000	0.776699000
20.0000	60.0000	40.0000	0.963333900
30.0000	60.0000	40.0000	0.864826740
40.0000	60.0000	40.0000	1.431541700
50.0000	60.0000	40.0000	1.770170300
60.0000	60.0000	40.0000	0.602503240
70.0000	60.0000	40.0000	0.367746620
80.0000	60.0000	40.0000	0.545374000
90.0000	60.0000	40.0000	0.400357500
100.0000	60.0000	40.0000	0.472307500
110.0000	60.0000	40.0000	0.874371800
120.0000	60.0000	40.0000	0.783638240
130.0000	60.0000	40.0000	1.449704400
140.0000	60.0000	40.0000	1.457266600
150.0000	60.0000	40.0000	0.922093000
160.0000	60.0000	40.0000	0.625500700
170.0000	60.0000	40.0000	0.438222050
180.0000	60.0000	40.0000	0.789989950
190.0000	60.0000	40.0000	1.035361600
200.0000	60.0000	40.0000	0.417406080
210.0000	60.0000	40.0000	0.460795040
220.0000	60.0000	40.0000	0.773976500
230.0000	60.0000	40.0000	0.497005100
240.0000	60.0000	40.0000	0.297708330
250.0000	60.0000	40.0000	0.160576540
260.0000	60.0000	40.0000	0.086510480
270.0000	60.0000	40.0000	0.350279570
280.0000	60.0000	40.0000	1.341110700
290.0000	60.0000	40.0000	0.853292760
300.0000	60.0000	40.0000	0.611060000
310.0000	60.0000	40.0000	1.198995400
320.0000	60.0000	40.0000	1.813618400
330.0000	60.0000	40.0000	1.495704800
340.0000	60.0000	40.0000	1.012172500
350.0000	60.0000	40.0000	0.445486160
360.0000	60.0000	40.0000	1.000000000
0.0000	70.0000	40.0000	1.519339800
10.0000	70.0000	40.0000	2.072779700
20.0000	70.0000	40.0000	2.024814000
30.0000	70.0000	40.0000	1.431169400
40.0000	70.0000	40.0000	1.698844700
50.0000	70.0000	40.0000	1.214809300
60.0000	70.0000	40.0000	0.523788030
70.0000	70.0000	40.0000	0.307463970
80.0000	70.0000	40.0000	0.129579930
90.0000	70.0000	40.0000	0.101869400
100.0000	70.0000	40.0000	0.170223710
110.0000	70.0000	40.0000	0.357885600
120.0000	70.0000	40.0000	0.434141000
130.0000	70.0000	40.0000	0.585250140
140.0000	70.0000	40.0000	0.652303500
150.0000	70.0000	40.0000	0.803610860
160.0000	70.0000	40.0000	1.284663100
170.0000	70.0000	40.0000	0.738647400
180.0000	70.0000	40.0000	0.577614400
190.0000	70.0000	40.0000	1.227086800
200.0000	70.0000	40.0000	1.068820700
210.0000	70.0000	40.0000	0.655867100
220.0000	70.0000	40.0000	0.462560200
230.0000	70.0000	40.0000	0.243573950
240.0000	70.0000	40.0000	0.284535140
250.0000	70.0000	40.0000	0.358859480
260.0000	70.0000	40.0000	0.080310814
270.0000	70.0000	40.0000	0.146730120
280.0000	70.0000	40.0000	0.597747450
290.0000	70.0000	40.0000	0.799667840
300.0000	70.0000	40.0000	0.535311640
310.0000	70.0000	40.0000	1.126010400
320.0000	70.0000	40.0000	1.316952100
330.0000	70.0000	40.0000	0.890489600
340.0000	70.0000	40.0000	1.322712300
350.0000	70.0000	40.0000	1.269579800
360.0000	70.0000	40.0000	1.000000000
0.0000	80.0000	40.0000	0.570397100
10.0000	80.0000	40.0000	1.267721200
20.0000	80.0000	40.0000	3.172970800
30.0000	80.0000	40.0000	1.192187900
40.0000	80.0000	40.0000	0.743594350
50.0000	80.0000	40.0000	0.478272200
60.0000	80.0000	40.0000	0.698282700
70.0000	80.0000	40.0000	0.682967800
80.0000	80.0000	40.0000	0.295263400
90.0000	80.0000	40.0000	0.277884040
100.0000	80.0000	40.0000	0.406171860
110.0000	80.0000	40.0000	0.417170500
120.0000	80.0000	40.0000	0.244239170
130.0000	80.0000	40.0000	0.299812500
140.0000	80.0000	40.0000	0.572703100
150.0000	80.0000	40.0000	1.114858300
160.0000	80.0000	40.0000	3.675490900
170.0000	80.0000	40.0000	2.532178200
180.0000	80.0000	40.0000	2.010133500
190.0000	80.0000	40.0000	3.479502000
200.0000	80.0000	40.0000	2.439450300
210.0000	80.0000	40.0000	1.013844800
220.0000	80.0000	40.0000	0.410466000
230.0000	80.0000	40.0000	0.232491180
240.0000	80.0000	40.0000	0.401291550
250.0000	80.0000	40.0000	0.695011440
260.0000	80.0000	40.0000	0.284712700
270.0000	80.0000	40.0000	0.258887350
280.0000	80.0000	40.0000	0.413783520
290.0000	80.0000	40.0000	0.552889170
300.0000	80.0000	40.0000	0.264894840
310.0000	80.0000	40.0000	0.458966400
320.0000	80.0000	40.0000	0.799485300
330.0000	80.0000	40.0000	1.099268700
340.0000	80.0000	40.0000	2.185029000
350.0000	80.0000	40.0000	4.154794000
360.0000	80.0000	40.0000	1.000000000
0.0000	90.0000	40.0000	8.823812000
10.0000	90.0000	40.0000	4.100957000
20.0000	90.0000	40.0000	4.285068000
30.0000	90.0000	40.0000	1.425571200
40.0000	90.0000	40.0000	0.755529050
50.0000	90.0000	40.0000	0.552430900
60.0000	90.0000	40.0000	1.052669200
70.0000	90.0000	40.0000	0.925877500
80.0000	90.0000	40.0000	0.595265750
90.0000	90.0000	40.0000	0.451292870
100.0000	90.0000	40.0000	0.955976840
110.0000	90.0000	40.0000	0.883369000
120.0000	90.0000	40.0000	0.234576270
130.0000	90.0000	40.0000	0.347134560
140.0000	90.0000	40.0000	0.640734400
150.0000	90.0000	40.0000	1.003932100
160.0000	90.0000	40.0000	3.608162600
170.0000	90.0000	40.0000	3.274103400
180.0000	90.0000	40.0000	3.782950600
190.0000	90.0000	40.0000	6.758423300
200.0000	90.0000	40.0000	3.270756500
210.0000	90.0000	40.0000	1.333889100
220.0000	90.0000	40.0000	0.467960480
230.0000	90.0000	40.0000	0.319288850
240.0000	90.0000	40.0000	0.524469500
250.0000	90.0000	40.0000	0.550602100
260.0000	90.0000	40.0000	0.408584650
270.0000	90.0000	40.0000	0.381286700
280.0000	90.0000	40.0000	0.588903670
290.0000	90.0000	40.0000	0.656956140
300.0000	90.0000	40.0000	0.253176200
310.0000	90.0000	40.0000	0.274499900
320.0000	90.0000	40.0000	0.423971700
330.0000	90.0000	40.0000	0.946752850
340.0000	90.0000	40.0000	2.613627700
350.0000	90.0000	40.0000	11.449937000
360.0000	90.0000	40.0000	1.000000000
0.0000	0.0000	50.0000	1.000000000
10.0000	0.0000	50.0000	1.000000000
20.0000	0.0000	50.0000	1.000000000
30.0000	0.0000	50.0000	1.000000000
40.0000	0.0000	50.0000	1.000000000
50.0000	0.0000	50.0000	1.000000000
60.0000	0.0000	50.0000	1.000000000
70.0000	0.0000	50.0000	1.000000000
80.0000	0.0000	50.0000	1.000000000
90.0000	0.0000	50.0000	1.000000000
100.0000	0.0000	50.0000	1.000000000
110.0000	0.0000	50.0000	1.000000000
120.0000	0.0000	50.0000	1.000000000
130.0000	0.0000	50.0000	1.000000000
140.0000	0.0000	50.0000	1.000000000
150.0000	0.0000	50.0000	1.000000000
160.0000	0.0000	50.0000	1.000000000
170.0000	0.0000	50.0000	1.000000000
180.0000	0.0000	50.0000	1.000000000
190.0000	0.0000	50.0000	1.000000000
200.0000	0.0000	50.0000	1.000000000
210.0000	0.0000	50.0000	1.000000000
220.0000	0.0000	50.0000	1.000000000
230.0000	0.0000	50.0000	1.000000000
240.0000	0.0000	50.0000	1.000000000
250.0000	0.0000	50.0000	1.000000000
260.0000	0.0000	50.0000	1.000000000
270.0000	0.0000	50.0000	1.000000000
280.0000	0.0000	50.0000	1.000000000
290.0000	0.0000	50.0000	1.000000000
300.0000	0.0000	50.0000	1.000000000
310.0000	0.0000	50.0000	1.000000000
320.0000	0.0000	50.0000	1.000000000
330.0000	0.0000	50.0000	1.000000000
340.0000	0.0000	50.0000	1.000000000
350.0000	0.0000	50.0000	1.000000000
360.0000	0.0000	50.0000	1.000000000
0.0000	10.0000	50.0000	0.676418100
10.0000	10.0000	50.0000	0.802483140
20.0000	10.0000	50.0000	6.069255000
30.0000	10.0000	50.0000	0.214451670
40.0000	10.0000	50.0000	0.120302540
50.0000	10.0000	50.0000	0.287098680
60.0000	10.0000	50.0000	0.999503250
70.0000	10.0000	50.0000	0.885377300
80.0000	10.0000	50.0000	0.281018670
90.0000	10.0000	50.0000	0.176327910
100.0000	10.0000	50.0000	0.156156300
110.0000	10.0000	50.0000	0.388450100
120.0000	10.0000	50.0000	1.087378300
130.0000	10.0000	50.0000	0.723094500
140.0000	10.0000	50.0000	0.447930800
150.0000	10.0000	50.0000	0.233004320
160.0000	10.0000	50.0000	0.772688700
170.0000	10.0000	50.0000	2.180230900
180.0000	10.0000	50.0000	2.090907600
190.0000	10.0000	50.0000	3.314526000
200.0000	10.0000	50.0000	5.557407400
210.0000	10.0000	50.0000	0.278538300
220.0000	10.0000	50.0000	0.093935340
230.0000	10.0000	50.0000	0.138149410
240.0000	10.0000	50.0000	0.767547900
250.0000	10.0000	50.0000	1.233843300
260.0000	10.0000	50.0000	0.325711000
270.0000	10.0000	50.0000	0.317020800
280.0000	10.0000	50.0000	0.348299260
290.0000	10.0000	50.0000	0.553258200
300.0000	10.0000	50.0000	1.091899600
310.0000	10.0000	50.0000	1.670319200
320.0000	10.0000	50.0000	1.018487300
330.0000	10.0000	50.0000	0.404499860
340.0000	10.0000	50.0000	1.545184300
350.0000	10.0000	50.0000	3.039984700
360.0000	10.0000	50.0000	1.000000000
0.0000	20.0000	50.0000	2.176044200
10.0000	20.0000	50.0000	2.633121300
20.0000	20.0000	50.0000	1.027109300
30.0000	20.0000	50.0000	0.118511160
40.0000	20.0000	50.0000	0.111278610
50.0000	20.0000	50.0000	0.192622230
60.0000	20.0000	50.0000	0.519760250
70.0000	20.0000	50.0000	2.206745000
80.0000	20.0000	50.0000	0.814204450
90.0000	20.0000	50.0000	0.292281240
100.0000	20.0000	50.0000	0.454471920
110.0000	20.0000	50.0000	0.490214530
120.0000	20.0000	50.0000	1.300658800
130.0000	20.0000	50.0000	1.615629000
140.0000	20.0000	50.0000	0.661135200
150.0000	20.0000	50.0000	0.245708930
160.0000	20.0000	50.0000	0.217156950
170.0000	20.0000	50.0000	0.849305400
180.0000	20.0000	50.0000	0.709991800
190.0000	20.0000	50.0000	2.279288800
200.0000	20.0000	50.0000	1.291276300
210.0000	20.0000	50.0000	0.143925160
220.0000	20.0000	50.0000	0.137942760
230.0000	20.0000	50.0000	0.233311060
240.0000	20.0000	50.0000	0.324382720
250.0000	20.0000	50.0000	0.777352000
260.0000	20.0000	50.0000	0.979685100
270.0000	20.0000	50.0000	0.832767800
280.0000	20.0000	50.0000	0.937411500
290.0000	20.0000	50.0000	0.577769760
300.0000	20.0000	50.0000	0.693542600
310.0000	20.0000	50.0000	1.645177200
320.0000	20.0000	50.0000	0.682293300
330.0000	20.0000	50.0000	0.256237360
340.0000	20.0000	50.0000	0.248143180
350.0000	20.0000	50.0000	0.324910520
360.0000	20.0000	50.0000	1.000000000
0.0000	30.0000	50.0000	1.404920500
10.0000	30.0000	50.0000	1.579001700
20.0000	30.0000	50.0000	0.436482340
30.0000	30.0000	50.0000	0.147221680
40.0000	30.0000	50.0000	0.236274690
50.0000	30.0000	50.0000	0.748329000
60.0000	30.0000	50.0000	0.826088370
70.0000	30.0000	50.0000	1.405600200
80.0000	30.0000	50.0000	1.270304600
90.0000	30.0000	50.0000	0.660775660
100.0000	30.0000	50.0000	0.857567600
110.0000	30.0000	50.0000	0.857863660
120.0000	30.0000	50.0000	1.715281100
130.0000	30.0000	50.0000	1.432524700
140.0000	30.0000	50.0000	1.045823300
150.0000	30.0000	50.0000	0.322687830
160.0000	30.0000	50.0000	0.050506976
170.0000	30.0000	50.0000	0.452228670
180.0000	30.0000	50.0000	1.158050400
190.0000	30.0000	50.0000	1.604814800
200.0000	30.0000	50.0000	2.191759000
210.0000	30.0000	50.0000	0.281558070
220.0000	30.0000	50.0000	0.205281700
230.0000	30.0000	50.0000	0.805648600
240.0000	30.0000	50.0000	2.116637500
250.0000	30.0000	50.0000	1.680214300
260.0000	30.0000	50.0000	0.636953800
270.0000	30.0000	50.0000	0.571086400
280.0000	30.0000	50.0000	0.790655140
290.0000	30.0000	50.0000	0.938726840
300.0000	30.0000	50.0000	1.628351200
310.0000	30.0000	50.0000	2.567900700
320.0000	30.0000	50.0000	1.041217700
330.0000	30.0000	50.0000	0.290641900
340.0000	30.0000	50.0000	0.064691940
350.0000	30.0000	50.0000	0.295174700
360.0000	30.0000	50.0000	1.000000000
0.0000	40.0000	50.0000	0.235171770
10.0000	40.0000	50.0000	0.523938950
20.0000	40.0000	50.0000	1.240066500
30.0000	40.0000	50.0000	0.346175130
40.0000	40.0000	50.0000	0.550108600
50.0000	40.0000	50.0000	1.504065900
60.0000	40.0000	50.0000	1.144307900
70.0000	40.0000	50.0000	0.516645130
80.0000	40.0000	50.0000	0.637464000
90.0000	40.0000	50.0000	0.745479640
100.0000	40.0000	50.0000	0.498004140
110.0000	40.0000	50.0000	0.542918000
120.0000	40.0000	50.0000	0.958167100
130.0000	40.0000	50.0000	1.316667200
140.0000	40.0000	50.0000	1.913894900
150.0000	40.0000	50.0000	0.816903900
160.0000	40.0000	50.0000	0.063271890
170.0000	40.0000	50.0000	0.119087230
180.0000	40.0000	50.0000	1.179610100
190.0000	40.0000	50.0000	3.631753200
200.0000	40.0000	50.0000	1.440891300
210.0000	40.0000	50.0000	0.380564060
220.0000	40.0000	50.0000	0.386935680
230.0000	40.0000	50.0000	0.548458400
240.0000	40.0000	50.0000	1.457417500
250.0000	40.0000	50.0000	1.458967300
260.0000	40.0000	50.0000	0.750803050
270.0000	40.0000	50.0000	0.541426600
280.0000	40.0000	50.0000	0.493143200
290.0000	40.0000	50.0000	0.384735820
300.0000	40.0000	50.0000	0.549991670
310.0000	40.0000	50.0000	1.196795500
320.0000	40.0000	50.0000	1.048946500
330.0000	40.0000	50.0000	0.477504940
340.0000	40.0000	50.0000	0.094992220
350.0000	40.0000	50.0000	0.201662880
360.0000	40.0000	50.0000	1.000000000
0.0000	50.0000	50.0000	1.254706900
10.0000	50.0000	50.0000	1.204493300
20.0000	50.0000	50.0000	0.664430100
30.0000	50.0000	50.0000	0.539667370
40.0000	50.0000	50.0000	0.889715850
50.0000	50.0000	50.0000	0.825219040
60.0000	50.0000	50.0000	0.685704200
70.0000	50.0000	50.0000	0.231928900
80.0000	50.0000	50.0000	0.352502400
90.0000	50.0000	50.0000	1.291695200
100.0000	50.0000	50.0000	0.801613900
110.0000	50.0000	50.0000	0.708324970
120.0000	50.0000	50.0000	0.901341860
130.0000	50.0000	50.0000	1.694033000
140.0000	50.0000	50.0000	1.625727300
150.0000	50.0000	50.0000	0.564637660
160.0000	50.0000	50.0000	0.074285610
170.0000	50.0000	50.0000	0.125192580
180.0000	50.0000	50.0000	1.088128100
190.0000	50.0000	50.0000	1.327725500
200.0000	50.0000	50.0000	0.365315850
210.0000	50.0000	50.0000	0.413364950
220.0000	50.0000	50.0000	0.801460400
230.0000	50.0000	50.0000	0.722143600
240.0000	50.0000	50.0000	0.503763100
250.0000	50.0000	50.0000	0.492366200
260.0000	50.0000	50.0000	0.622553800
270.0000	50.0000	50.0000	0.993635100
280.0000	50.0000	50.0000	0.530111100
290.0000	50.0000	50.0000	0.201843470
300.0000	50.0000	50.0000	0.175817490
310.0000	50.0000	50.0000	0.463574470
320.0000	50.0000	50.0000	0.841526870
330.0000	50.0000	50.0000	0.706941960
340.0000	50.0000	50.0000	0.180899160
350.0000	50.0000	50.0000	0.089263200
360.0000	50.0000	50.0000	1.000000000
0.0000	60.0000	50.0000	0.469336930
10.0000	60.0000	50.0000	0.525427340
20.0000	60.0000	50.0000	0.630754100
30.0000	60.0000	50.0000	0.586381550
40.0000	60.0000	50.0000	0.741271700
50.0000	60.0000	50.0000	0.609208170
60.0000	60.0000	50.0000	0.376417760
70.0000	60.0000	50.0000	0.206471900
80.0000	60.0000	50.0000	0.330499700
90.0000	60.0000	50.0000	0.799399500
100.0000	60.0000	50.0000	1.295429700
110.0000	60.0000	50.0000	0.990932300
120.0000	60.0000	50.0000	0.861513100
130.0000	60.0000	50.0000	1.483660100
140.0000	60.0000	50.0000	0.987592900
150.0000	60.0000	50.0000	0.448085640
160.0000	60.0000	50.0000	0.206474770
170.0000	60.0000	50.0000	0.377999780
180.0000	60.0000	50.0000	0.960583450
190.0000	60.0000	50.0000	0.813496100
200.0000	60.0000	50.0000	0.428265660
210.0000	60.0000	50.0000	0.404569360
220.0000	60.0000	50.0000	0.439074960
230.0000	60.0000	50.0000	0.346663330
240.0000	60.0000	50.0000	0.306439200
250.0000	60.0000	50.0000	0.281875460
260.0000	60.0000	50.0000	0.302461900
270.0000	60.0000	50.0000	0.740840550
280.0000	60.0000	50.0000	0.848659300
290.0000	60.0000	50.0000	0.307347900
300.0000	60.0000	50.0000	0.296863760
310.0000	60.0000	50.0000	0.559824200
320.0000	60.0000	50.0000	1.069646000
330.0000	60.0000	50.0000	1.022493000
340.0000	60.0000	50.0000	0.348421870
350.0000	60.0000	50.0000	0.179120180
360.0000	60.0000	50.0000	1.000000000
0.0000	70.0000	50.0000	1.092742600
10.0000	70.0000	50.0000	0.998357900
20.0000	70.0000	50.0000	0.815623940
30.0000	70.0000	50.0000	0.514504700
40.0000	70.0000	50.0000	0.413807660
50.0000	70.0000	50.0000	0.392799350
60.0000	70.0000	50.0000	0.383378650
70.0000	70.0000	50.0000	0.345697200
80.0000	70.0000	50.0000	0.217677770
90.0000	70.0000	50.0000	0.146394480
100.0000	70.0000	50.0000	0.281907770
110.0000	70.0000	50.0000	0.374953500
120.0000	70.0000	50.0000	0.372589350
130.0000	70.0000	50.0000	0.597693150
140.0000	70.0000	50.0000	0.613700000
150.0000	70.0000	50.0000	0.694781200
160.0000	70.0000	50.0000	1.013078500
170.0000	70.0000	50.0000	0.629682600
180.0000	70.0000	50.0000	0.485371530
190.0000	70.0000	50.0000	1.011092000
200.0000	70.0000	50.0000	1.002147400
210.0000	70.0000	50.0000	0.415630200
220.0000	70.0000	50.0000	0.201153770
230.0000	70.0000	50.0000	0.242939810
240.0000	70.0000	50.0000	0.437661080
250.0000	70.0000	50.0000	0.439626630
260.0000	70.0000	50.0000	0.210923690
270.0000	70.0000	50.0000	0.282365100
280.0000	70.0000	50.0000	0.519058350
290.0000	70.0000	50.0000	0.488288400
300.0000	70.0000	50.0000	0.309701560
310.0000	70.0000	50.0000	0.535980050
320.0000	70.0000	50.0000	0.878544870
330.0000	70.0000	50.0000	0.759349350
340.0000	70.0000	50.0000	0.649449400
350.0000	70.0000	50.0000	0.621637340
360.0000	70.0000	50.0000	1.000000000
0.0000	80.0000	50.0000	0.225851250
10.0000	80.0000	50.0000	0.446673500
20.0000	80.0000	50.0000	1.273218600
30.0000	80.0000	50.0000	0.595554400
40.0000	80.0000	50.0000	0.403867420
50.0000	80.0000	50.0000	0.324615300
60.0000	80.0000	50.0000	0.463285200
70.0000	80.0000	50.0000	0.588780700
80.0000	80.0000	50.0000	0.373733400
90.0000	80.0000	50.0000	0.246410500
100.0000	80.0000	50.0000	0.373648080
110.0000	80.0000	50.0000	0.349095230
120.0000	80.0000	50.0000	0.207729200
130.0000	80.0000	50.0000	0.251756400
140.0000	80.0000	50.0000	0.507082000
150.0000	80.0000	50.0000	1.314212700
160.0000	80.0000	50.0000	2.700594200
170.0000	80.0000	50.0000	1.576733400
180.0000	80.0000	50.0000	1.419376500
190.0000	80.0000	50.0000	2.006791400
200.0000	80.0000	50.0000	1.614435100
210.0000	80.0000	50.0000	0.566717600
220.0000	80.0000	50.0000	0.321650700
230.0000	80.0000	50.0000	0.391107900
240.0000	80.0000	50.0000	0.563222700
250.0000	80.0000	50.0000	0.767219800
260.0000	80.0000	50.0000	0.412611540
270.0000	80.0000	50.0000	0.389808830
280.0000	80.0000	50.0000	0.572608300
290.0000	80.0000	50.0000	0.598110260
300.0000	80.0000	50.0000	0.611730300
310.0000	80.0000	50.0000	0.603380900
320.0000	80.0000	50.0000	0.519359500
330.0000	80.0000	50.0000	0.868661640
340.0000	80.0000	50.0000	1.314390200
350.0000	80.0000	50.0000	2.267100300
360.0000	80.0000	50.0000	1.000000000
0.0000	90.0000	50.0000	5.476125200
10.0000	90.0000	50.0000	2.053908000
20.0000	90.0000	50.0000	2.496367000
30.0000	90.0000	50.0000	0.828294040
40.0000	90.0000	50.0000	0.594200300
50.0000	90.0000	50.0000	0.520996700
60.0000	90.0000	50.0000	0.720088700
70.0000	90.0000	50.0000	0.864377700
80.0000	90.0000	50.0000	0.590356650
90.0000	90.0000	50.0000	0.413711550
100.0000	90.0000	50.0000	0.672555150
110.0000	90.0000	50.0000	0.505126600
120.0000	90.0000	50.0000	0.154715400
130.0000	90.0000	50.0000	0.260270900
140.0000	90.0000	50.0000	0.691368900
150.0000	90.0000	50.0000	1.619321100
160.0000	90.0000	50.0000	3.098102300
170.0000	90.0000	50.0000	2.005183200
180.0000	90.0000	50.0000	2.763841000
190.0000	90.0000	50.0000	4.368764000
200.0000	90.0000	50.0000	1.989303800
210.0000	90.0000	50.0000	0.910053970
220.0000	90.0000	50.0000	0.650858000
230.0000	90.0000	50.0000	0.452494200
240.0000	90.0000	50.0000	0.429302480
250.0000	90.0000	50.0000	1.031692300
260.0000	90.0000	50.0000	0.614030600
270.0000	90.0000	50.0000	0.523187600
280.0000	90.0000	50.0000	1.120447300
290.0000	90.0000	50.0000	0.864901840
300.0000	90.0000	50.0000	0.612782000
310.0000	90.0000	50.0000	0.567897300
320.0000	90.0000	50.0000	0.364233430
330.0000	90.0000	50.0000	0.908216830
340.0000	90.0000	50.0000	2.107923300
350.0000	90.0000	50.0000	4.199018500
360.0000	90.0000	50.0000	1.000000000
0.0000	0.0000	60.0000	1.000000000
10.0000	0.0000	60.0000	1.000000000
20.0000	0.0000	60.0000	1.000000000
30.0000	0.0000	60.0000	1.000000000
40.0000	0.0000	60.0000	1.000000000
50.0000	0.0000	60.0000	1.000000000
60.0000	0.0000	60.0000	1.000000000
70.0000	0.0000	60.0000	1.000000000
80.0000	0.0000	60.0000	1.000000000
90.0000	0.0000	60.0000	1.000000000
100.0000	0.0000	60.0000	1.000000000
110.0000	0.0000	60.0000	1.000000000
120.0000	0.0000	60.0000	1.000000000
130.0000	0.0000	60.0000	1.000000000
140.0000	0.0000	60.0000	1.000000000
150.0000	0.0000	60.0000	1.000000000
160.0000	0.0000	60.0000	1.000000000
170.0000	0.0000	60.0000	1.000000000
180.0000	0.0000	60.0000	1.000000000
190.0000	0.0000	60.0000	1.000000000
200.0000	0.0000	60.0000	1.000000000
210.0000	0.0000	60.0000	1.000000000
220.0000	0.0000	60.0000	1.000000000
230.0000	0.0000	60.0000	1.000000000
240.0000	0.0000	60.0000	1.000000000
250.0000	0.0000	60.0000	1.000000000
260.0000	0.0000	60.0000	1.000000000
270.0000	0.0000	60.0000	1.000000000
280.0000	0.0000	60.0000	1.000000000
290.0000	0.0000	60.0000	1.000000000
300.0000	0.0000	60.0000	1.000000000
310.0000	0.0000	60.0000	1.000000000
320.0000	0.0000	60.0000	1.000000000
330.0000	0.0000	60.0000	1.000000000
340.0000	0.0000	60.0000	1.000000000
350.0000	0.0000	60.0000	1.000000000
360.0000	0.0000	60.0000	1.000000000
0.0000	10.0000	60.0000	0.877044700
10.0000	10.0000	60.0000	0.900464300
20.0000	10.0000	60.0000	4.392233000
30.0000	10.0000	60.0000	0.092239930
40.0000	10.0000	60.0000	0.091470220
50.0000	10.0000	60.0000	0.870357450
60.0000	10.0000	60.0000	1.236604700
70.0000	10.0000	60.0000	0.344825630
80.0000	10.0000	60.0000	0.121685500
90.0000	10.0000	60.0000	0.509222100
100.0000	10.0000	60.0000	1.664811600
110.0000	10.0000	60.0000	2.370632400
120.0000	10.0000	60.0000	0.246262210
130.0000	10.0000	60.0000	0.317203000
140.0000	10.0000	60.0000	1.753824700
150.0000	10.0000	60.0000	0.205219780
160.0000	10.0000	60.0000	0.753244000
170.0000	10.0000	60.0000	3.861050100
180.0000	10.0000	60.0000	2.323324000
190.0000	10.0000	60.0000	3.900653100
200.0000	10.0000	60.0000	6.239369000
210.0000	10.0000	60.0000	0.084090990
220.0000	10.0000	60.0000	0.046219240
230.0000	10.0000	60.0000	0.152327580
240.0000	10.0000	60.0000	1.093401200
250.0000	10.0000	60.0000	11.828968000
260.0000	10.0000	60.0000	0.190883220
270.0000	10.0000	60.0000	0.093345806
280.0000	10.0000	60.0000	1.146094000
290.0000	10.0000	60.0000	0.943708000
300.0000	10.0000	60.0000	0.831138130
310.0000	10.0000	60.0000	1.875256400
320.0000	10.0000	60.0000	1.172070600
330.0000	10.0000	60.0000	0.400536330
340.0000	10.0000	60.0000	1.385051100
350.0000	10.0000	60.0000	4.653818600
360.0000	10.0000	60.0000	1.000000000
0.0000	20.0000	60.0000	2.687292000
10.0000	20.0000	60.0000	2.638522900
20.0000	20.0000	60.0000	0.866680600
30.0000	20.0000	60.0000	0.086496145
40.0000	20.0000	60.0000	0.248563740
50.0000	20.0000	60.0000	1.020420200
60.0000	20.0000	60.0000	1.408042900
70.0000	20.0000	60.0000	8.740774000
80.0000	20.0000	60.0000	4.628390300
90.0000	20.0000	60.0000	1.652121400
100.0000	20.0000	60.0000	1.403876700
110.0000	20.0000	60.0000	0.760516760
120.0000	20.0000	60.0000	1.136247800
130.0000	20.0000	60.0000	1.318007100
140.0000	20.0000	60.0000	1.212835800
150.0000	20.0000	60.0000	0.083494930
160.0000	20.0000	60.0000	0.143018650
170.0000	20.0000	60.0000	1.374577800
180.0000	20.0000	60.0000	0.828437270
190.0000	20.0000	60.0000	3.183212500
200.0000	20.0000	60.0000	1.468246100
210.0000	20.0000	60.0000	0.073527240
220.0000	20.0000	60.0000	0.436347000
230.0000	20.0000	60.0000	2.253655400
240.0000	20.0000	60.0000	1.256695200
250.0000	20.0000	60.0000	3.361947500
260.0000	20.0000	60.0000	3.663886800
270.0000	20.0000	60.0000	1.759183600
280.0000	20.0000	60.0000	2.161075800
290.0000	20.0000	60.0000	0.590117450
300.0000	20.0000	60.0000	1.047366300
310.0000	20.0000	60.0000	1.533463200
320.0000	20.0000	60.0000	0.869223950
330.0000	20.0000	60.0000	0.146058290
340.0000	20.0000	60.0000	0.139886630
350.0000	20.0000	60.0000	0.587168200
360.0000	20.0000	60.0000	1.000000000
0.0000	30.0000	60.0000	1.895730500
10.0000	30.0000	60.0000	1.999563700
20.0000	30.0000	60.0000	0.203721030
30.0000	30.0000	60.0000	0.106918626
40.0000	30.0000	60.0000	0.337995600
50.0000	30.0000	60.0000	0.471301760
60.0000	30.0000	60.0000	0.433055370
70.0000	30.0000	60.0000	1.151149200
80.0000	30.0000	60.0000	2.526003600
90.0000	30.0000	60.0000	1.336857200
100.0000	30.0000	60.0000	0.902633700
110.0000	30.0000	60.0000	0.645966900
120.0000	30.0000	60.0000	2.010836800
130.0000	30.0000	60.0000	2.178121800
140.0000	30.0000	60.0000	1.143337700
150.0000	30.0000	60.0000	0.122585945
160.0000	30.0000	60.0000	0.055950160
170.0000	30.0000	60.0000	1.352451800
180.0000	30.0000	60.0000	1.707563200
190.0000	30.0000	60.0000	2.509623500
200.0000	30.0000	60.0000	1.086140200
210.0000	30.0000	60.0000	0.129415290
220.0000	30.0000	60.0000	0.280350270
230.0000	30.0000	60.0000	1.045768400
240.0000	30.0000	60.0000	0.959510270
250.0000	30.0000	60.0000	0.827872000
260.0000	30.0000	60.0000	1.425692400
270.0000	30.0000	60.0000	3.111310700
280.0000	30.0000	60.0000	1.597300900
290.0000	30.0000	60.0000	0.516683040
300.0000	30.0000	60.0000	1.312446800
310.0000	30.0000	60.0000	4.232859000
320.0000	30.0000	60.0000	2.214935000
330.0000	30.0000	60.0000	0.152226790
340.0000	30.0000	60.0000	0.067664480
350.0000	30.0000	60.0000	1.347190000
360.0000	30.0000	60.0000	1.000000000
0.0000	40.0000	60.0000	0.502410900
10.0000	40.0000	60.0000	1.300371900
20.0000	40.0000	60.0000	1.596691400
30.0000	40.0000	60.0000	0.195818780
40.0000	40.0000	60.0000	0.569680330
50.0000	40.0000	60.0000	1.381468300
60.0000	40.0000	60.0000	0.558877800
70.0000	40.0000	60.0000	0.506575760
80.0000	40.0000	60.0000	1.264650600
90.0000	40.0000	60.0000	0.839513700
100.0000	40.0000	60.0000	0.309605570
110.0000	40.0000	60.0000	0.434998570
120.0000	40.0000	60.0000	1.137626400
130.0000	40.0000	60.0000	0.950581700
140.0000	40.0000	60.0000	1.119356400
150.0000	40.0000	60.0000	0.282433480
160.0000	40.0000	60.0000	0.037001874
170.0000	40.0000	60.0000	0.442661050
180.0000	40.0000	60.0000	1.962530600
190.0000	40.0000	60.0000	4.925902400
200.0000	40.0000	60.0000	2.236967600
210.0000	40.0000	60.0000	0.388686900
220.0000	40.0000	60.0000	0.277779000
230.0000	40.0000	60.0000	0.566498900
240.0000	40.0000	60.0000	1.115752700
250.0000	40.0000	60.0000	0.540294500
260.0000	40.0000	60.0000	0.571777940
270.0000	40.0000	60.0000	0.639221250
280.0000	40.0000	60.0000	0.595188500
290.0000	40.0000	60.0000	0.325550560
300.0000	40.0000	60.0000	0.867268000
310.0000	40.0000	60.0000	5.158715000
320.0000	40.0000	60.0000	1.067891800
330.0000	40.0000	60.0000	0.133346450
340.0000	40.0000	60.0000	0.078601375
350.0000	40.0000	60.0000	1.058782500
360.0000	40.0000	60.0000	1.000000000
0.0000	50.0000	60.0000	2.685382400
10.0000	50.0000	60.0000	3.437782800
20.0000	50.0000	60.0000	1.674074500
30.0000	50.0000	60.0000	0.523623050
40.0000	50.0000	60.0000	0.681296470
50.0000	50.0000	60.0000	0.551535000
60.0000	50.0000	60.0000	0.508797350
70.0000	50.0000	60.0000	0.199361860
80.0000	50.0000	60.0000	0.312105030
90.0000	50.0000	60.0000	2.187159800
100.0000	50.0000	60.0000	1.198741600
110.0000	50.0000	60.0000	0.725571040
120.0000	50.0000	60.0000	0.964349400
130.0000	50.0000	60.0000	0.839163060
140.0000	50.0000	60.0000	0.808424650
150.0000	50.0000	60.0000	0.283019870
160.0000	50.0000	60.0000	0.068185360
170.0000	50.0000	60.0000	0.387421370
180.0000	50.0000	60.0000	1.632560500
190.0000	50.0000	60.0000	2.081057800
200.0000	50.0000	60.0000	0.811948000
210.0000	50.0000	60.0000	0.545426100
220.0000	50.0000	60.0000	0.670105900
230.0000	50.0000	60.0000	0.726778450
240.0000	50.0000	60.0000	0.499762540
250.0000	50.0000	60.0000	0.254394380
260.0000	50.0000	60.0000	0.375280560
270.0000	50.0000	60.0000	0.761999100
280.0000	50.0000	60.0000	0.491811040
290.0000	50.0000	60.0000	0.213827620
300.0000	50.0000	60.0000	0.286852330
310.0000	50.0000	60.0000	0.653910400
320.0000	50.0000	60.0000	0.525194300
330.0000	50.0000	60.0000	0.208548680
340.0000	50.0000	60.0000	0.164962370
350.0000	50.0000	60.0000	0.423559700
360.0000	50.0000	60.0000	1.000000000
0.0000	60.0000	60.0000	0.790871700
10.0000	60.0000	60.0000	1.337978700
20.0000	60.0000	60.0000	1.480108500
30.0000	60.0000	60.0000	0.537832000
40.0000	60.0000	60.0000	0.381787480
50.0000	60.0000	60.0000	0.402813430
60.0000	60.0000	60.0000	0.448546650
70.0000	60.0000	60.0000	0.221060410
80.0000	60.0000	60.0000	0.236910150
90.0000	60.0000	60.0000	1.136683100
100.0000	60.0000	60.0000	2.305261000
110.0000	60.0000	60.0000	1.559614300
120.0000	60.0000	60.0000	1.249577500
130.0000	60.0000	60.0000	1.592566700
140.0000	60.0000	60.0000	0.983313260
150.0000	60.0000	60.0000	0.498114940
160.0000	60.0000	60.0000	0.434244330
170.0000	60.0000	60.0000	1.033500600
180.0000	60.0000	60.0000	1.415983700
190.0000	60.0000	60.0000	1.721178000
200.0000	60.0000	60.0000	0.636917050
210.0000	60.0000	60.0000	0.215253110
220.0000	60.0000	60.0000	0.286881570
230.0000	60.0000	60.0000	0.459161500
240.0000	60.0000	60.0000	0.375251500
250.0000	60.0000	60.0000	0.296806480
260.0000	60.0000	60.0000	0.465965870
270.0000	60.0000	60.0000	1.289892900
280.0000	60.0000	60.0000	0.354837330
290.0000	60.0000	60.0000	0.109387790
300.0000	60.0000	60.0000	0.142734380
310.0000	60.0000	60.0000	0.565095300
320.0000	60.0000	60.0000	1.191147000
330.0000	60.0000	60.0000	0.910636500
340.0000	60.0000	60.0000	0.523757600
350.0000	60.0000	60.0000	0.567384800
360.0000	60.0000	60.0000	1.000000000
0.0000	70.0000	60.0000	1.626635000
10.0000	70.0000	60.0000	1.196636700
20.0000	70.0000	60.0000	0.820174340
30.0000	70.0000	60.0000	0.295053330
40.0000	70.0000	60.0000	0.161861520
50.0000	70.0000	60.0000	0.389699760
60.0000	70.0000	60.0000	0.572253170
70.0000	70.0000	60.0000	0.483226900
80.0000	70.0000	60.0000	0.356590720
90.0000	70.0000	60.0000	0.198933930
100.0000	70.0000	60.0000	0.415778400
110.0000	70.0000	60.0000	0.671121540
120.0000	70.0000	60.0000	0.575151150
130.0000	70.0000	60.0000	0.453252140
140.0000	70.0000	60.0000	0.619823160
150.0000	70.0000	60.0000	0.798792240
160.0000	70.0000	60.0000	1.677178000
170.0000	70.0000	60.0000	1.440930600
180.0000	70.0000	60.0000	0.767911600
190.0000	70.0000	60.0000	1.574601300
200.0000	70.0000	60.0000	1.155483000
210.0000	70.0000	60.0000	0.236500220
220.0000	70.0000	60.0000	0.141789620
230.0000	70.0000	60.0000	0.471651880
240.0000	70.0000	60.0000	0.635330400
250.0000	70.0000	60.0000	0.491435100
260.0000	70.0000	60.0000	0.435619150
270.0000	70.0000	60.0000	0.422871770
280.0000	70.0000	60.0000	0.133972170
290.0000	70.0000	60.0000	0.123831050
300.0000	70.0000	60.0000	0.163394200
310.0000	70.0000	60.0000	0.318975780
320.0000	70.0000	60.0000	0.563915430
330.0000	70.0000	60.0000	0.658456270
340.0000	70.0000	60.0000	0.641111500
350.0000	70.0000	60.0000	1.136601700
360.0000	70.0000	60.0000	1.000000000
0.0000	80.0000	60.0000	0.365221320
10.0000	80.0000	60.0000	0.510108700
20.0000	80.0000	60.0000	0.934499900
30.0000	80.0000	60.0000	0.458607670
40.0000	80.0000	60.0000	0.512955000
50.0000	80.0000	60.0000	0.554978250
60.0000	80.0000	60.0000	0.536868040
70.0000	80.0000	60.0000	0.897162200
80.0000	80.0000	60.0000	0.679304100
90.0000	80.0000	60.0000	0.420705320
100.0000	80.0000	60.0000	0.618706500
110.0000	80.0000	60.0000	0.382354470
120.0000	80.0000	60.0000	0.295478600
130.0000	80.0000	60.0000	0.253780900
140.0000	80.0000	60.0000	0.552791360
150.0000	80.0000	60.0000	1.060421300
160.0000	80.0000	60.0000	2.081885300
170.0000	80.0000	60.0000	1.899582600
180.0000	80.0000	60.0000	1.636174100
190.0000	80.0000	60.0000	2.042928200
200.0000	80.0000	60.0000	1.880063900
210.0000	80.0000	60.0000	0.641582200
220.0000	80.0000	60.0000	0.576710800
230.0000	80.0000	60.0000	0.936622700
240.0000	80.0000	60.0000	0.901958470
250.0000	80.0000	60.0000	0.910291500
260.0000	80.0000	60.0000	0.550445850
270.0000	80.0000	60.0000	0.395451870
280.0000	80.0000	60.0000	0.305644100
290.0000	80.0000	60.0000	0.360213850
300.0000	80.0000	60.0000	0.754856800
310.0000	80.0000	60.0000	0.695406100
320.0000	80.0000	60.0000	0.306488480
330.0000	80.0000	60.0000	0.348308900
340.0000	80.0000	60.0000	0.572741800
350.0000	80.0000	60.0000	1.943978100
360.0000	80.0000	60.0000	1.000000000
0.0000	90.0000	60.0000	5.851688400
10.0000	90.0000	60.0000	1.956193200
20.0000	90.0000	60.0000	1.758597700
30.0000	90.0000	60.0000	0.853558660
40.0000	90.0000	60.0000	1.914155400
50.0000	90.0000	60.0000	0.947781000
60.0000	90.0000	60.0000	0.697928130
70.0000	90.0000	60.0000	1.543545200
80.0000	90.0000	60.0000	0.899917700
90.0000	90.0000	60.0000	0.593972000
100.0000	90.0000	60.0000	0.671920200
110.0000	90.0000	60.0000	0.400427130
120.0000	90.0000	60.0000	0.442152440
130.0000	90.0000	60.0000	0.544719900
140.0000	90.0000	60.0000	1.060895800
150.0000	90.0000	60.0000	2.025691300
160.0000	90.0000	60.0000	2.388761000
170.0000	90.0000	60.0000	1.907356600
180.0000	90.0000	60.0000	2.901160200
190.0000	90.0000	60.0000	4.491974000
200.0000	90.0000	60.0000	1.718893000
210.0000	90.0000	60.0000	0.916177870
220.0000	90.0000	60.0000	1.613741000
230.0000	90.0000	60.0000	1.190654600
240.0000	90.0000	60.0000	0.721849260
250.0000	90.0000	60.0000	2.470403700
260.0000	90.0000	60.0000	0.844153100
270.0000	90.0000	60.0000	0.745399600
280.0000	90.0000	60.0000	0.658744900
290.0000	90.0000	60.0000	0.407333250
300.0000	90.0000	60.0000	1.324287200
310.0000	90.0000	60.0000	1.809921600
320.0000	90.0000	60.0000	0.400843440
330.0000	90.0000	60.0000	0.496368260
340.0000	90.0000	60.0000	0.832684800
350.0000	90.0000	60.0000	2.081485000
360.0000	90.0000	60.0000	1.000000000
